Pedestrian 0.0 0 2.586902141571045 793.6778564453125 166.4276580810547 858.7793579101562 275.3769226074219 0.74240935 1.703955 0.7244094 3.451961 1.6038057 11.729727 2.8731138706207275 0.2746853530406952
Pedestrian 0.0 0 1.5692851543426514 674.8179321289062 171.51837158203125 683.8142700195312 195.05726623535156 0.7074835 1.7865491 0.680035 5.270541 1.6855352 55.144375 1.664572834968567 0.2569180727005005
Pedestrian 0.0 0 0.8351387977600098 1079.669189453125 151.96356201171875 1156.1204833984375 253.60751342773438 0.96297425 1.7635068 0.64996314 9.101861 1.4014186 13.034348 1.4447216987609863 0.2325017899274826
Pedestrian 0.0 0 1.5503202676773071 471.1120910644531 173.5091552734375 497.51837158203125 238.95005798339844 0.79118794 1.796848 0.71268666 -3.5855455 1.8160343 20.275364 1.375287413597107 0.21462878584861755
Pedestrian 0.0 0 1.3584409952163696 705.78076171875 172.25669860839844 723.4745483398438 213.22952270507812 0.96956635 1.8316795 0.6025725 4.7050095 1.8053353 32.75801 1.5010946989059448 0.2079593539237976
Pedestrian 0.0 0 1.5721402168273926 327.9085998535156 130.98902893066406 380.86370849609375 258.9118347167969 0.77088237 1.8612399 0.73495567 -3.941458 1.2524743 10.982047 1.2275587320327759 0.197471022605896
Pedestrian 0.0 0 1.7468096017837524 501.1015625 183.67315673828125 528.7351684570312 247.3089141845703 1.6545929 1.7209412 0.50492686 -2.750868 2.0432742 20.632504 1.6142643690109253 0.11655271798372269
Cyclist 0.0 0 -1.7685139179229736 690.1150512695312 175.74072265625 704.5400390625 208.8909149169922 1.7207227 1.7653583 0.45102814 4.7307305 1.9270589 39.449387 -1.6491649150848389 0.3595673441886902
Cyclist 0.0 0 1.7468096017837524 501.1015625 183.67315673828125 528.7351684570312 247.3089141845703 1.6545929 1.7209412 0.50492686 -2.750868 2.0432742 20.632504 1.6142643690109253 0.339997261762619
Cyclist 0.0 0 -2.367022752761841 1125.003662109375 167.01577758789062 1230.8271484375 269.9672546386719 1.6573505 1.784052 0.5007677 10.404754 1.6832391 13.355575 -1.7051830291748047 0.28101223707199097
Cyclist 0.0 0 1.7065832614898682 316.3727722167969 146.057373046875 374.00714111328125 279.6353454589844 1.7813171 1.8058282 0.5688166 -3.9377787 1.4439249 10.682692 1.353423833847046 0.21851006150245667
Cyclist 0.0 0 0.9978297352790833 1078.8704833984375 150.32891845703125 1156.1236572265625 254.1999969482422 1.0814023 1.7997828 0.6595029 9.100391 1.4098465 13.051589 1.606716513633728 0.15046542882919312
Car 0.0 0 1.5478637218475342 664.45751953125 185.4442901611328 696.367919921875 215.2040252685547 3.783928 1.4547352 1.6143347 3.7133052 2.1671526 38.859337 1.6431320905685425 0.6482529044151306
Car 0.0 0 2.3105411529541016 547.9209594726562 178.4306640625 593.3651123046875 198.2018585205078 3.7858298 1.5551121 1.6426964 -3.2585337 2.0334496 59.85547 2.256154775619507 0.5203633308410645
Car 0.0 0 1.6466580629348755 584.0462036132812 185.2989044189453 605.1346435546875 203.3013153076172 3.6796246 1.5014986 1.6171001 -1.3751181 2.649581 64.659515 1.6253942251205444 0.31967583298683167
Car 0.0 0 1.6087552309036255 494.5108337402344 163.01739501953125 537.7420654296875 202.16879272460938 3.9993565 1.5087551 1.6240683 -3.865959 1.1300454 29.86779 1.4800351858139038 0.21981260180473328
Car 0.0 0 1.6946355104446411 554.281494140625 186.78549194335938 582.3060913085938 208.45999145507812 3.8833442 1.4792931 1.6203337 -3.0999079 2.556785 53.793037 1.6370725631713867 0.2064398229122162
Car 0.0 0 -2.517753839492798 74.06310272216797 204.8330535888672 384.26739501953125 322.5773010253906 3.7707837 1.4439402 1.5835956 -5.469131 1.954972 10.468156 -2.9992029666900635 0.1992802619934082
