Pedestrian 0.0 0 2.779956340789795 780.6707153320312 173.98294067382812 803.1387329101562 213.795166015625 0.7787132 1.7198246 0.6317233 7.9088154 1.770106 31.545673 3.0256030559539795 0.4281611144542694
Pedestrian 0.0 0 0.13803178071975708 1074.9996337890625 87.22427368164062 1180.78369140625 270.69036865234375 0.860967 1.8754054 0.67287487 5.6228757 1.0004493 7.912964 0.7558300495147705 0.23817744851112366
Cyclist 0.0 0 1.3031530380249023 794.3653564453125 145.4388885498047 836.11962890625 216.9936065673828 1.8197879 1.7855173 0.58562475 5.3060837 1.1017814 18.913506 1.5766668319702148 0.3603319227695465
Car 0.0 0 -1.963179349899292 767.3526000976562 196.60682678222656 1134.6793212890625 375.0 3.9903588 1.4707338 1.5800375 2.716256 1.7654234 6.928501 -1.5895529985427856 0.9030913710594177
Car 0.0 0 -2.844256639480591 353.90509033203125 184.28173828125 452.5896911621094 222.61830139160156 3.5525951 1.4890275 1.5722151 -8.39545 1.9669216 29.329569 -3.123047113418579 0.8170202374458313
Car 0.0 0 1.3745083808898926 686.1370239257812 172.184326171875 729.3882446289062 201.3083953857422 4.2519026 1.6352185 1.7287644 5.688259 1.5979762 42.6859 1.506986379623413 0.7978087663650513
Car 0.0 0 -1.429190993309021 559.6207275390625 181.64952087402344 594.9099731445312 208.2229766845703 3.851632 1.5032613 1.6302986 -1.9901952 2.0659316 44.131004 -1.4742579460144043 0.44631898403167725
Car 0.0 0 1.4051718711853027 706.6909790039062 171.17120361328125 740.8900146484375 195.19720458984375 3.8436248 1.5367676 1.6320841 7.506983 1.429489 48.07924 1.5600589513778687 0.2676464915275574
Car 0.0 0 -1.844359278678894 668.6265869140625 175.19049072265625 705.3756103515625 198.27902221679688 3.8130796 1.5494825 1.5974692 5.35271 1.721003 50.841084 -1.7394626140594482 0.2606218755245209
Car 0.0 0 1.1539770364761353 711.596923828125 174.20455932617188 753.2991333007812 194.74156188964844 3.9119089 1.4441191 1.570348 8.934942 1.547781 53.098507 1.3206863403320312 0.23138439655303955
