Car 0.0 0 -1.0659279823303223 114.4588851928711 185.434814453125 298.86260986328125 268.42120361328125 3.9111443 1.4939904 1.6275891 -8.1186495 1.5002648 14.908611 -1.56458580493927 0.9431521892547607
Car 0.0 0 -1.237215280532837 271.4237060546875 192.9470977783203 458.1636962890625 305.401611328125 3.8561232 1.4554553 1.6163467 -3.6957364 1.6013906 11.51382 -1.547809362411499 0.9341861009597778
Car 0.0 0 -1.7110539674758911 656.8987426757812 181.42709350585938 722.1965942382812 226.8496551513672 4.28158 1.4457035 1.6534351 2.7134657 1.326252 25.042273 -1.6031196117401123 0.9180617928504944
Car 0.0 0 -1.7509831190109253 715.2504272460938 194.28646850585938 837.0091552734375 287.1719970703125 3.3787851 1.4107872 1.5117759 2.8425176 1.5972039 12.964794 -1.535149335861206 0.9138338565826416
Car 0.0 0 -1.410301923751831 448.3590393066406 183.4346923828125 516.7177124023438 233.75302124023438 3.3306086 1.4608885 1.5980768 -3.8896484 1.4103118 22.54022 -1.5811837911605835 0.8919660449028015
Car 0.0 0 -1.2718372344970703 386.3603210449219 180.0574493408203 449.89349365234375 214.60598754882812 3.992378 1.4307675 1.6110531 -8.336701 1.2182795 31.795023 -1.5282663106918335 0.8542677760124207
Car 0.0 0 -1.354935646057129 479.46563720703125 181.03895568847656 539.359375 220.3790283203125 4.1967144 1.5507858 1.6543115 -4.123744 1.3872699 30.492205 -1.4893593788146973 0.7523459792137146
Car 0.0 0 -1.5017269849777222 586.251708984375 176.59356689453125 615.4476318359375 199.54928588867188 4.1015964 1.4876775 1.6997817 -0.44898808 0.9300394 48.680622 -1.5109498500823975 0.5648472905158997
Car 0.0 0 -1.8101744651794434 626.4892578125 179.3704071044922 663.613037109375 201.3754119873047 4.0179424 1.4398333 1.6213048 2.482129 1.0584961 49.15796 -1.7597243785858154 0.5557644963264465
Car 0.0 0 -1.376715064048767 437.1822814941406 178.42337036132812 476.3419494628906 203.6145782470703 3.589277 1.4019969 1.5674324 -8.760466 1.0251068 41.807854 -1.5832676887512207 0.42200979590415955
Car 0.0 0 2.1740355491638184 273.111572265625 189.60401916503906 395.2046203613281 242.8833465576172 3.8279507 1.4438331 1.5697033 -8.222756 1.5909325 21.860607 1.8142614364624023 0.41756805777549744
