Pedestrian 0.0 0 2.723125457763672 667.8017578125 180.01951599121094 699.1205444335938 231.78062438964844 0.872289 1.736685 0.653081 2.7747352 1.6880927 24.54164 2.835709810256958 0.6612085103988647
Pedestrian 0.0 0 1.6716948747634888 625.562744140625 177.25894165039062 642.86474609375 220.8980712890625 0.7749702 1.7406563 0.6261686 1.3136784 1.5724943 29.078909 1.7168405055999756 0.638252317905426
Pedestrian 0.0 0 1.1465578079223633 379.52911376953125 171.44346618652344 427.5528564453125 269.287841796875 0.635333 1.5828102 0.5633656 -3.362544 1.4214193 12.042145 0.8742620944976807 0.6314818263053894
Pedestrian 0.0 0 1.9819073677062988 974.3092041015625 170.92526245117188 1076.6468505859375 336.3600769042969 0.73696667 1.5742712 0.66057396 4.2683682 1.4750159 7.3171673 2.509984016418457 0.5926430225372314
Pedestrian 0.0 0 -2.084562301635742 343.5827941894531 190.3902587890625 392.7609558105469 274.8263244628906 0.71226656 1.6054823 0.6622835 -4.6646833 1.7890214 14.242557 -2.401069164276123 0.5676506757736206
Pedestrian 0.0 0 0.6993240714073181 569.208740234375 177.60345458984375 597.837646484375 225.078125 0.8604156 1.7809156 0.67792225 -0.70504516 1.6357758 27.477558 0.673670768737793 0.5203689932823181
Pedestrian 0.0 0 1.5758577585220337 620.7754516601562 177.97686767578125 632.0067749023438 208.78298950195312 0.7473533 1.7130672 0.6243451 1.4013739 1.5179639 40.328396 1.6105928421020508 0.5198487043380737
Pedestrian 0.0 0 1.7658569812774658 227.13319396972656 128.48959350585938 343.7003173828125 334.60186767578125 0.86443275 1.8102026 0.86476725 -3.0105472 1.3460157 6.8225594 1.3502919673919678 0.5185052156448364
Pedestrian 0.0 0 -2.0054311752319336 633.8214721679688 177.47821044921875 648.6197509765625 208.6411590576172 0.71116257 1.7421722 0.5897874 2.245632 1.5181407 40.59559 -1.9501703977584839 0.49093520641326904
Pedestrian 0.0 0 2.7728824615478516 513.2676391601562 181.85972595214844 538.7053833007812 237.17308044433594 0.600863 1.587621 0.49325442 -2.2341545 1.5994327 20.976435 2.6667747497558594 0.4879293441772461
Pedestrian 0.0 0 1.0272072553634644 650.6693115234375 173.34010314941406 665.0938720703125 202.0665740966797 0.69352376 1.7698443 0.6260571 3.5166984 1.2678485 44.704487 1.1057109832763672 0.43003302812576294
Pedestrian 0.0 0 1.5550742149353027 587.8236694335938 182.98777770996094 602.7119750976562 222.88124084472656 0.80661374 1.6731385 0.6192788 -0.28179967 1.7382646 30.565773 1.5458550453186035 0.3754783272743225
Pedestrian 0.0 0 2.307405948638916 708.2706298828125 168.2727508544922 723.4901733398438 199.0347137451172 0.6862462 1.8132873 0.58613366 6.819084 1.0343671 42.783524 2.4654622077941895 0.36075589060783386
Pedestrian 0.0 0 1.6575907468795776 645.4944458007812 177.7664031982422 656.0059204101562 202.7736053466797 0.81558496 1.7863051 0.68838876 3.572152 1.520225 51.765476 1.7264879941940308 0.30269041657447815
Pedestrian 0.0 0 2.744063138961792 655.5921630859375 175.02810668945312 688.8692626953125 208.03753662109375 1.7062128 1.7943888 0.6531668 3.9005084 1.4434036 39.60967 2.8422203063964844 0.20412972569465637
Pedestrian 0.0 0 1.882005214691162 403.7463073730469 174.0684051513672 445.6810607910156 247.87623596191406 1.5241714 1.7852434 0.59392345 -4.478322 1.6066843 18.153095 1.6401373147964478 0.14259453117847443
Cyclist 0.0 0 3.0577569007873535 537.4489135742188 164.45396423339844 575.3992919921875 201.49842834472656 1.8054677 1.7881501 0.61489236 -2.213216 0.96623236 35.107872 2.994799852371216 0.603726327419281
Cyclist 0.0 0 -0.44240841269493103 653.2102661132812 175.56520080566406 685.5369262695312 208.45135498046875 1.6429183 1.784734 0.6738329 3.7405367 1.4634795 39.578445 -0.3481788635253906 0.41277074813842773
Cyclist 0.0 0 1.882005214691162 403.7463073730469 174.0684051513672 445.6810607910156 247.87623596191406 1.5241714 1.7852434 0.59392345 -4.478322 1.6066843 18.153095 1.6401373147964478 0.3284488022327423
Cyclist 0.0 0 0.0933304876089096 567.5842895507812 175.94070434570312 595.9627685546875 224.27035522460938 1.0278859 1.8222786 0.66241467 -0.7652435 1.6136938 27.446463 0.06545639038085938 0.14169734716415405
Cyclist 0.0 0 -1.335185170173645 645.2244873046875 178.365966796875 657.6272583007812 202.73046875 0.80801946 1.7427126 0.7255144 3.6282365 1.5191619 51.87191 -1.2653528451919556 0.10221490263938904
Car 0.0 0 -1.73653244972229 728.851806640625 133.773681640625 894.5230712890625 267.0467529296875 4.607099 1.7391675 1.752717 3.1224546 1.1176857 11.747086 -1.4767329692840576 0.4386524260044098
Car 0.0 0 -1.9974926710128784 628.5264892578125 177.12733459472656 675.0460205078125 200.9074249267578 3.7159917 1.4902092 1.6419686 3.2591348 1.2169157 47.040558 -1.9283196926116943 0.34928467869758606
Car 0.0 0 1.9646766185760498 90.4364013671875 186.22023010253906 193.83642578125 231.3237762451172 4.1911955 1.448652 1.6308135 -16.318949 1.6332606 25.733147 1.3995169401168823 0.29147446155548096
Car 0.0 0 0.896941065788269 671.6080322265625 183.87173461914062 735.3046875 210.99368286132812 3.8055987 1.4589014 1.5627123 5.772168 1.601847 41.026672 1.0367166996002197 0.28703242540359497
