Pedestrian 0.0 0 1.5750768184661865 1105.10302734375 161.0816650390625 1126.7789306640625 210.4359588623047 0.6194167 1.8242316 0.66048 18.966446 1.3894614 27.11018 2.1855382919311523 0.6056036353111267
Pedestrian 0.0 0 1.3877413272857666 869.4639892578125 134.86732482910156 909.677734375 215.83230590820312 0.81698173 1.8816326 0.75724256 6.6171994 0.99917734 17.236567 1.7542959451675415 0.31485146284103394
Pedestrian 0.0 0 0.5349462032318115 931.3623657226562 115.72137451171875 991.8126831054688 187.208740234375 1.2743137 1.7393087 0.54181874 8.8212595 0.34961313 18.233248 0.9855506420135498 0.3012293875217438
Pedestrian 0.0 0 1.3312194347381592 645.4635620117188 175.22935485839844 663.231689453125 208.0419464111328 1.6784713 1.7387333 0.5800713 2.3663025 1.8711574 39.235996 1.3914560079574585 0.17295634746551514
Cyclist 0.0 0 1.3303754329681396 645.6602172851562 176.12445068359375 663.6389770507812 208.87351989746094 1.6918565 1.732379 0.5869846 2.3819818 1.9145603 39.227043 1.391023874282837 0.5359556078910828
Cyclist 0.0 0 0.5501412153244019 928.3240966796875 116.25132751464844 996.734130859375 188.07180786132812 1.4825447 1.7412289 0.55644846 8.853924 0.36930135 18.26468 1.0015199184417725 0.4703300893306732
Car 0.0 0 -2.1948328018188477 597.0283813476562 179.21768188476562 658.4827270507812 208.13287353515625 3.683833 1.5053214 1.5789871 0.9131725 1.8792706 40.39095 -2.1722283363342285 0.5559967160224915
Car 0.0 0 -1.5407456159591675 581.02880859375 179.71778869628906 607.8929443359375 203.98414611816406 3.894734 1.4993007 1.6589956 -1.0206268 1.971441 47.63769 -1.5621671676635742 0.46475303173065186
Car 0.0 0 -0.05894279479980469 1068.7652587890625 162.8321075439453 1139.718017578125 184.5753173828125 4.142667 1.520178 1.6458578 35.653015 0.81985366 52.214607 0.5401575565338135 0.42920541763305664
Car 0.0 0 1.257247805595398 657.8775024414062 178.9604034423828 692.1340942382812 200.1802520751953 3.71752 1.5454041 1.5564705 4.9513483 2.0337567 55.673763 1.3459495306015015 0.4180401563644409
Car 0.0 0 -1.6848478317260742 652.986572265625 168.5862274169922 678.1384887695312 186.89564514160156 4.1614923 1.4921438 1.6479536 4.6323166 1.1446953 60.910275 -1.6089425086975098 0.3768549859523773
Car 0.0 0 1.895166039466858 671.7924194335938 174.6817626953125 711.1573486328125 197.5587921142578 3.8056753 1.5092258 1.5806437 5.6531687 1.6414249 49.9854 2.007783889770508 0.34765034914016724
Car 0.0 0 1.7448859214782715 429.6086120605469 186.6233673095703 477.2288513183594 221.15237426757812 3.8262582 1.4748144 1.5738525 -7.4204235 2.1669881 34.307217 1.5318738222122192 0.2958230674266815
Car 0.0 0 1.7078850269317627 371.7959289550781 191.31768798828125 402.23876953125 214.71299743652344 3.4621303 1.4688542 1.5599208 -15.452086 2.7964146 50.02828 1.408313274383545 0.2622177302837372
