Pedestrian 0.0 0 2.563040018081665 777.4137573242188 173.70870971679688 804.6484985351562 222.7672119140625 0.7185012 1.7007533 0.6017892 6.332917 1.7317113 25.427576 2.807131052017212 0.45805835723876953
Pedestrian 0.0 0 1.2717829942703247 683.933349609375 170.27281188964844 694.8162841796875 191.4300537109375 0.8628575 1.8548303 0.73347867 6.989334 1.628898 63.74653 1.3809893131256104 0.2701265513896942
Pedestrian 0.0 0 -2.279480457305908 732.1771850585938 160.47274780273438 759.8629760742188 196.07431030273438 1.475055 1.7789477 0.56284684 6.896714 1.1606362 36.83068 -2.094369649887085 0.2501491904258728
Pedestrian 0.0 0 2.273439884185791 748.3026123046875 151.32701110839844 771.0808715820312 195.55255126953125 0.7368937 1.903566 0.65374064 6.5025387 0.9773543 31.53842 2.476768970489502 0.23979152739048004
Pedestrian 0.0 0 -3.100156545639038 733.6173706054688 169.02557373046875 748.4680786132812 202.3425750732422 0.7580152 1.7645482 0.59956235 6.9743814 1.562143 38.586952 -2.921342611312866 0.19958722591400146
Pedestrian 0.0 0 2.1520462036132812 1193.5853271484375 119.15110778808594 1242.0 215.74205017089844 0.9305051 1.8212237 0.62045175 11.967578 0.8090126 14.029769 2.8582870960235596 0.19891253113746643
Pedestrian 0.0 0 1.1161706447601318 884.94775390625 158.76480102539062 923.6846923828125 226.88104248046875 0.79520947 1.7322124 0.6480535 7.597133 1.3742791 18.765413 1.5008490085601807 0.16283667087554932
Cyclist 0.0 0 -2.2656586170196533 732.08740234375 160.12783813476562 758.8485717773438 195.97061157226562 1.4157807 1.7929547 0.56669474 6.8722057 1.1567147 36.84664 -2.081268787384033 0.3378162384033203
Cyclist 0.0 0 3.1274187564849854 598.3033447265625 177.8409881591797 622.2967529296875 200.86412048339844 1.8920355 1.8105206 0.60384583 -0.005522617 2.208354 57.190445 3.127322196960449 0.3048604428768158
Cyclist 0.0 0 0.7284767031669617 854.754150390625 134.6912841796875 891.99560546875 180.2122802734375 1.3827546 1.7602568 0.53357947 10.398042 0.2848961 28.633709 1.0768091678619385 0.22090470790863037
Cyclist 0.0 0 2.192789077758789 1191.277099609375 120.31290435791016 1242.0 218.06871032714844 1.1438878 1.841104 0.5990242 11.991937 0.85191846 14.013843 2.90059494972229 0.12109588086605072
Car 0.0 0 1.5538554191589355 548.7366943359375 188.74620056152344 573.8311767578125 211.59548950195312 4.262453 1.4414567 1.6818116 -3.4921973 2.6083481 50.76489 1.4851720333099365 0.30938783288002014
Car 0.0 0 1.755507469177246 511.72216796875 179.59410095214844 537.8088989257812 198.21710205078125 4.1004176 1.6121988 1.6492552 -7.7901387 2.2495084 66.0829 1.638164758682251 0.28545936942100525
Car 0.0 0 -1.539111852645874 598.3390502929688 179.42857360839844 619.4263305664062 198.4288787841797 3.6725967 1.4655893 1.6050485 -0.08852318 2.018692 58.79971 -1.5406173467636108 0.24171258509159088
Car 0.0 0 1.6060142517089844 704.4176635742188 174.01336669921875 725.65966796875 192.12608337402344 3.9183662 1.4666809 1.6352484 8.849559 1.568009 60.763214 1.7506375312805176 0.16360817849636078
Car 0.0 0 1.8776456117630005 512.9321899414062 179.58006286621094 546.9080810546875 199.54234313964844 4.2852716 1.6112032 1.6885846 -6.86084 2.2109263 62.027836 1.7674843072891235 0.15951447188854218
Car 0.0 0 1.7567229270935059 482.8668212890625 179.37106323242188 515.6077880859375 201.13601684570312 4.0826674 1.4905201 1.639288 -8.074877 1.9857256 52.716454 1.6047286987304688 0.15256093442440033
