Pedestrian 0.0 0 2.4451396465301514 785.2260131835938 163.48004150390625 865.3453979492188 282.17962646484375 0.8671794 1.7281665 0.7859259 3.3698227 1.4671227 10.986241 2.742760419845581 0.697191059589386
Pedestrian 0.0 0 1.5816689729690552 865.5103759765625 165.0538787841797 899.4927368164062 238.22970581054688 0.6295532 1.7697401 0.77133304 6.933545 1.3731889 17.806053 1.9529976844787598 0.528647243976593
Pedestrian 0.0 0 3.4317150115966797 75.91824340820312 145.1121368408203 157.6632080078125 317.491943359375 0.56103414 1.7269473 0.62771785 -5.1411204 1.3637713 7.5776415 2.835592746734619 0.3582426905632019
Pedestrian 0.0 0 1.0727418661117554 700.4862060546875 158.30670166015625 730.6578979492188 224.47415161132812 0.6274664 1.7583588 0.5774914 3.0599036 1.1431768 19.479132 1.2285548448562622 0.3202183246612549
Pedestrian 0.0 0 1.6260535717010498 0.0 185.8074951171875 86.7000503540039 374.0 0.7054151 1.6393273 0.64633334 -5.136634 1.6827458 6.535242 0.959913969039917 0.31934070587158203
Pedestrian 0.0 0 1.521085500717163 448.0332946777344 131.33656311035156 474.92236328125 201.05694580078125 0.746345 1.8756448 0.6880828 -3.8881314 0.5272901 19.767532 1.3268719911575317 0.2943919599056244
Pedestrian 0.0 0 1.4380712509155273 520.727294921875 156.6094512939453 534.8707885742188 191.68582153320312 0.8699483 1.9579681 0.6850478 -4.1659403 0.5693828 40.597725 1.3358139991760254 0.2928970456123352
Pedestrian 0.0 0 3.065352439880371 524.9109497070312 161.2543487548828 548.395263671875 189.12472534179688 1.4483844 1.7567741 0.5593801 -4.114935 0.4813352 45.672287 2.9754979610443115 0.2825091481208801
Pedestrian 0.0 0 -2.1775312423706055 146.18460083007812 186.53916931152344 246.2230224609375 338.0531921386719 0.74898905 1.7037379 0.751437 -4.8928576 1.7689949 8.608835 -2.6943557262420654 0.2786741554737091
Pedestrian 0.0 0 0.6209845542907715 355.7938232421875 141.00379943847656 391.53857421875 202.4097442626953 0.82844955 1.8436809 0.63620234 -6.9984145 0.6289275 21.995178 0.31293392181396484 0.25984475016593933
Pedestrian 0.0 0 -2.132826566696167 917.1109619140625 148.6359100341797 1001.820556640625 275.29931640625 1.2096432 1.8114254 0.5919875 5.3579984 1.3427479 10.902936 -1.6760607957839966 0.20114506781101227
Pedestrian 0.0 0 0.28100717067718506 663.784912109375 155.00048828125 684.1807250976562 184.08258056640625 1.1853769 1.8294135 0.5447201 4.618631 0.16317883 45.657974 0.3818213939666748 0.15268144011497498
Pedestrian 0.0 0 0.25623390078544617 470.7477111816406 136.20526123046875 510.962890625 185.08712768554688 1.4169154 1.842154 0.58429027 -4.2369614 0.13621385 27.431871 0.10299086570739746 0.14281941950321198
Pedestrian 0.0 0 1.8313555717468262 301.68218994140625 151.57162475585938 391.99053955078125 315.1156005859375 1.7696446 1.7299331 0.572081 -3.004251 1.4147176 8.500449 1.4916348457336426 0.1389169692993164
Pedestrian 0.0 0 0.8696070313453674 669.088134765625 151.72950744628906 692.3826904296875 182.94671630859375 1.4052261 1.7577578 0.5491093 4.539705 0.08226353 41.181267 0.9794008731842041 0.1280866414308548
Cyclist 0.0 0 1.7990919351577759 300.9117431640625 155.80934143066406 382.1201171875 317.1617126464844 1.7324089 1.6776512 0.5119877 -3.021944 1.411897 8.356651 1.452101707458496 0.8722997903823853
Cyclist 0.0 0 1.840474247932434 410.5729675292969 167.99630737304688 481.300048828125 294.8852844238281 1.7418072 1.8219925 0.6397471 -2.4264555 1.6294079 11.199446 1.6271133422851562 0.7995826601982117
Cyclist 0.0 0 3.068352460861206 523.9215698242188 160.9557647705078 548.95703125 188.9964141845703 1.5492663 1.767498 0.54480344 -4.1283746 0.47324517 45.67127 2.9782042503356934 0.38414639234542847
Cyclist 0.0 0 0.25623390078544617 470.7477111816406 136.20526123046875 510.962890625 185.08712768554688 1.4169154 1.842154 0.58429027 -4.2369614 0.13621385 27.431871 0.10299086570739746 0.3046860098838806
Cyclist 0.0 0 0.8908705711364746 669.2651977539062 151.817138671875 693.5648193359375 183.25743103027344 1.5156533 1.7687614 0.55375385 4.579133 0.09967181 41.19689 1.0015685558319092 0.2951573431491852
Cyclist 0.0 0 1.12216055393219 665.5979614257812 155.3540496826172 682.2584838867188 183.86679077148438 1.2441475 1.7855821 0.56910986 4.6096926 0.14894322 45.66422 1.2227673530578613 0.29366010427474976
Cyclist 0.0 0 -2.0845000743865967 914.9223022460938 146.7501678466797 997.9255981445312 272.1553039550781 1.3033732 1.8078687 0.568185 5.3672442 1.3082209 11.020735 -1.6312958002090454 0.27904656529426575
Cyclist 0.0 0 1.4036178588867188 600.6810302734375 158.0017547607422 612.0931396484375 183.1087188720703 1.4851019 1.7801167 0.58073807 0.3665498 0.114684075 51.707645 1.410706639289856 0.2552810609340668
Cyclist 0.0 0 0.6209845542907715 355.7938232421875 141.00379943847656 391.53857421875 202.4097442626953 0.82844955 1.8436809 0.63620234 -6.9984145 0.6289275 21.995178 0.31293392181396484 0.12238596379756927
Cyclist 0.0 0 -0.5872143507003784 860.0283203125 164.7925262451172 906.8077392578125 238.9834747314453 0.81719935 1.7933483 0.7179835 6.9456024 1.3906891 17.798975 -0.21516314148902893 0.117486372590065
Car 0.0 0 -1.2482967376708984 562.3714599609375 159.82862854003906 608.845458984375 185.27053833007812 4.225553 1.5521841 1.7321419 -0.951398 0.23078218 46.096973 -1.268932819366455 0.4950656294822693
Car 0.0 0 0.8472907543182373 898.5668334960938 166.53231811523438 1005.7718505859375 207.7677001953125 3.7561843 1.447583 1.5398295 13.157552 0.92319787 27.23101 1.2973941564559937 0.32156550884246826
Car 0.0 0 -0.32087117433547974 859.302490234375 173.09237670898438 1045.8533935546875 238.28970336914062 3.8872054 1.5434068 1.6551955 8.661617 1.3455753 18.067993 0.12615299224853516 0.31671059131622314
Car 0.0 0 1.3472644090652466 1145.0390625 179.3858642578125 1238.0 283.5235595703125 4.0522814 1.4351959 1.6017498 10.477688 1.4073807 12.061489 2.062509059906006 0.2838220000267029
Car 0.0 0 -1.9370203018188477 851.430419921875 166.93649291992188 1005.2505493164062 249.28353881835938 3.7937202 1.5136611 1.6574143 6.644363 1.2472275 15.135475 -1.5233577489852905 0.26137256622314453
