Car 0.0 0 -1.8135895729064941 767.8418579101562 200.17701721191406 950.7109375 328.91748046875 4.1318154 1.4168719 1.578677 3.4619572 1.9118239 10.946495 -1.5072813034057617 0.9321460723876953
Car 0.0 0 1.810624599456787 344.67047119140625 187.64353942871094 497.64495849609375 299.7018127441406 3.7892513 1.5148458 1.6031789 -3.0320249 1.8032286 12.150752 1.566084623336792 0.8996730446815491
Car 0.0 0 1.691454529762268 502.9363708496094 180.40708923339844 556.5154418945312 220.5996551513672 3.7769296 1.4369154 1.6527493 -3.1329942 1.754488 28.403133 1.5815941095352173 0.8719080090522766
Car 0.0 0 -1.8045015335083008 683.9829711914062 186.83474731445312 759.6514282226562 242.5998992919922 3.5204763 1.5629529 1.5876921 3.4235837 2.04345 22.955217 -1.6564509868621826 0.8688331246376038
Car 0.0 0 0.9063732028007507 897.8394775390625 219.45059204101562 1242.0 375.0 4.08168 1.4369894 1.620719 3.7091618 1.9060032 5.1804647 1.5277503728866577 0.833210825920105
Car 0.0 0 -1.733101725578308 664.9300537109375 182.97872924804688 724.687255859375 227.55824279785156 4.0215783 1.5188174 1.6196098 3.1150672 1.9346716 27.559025 -1.6205469369888306 0.829664945602417
Car 0.0 0 -1.8605120182037354 722.1474609375 196.85951232910156 835.5614624023438 275.6921691894531 3.329615 1.4527197 1.5398483 3.5809906 2.0442913 16.052723 -1.641028881072998 0.8097652792930603
Car 0.0 0 1.876965045928955 103.12081146240234 168.23667907714844 448.11181640625 375.0 3.9826548 1.5694126 1.6717547 -2.7323718 1.5391544 6.829525 1.4963877201080322 0.6747943758964539
Car 0.0 0 -1.6886606216430664 657.1138916015625 183.49868774414062 702.4966430664062 218.5263671875 3.9414818 1.4566286 1.612916 3.11146 1.976201 33.201706 -1.5952197313308716 0.6077668070793152
Car 0.0 0 1.710716724395752 517.9794311523438 182.13406372070312 562.4010620117188 215.53900146484375 3.8213048 1.4478881 1.5846437 -3.299552 1.9143625 34.294807 1.6148005723953247 0.49019894003868103
