Pedestrian 0.0 0 1.4913640022277832 747.6636962890625 128.945556640625 790.3555908203125 228.1090545654297 0.8502051 1.8362015 0.72990096 2.9825876 1.0235105 13.827649 1.7038066387176514 0.5115824937820435
Pedestrian 0.0 0 -1.152130126953125 211.75929260253906 178.78604125976562 278.512939453125 293.9365234375 0.6906735 1.7171422 0.70261955 -5.679722 1.8122392 11.157555 -1.622989296913147 0.4626855254173279
Pedestrian 0.0 0 -2.0955846309661865 675.0740356445312 169.26368713378906 689.2655639648438 196.86964416503906 0.7496541 1.7982255 0.63900745 4.7155013 1.5647132 47.47085 -1.996574878692627 0.3025921881198883
Pedestrian 0.0 0 1.962714433670044 128.86355590820312 140.32192993164062 204.62100219726562 252.3490447998047 1.5882466 1.7503601 0.516573 -7.4416623 1.2424228 12.095951 1.4111793041229248 0.10748522728681564
Cyclist 0.0 0 1.974078893661499 126.55159759521484 138.3450927734375 207.6184539794922 253.94546508789062 1.6976022 1.7993957 0.537826 -7.436972 1.2625997 12.107575 1.4232536554336548 0.5678372383117676
Car 0.0 0 -1.279826283454895 337.8265380859375 183.4386444091797 468.28057861328125 272.3608093261719 4.0796175 1.6462536 1.6383 -4.4283047 1.910047 15.899948 -1.5514533519744873 0.9195176959037781
Car 0.0 0 -1.0338444709777832 0.0 211.65423583984375 333.4544372558594 375.0 3.6847875 1.4845021 1.5657121 -4.170621 1.9545462 6.8831987 -1.578600525856018 0.9034857749938965
Car 0.0 0 -1.781016230583191 730.0526733398438 190.7812957763672 888.3810424804688 311.03399658203125 3.3867328 1.4093394 1.5233294 2.7095196 1.7180781 10.687839 -1.5327327251434326 0.903321385383606
Car 0.0 0 1.7677916288375854 464.57318115234375 185.4405517578125 521.8289794921875 224.56625366210938 3.8236058 1.4455557 1.619644 -4.798649 2.000438 29.845114 1.6083710193634033 0.8632622957229614
Car 0.0 0 -1.7305744886398315 658.2142333984375 180.2809600830078 715.4425048828125 223.0386505126953 3.5658617 1.4183751 1.5176594 2.6976733 1.7091722 26.389858 -1.6287044286727905 0.8388404846191406
Car 0.0 0 1.6728986501693726 515.2767333984375 183.02984619140625 545.7040405273438 208.19845581054688 3.6951845 1.4680598 1.5377282 -5.0001035 2.1353736 45.435757 1.5632919073104858 0.3957180380821228
Car 0.0 0 -1.5899481773376465 547.5697631835938 184.29762268066406 567.0634765625 201.65892028808594 4.0948834 1.4354646 1.6561797 -4.760947 2.4933305 64.55937 -1.663560152053833 0.35950374603271484
Car 0.0 0 1.3269637823104858 725.1093139648438 169.45346069335938 787.8405151367188 206.63723754882812 4.396858 1.5160213 1.666507 6.2915144 1.3777354 31.650679 1.5231857299804688 0.34913870692253113
