Pedestrian 0.0 0 1.5613698959350586 13.405475616455078 106.72098541259766 91.75151824951172 298.11883544921875 0.9899945 1.8432988 0.6137575 -5.869157 1.2067482 7.5246134 0.89894700050354 0.3384084105491638
Pedestrian 0.0 0 2.4297525882720947 754.9737548828125 130.40560913085938 791.4976196289062 213.78439331054688 0.55463123 1.7595298 0.53530115 3.474783 0.8641058 15.590724 2.649043560028076 0.31987032294273376
Car 0.0 0 -1.7396711111068726 685.4391479492188 180.43663024902344 765.677734375 236.98544311523438 3.8400385 1.3961978 1.5742083 3.0924 1.6298581 20.26408 -1.5882344245910645 0.936248242855072
Car 0.0 0 2.1244075298309326 101.72037506103516 193.73568725585938 366.5074157714844 322.1969299316406 4.214616 1.5097567 1.6769251 -5.603568 1.9020617 11.362808 1.666254997253418 0.9232791662216187
Car 0.0 0 -1.9128365516662598 738.3560791015625 183.5362548828125 928.618896484375 297.8585510253906 3.9734333 1.4485117 1.5909178 3.2725093 1.6501007 11.554604 -1.6368433237075806 0.8953516483306885
Car 0.0 0 0.9503976702690125 848.3331298828125 193.1077117919922 1242.0 375.0 3.593379 1.4662296 1.5462943 3.3738992 1.6822383 5.8179603 1.4759148359298706 0.8836809992790222
Car 0.0 0 1.8325903415679932 420.0293273925781 184.82632446289062 489.79339599609375 228.23947143554688 3.7438862 1.4121002 1.5806774 -5.6369333 1.8827577 26.430593 1.6224653720855713 0.8602296113967896
Car 0.0 0 1.7433422803878784 456.9471740722656 181.2078094482422 506.3244323730469 220.11537170410156 3.5833304 1.5551054 1.5233351 -5.5660834 1.9398148 31.400726 1.5679049491882324 0.7768698930740356
Car 0.0 0 -1.7944525480270386 670.2822265625 176.33367919921875 737.9456176757812 222.53500366210938 3.6349514 1.4975748 1.592771 3.2084892 1.6302967 25.55667 -1.6695618629455566 0.6175046563148499
Car 0.0 0 1.95565927028656 463.64495849609375 179.58824157714844 521.9961547851562 211.95924377441406 3.625701 1.4897608 1.6288964 -5.814667 1.8439804 35.962948 1.7953615188598633 0.34067028760910034
