Pedestrian 0.0 0 1.776580572128296 412.0282897949219 162.12460327148438 513.7698364257812 370.0 0.66693074 1.5849767 0.64838886 -1.1225964 1.4540159 5.434163 1.5728648900985718 0.8282504081726074
Pedestrian 0.0 0 2.0103960037231445 54.77228927612305 193.52880859375 96.51083374023438 257.3591613769531 0.79549086 1.7818191 0.69177306 -15.281833 2.1674728 20.379269 1.3669772148132324 0.4375467598438263
Pedestrian 0.0 0 1.1183648109436035 835.3526000976562 178.0015106201172 877.079833984375 246.75401306152344 0.86695963 1.6928313 0.6817304 6.303396 1.6329104 17.873327 1.4574167728424072 0.28976666927337646
Pedestrian 0.0 0 0.059912458062171936 555.8012084960938 156.83497619628906 592.156005859375 227.11441040039062 0.88025445 1.7376502 0.62596244 -0.8104616 1.154132 17.796013 0.014402151107788086 0.21982522308826447
Pedestrian 0.0 0 -0.198492169380188 749.6201171875 127.96797180175781 817.2479858398438 239.8337860107422 1.0302349 1.8970697 0.6702896 3.054674 1.0078565 12.343009 0.044115304946899414 0.20639245212078094
Pedestrian 0.0 0 1.34860360622406 843.8046875 147.8594207763672 901.8519897460938 256.84185791015625 1.6976616 1.7523562 0.5694811 4.5589147 1.2291738 12.243152 1.705061674118042 0.17091083526611328
Pedestrian 0.0 0 2.4998738765716553 990.6129150390625 145.604248046875 1093.3948974609375 258.9129943847656 1.3452632 1.8155152 0.61726844 7.1669564 1.2580445 11.692903 3.049748182296753 0.1704902946949005
Pedestrian 0.0 0 0.6813821792602539 1137.8785400390625 156.30743408203125 1224.0 263.64892578125 1.5273182 1.7301831 0.5178312 10.078449 1.341889 12.191323 1.3721871376037598 0.13619516789913177
Cyclist 0.0 0 1.34860360622406 843.8046875 147.8594207763672 901.8519897460938 256.84185791015625 1.6976616 1.7523562 0.5694811 4.5589147 1.2291738 12.243152 1.705061674118042 0.27345386147499084
Cyclist 0.0 0 -0.2678476572036743 787.3799438476562 174.45822143554688 891.0035400390625 267.1676025390625 1.865059 1.7939574 0.56413937 4.573605 1.6786793 14.003006 0.04784512519836426 0.2574090361595154
Cyclist 0.0 0 0.6586551666259766 1129.9764404296875 155.13511657714844 1224.0 265.04266357421875 1.6860131 1.7654138 0.5240661 10.052417 1.3596389 12.232321 1.3465430736541748 0.23590685427188873
Cyclist 0.0 0 2.4998738765716553 990.6129150390625 145.604248046875 1093.3948974609375 258.9129943847656 1.3452632 1.8155152 0.61726844 7.1669564 1.2580445 11.692903 3.049748182296753 0.20698074996471405
Cyclist 0.0 0 0.875970184803009 220.82919311523438 162.60995483398438 315.3272705078125 257.25885009765625 1.8427514 1.757586 0.6269101 -6.623738 1.4270136 13.79237 0.4282498359680176 0.19150978326797485
Cyclist 0.0 0 1.1700589656829834 835.1992797851562 176.04110717773438 877.2223510742188 246.47036743164062 1.0380301 1.720236 0.6400882 6.274776 1.6129261 17.802523 1.5089285373687744 0.11109264940023422
Car 0.0 0 1.9824784994125366 476.1278991699219 151.0574951171875 585.19189453125 209.52023315429688 4.069228 1.5446099 1.707963 -2.0993898 0.7683121 20.873983 1.882241129875183 0.34479206800460815
Car 0.0 0 1.1270896196365356 579.6593627929688 179.74349975585938 623.5388793945312 200.57626342773438 3.9350312 1.429561 1.6026119 -0.28243387 1.3789575 50.633614 1.121511697769165 0.32400915026664734
Car 0.0 0 2.346700668334961 0.0 197.4140625 125.15042114257812 248.27088928222656 4.0186176 1.4853506 1.6713024 -18.755592 2.1142316 24.128466 1.6859413385391235 0.2724616527557373
Car 0.0 0 1.354511022567749 575.4838256835938 175.37355041503906 629.8197631835938 210.65109252929688 3.9070148 1.4540783 1.5838014 -0.19009686 1.2442625 31.218405 1.3484218120574951 0.1970558762550354
