Pedestrian 0.0 0 -1.9634264707565308 629.1812744140625 180.0684356689453 650.4613037109375 221.6530303955078 0.7432038 1.6605977 0.62979186 1.1709106 1.9597857 29.426678 -1.923656702041626 0.4393612742424011
Cyclist 0.0 0 -1.9398266077041626 736.5569458007812 160.7848663330078 762.0955200195312 202.67149353027344 1.6642964 1.750482 0.50864476 5.934868 1.2464595 31.015232 -1.7507587671279907 0.2569519579410553
Cyclist 0.0 0 1.2645175457000732 827.6174926757812 169.92120361328125 879.3333740234375 253.89102172851562 1.7660441 1.7506777 0.5678776 5.293616 1.68989 15.927586 1.5853875875473022 0.23358780145645142
Cyclist 0.0 0 -1.9100663661956787 629.518798828125 180.85792541503906 650.9324951171875 222.75714111328125 0.8364848 1.6715887 0.6299908 1.1879714 2.0042799 29.463959 -1.869768738746643 0.10619774460792542
Car 0.0 0 1.8373453617095947 318.0963439941406 183.57472229003906 471.778076171875 284.2381591796875 4.0222707 1.5405143 1.720046 -3.85839 1.7714014 13.49125 1.5587890148162842 0.9077416658401489
Car 0.0 0 1.4746177196502686 643.0399780273438 178.7437744140625 705.3988647460938 228.93756103515625 3.8682177 1.4984124 1.6752971 2.0024705 1.7100673 23.937962 1.5580759048461914 0.8945344686508179
Car 0.0 0 1.723421335220337 480.0188903808594 182.6605987548828 536.867431640625 220.71554565429688 4.4046717 1.431077 1.7259423 -4.2463765 1.8759226 30.486757 1.5850257873535156 0.875684380531311
Car 0.0 0 1.6721525192260742 513.0166015625 177.92532348632812 545.6455688476562 203.82069396972656 4.01374 1.5389302 1.6568327 -5.0939326 1.8745383 45.68131 1.5611010789871216 0.5150256752967834
Car 0.0 0 -1.7524325847625732 622.120361328125 183.32362365722656 672.4967651367188 220.80392456054688 3.528091 1.458408 1.5345072 1.5024269 1.9348483 30.957237 -1.7039382457733154 0.3820013105869293
Car 0.0 0 1.510535478591919 619.4932861328125 180.26165771484375 655.6057739257812 212.49368286132812 3.8845465 1.4922925 1.5715258 1.298977 1.8851303 36.265556 1.546338677406311 0.22323103249073029
Car 0.0 0 1.2474013566970825 679.4268188476562 174.19891357421875 729.6376953125 202.5072784423828 3.715865 1.4482602 1.5887641 5.0258656 1.5251443 39.075935 1.3753169775009155 0.21717597544193268
