Pedestrian 0.0 0 1.6026499271392822 445.1165466308594 179.8790740966797 473.3885498046875 260.76068115234375 1.5244824 1.6845284 0.5682603 -3.3702857 1.8481345 15.9640465 1.3945878744125366 0.342037171125412
Cyclist 0.0 0 1.6409246921539307 444.4090881347656 179.03514099121094 474.91815185546875 260.76708984375 1.5305618 1.7021618 0.5580799 -3.3552077 1.8459234 15.940821 1.433473825454712 0.7822259664535522
Car 0.0 0 -1.7452006340026855 626.9286499023438 182.16549682617188 690.2109985351562 226.2266845703125 4.071297 1.4197727 1.5946821 1.6387032 1.7862055 26.251913 -1.6828593015670776 0.9280866980552673
Car 0.0 0 -0.46361783146858215 809.4345703125 180.06405639648438 1049.115234375 268.29315185546875 3.6400084 1.4667528 1.5761372 5.601551 1.6062468 13.029599 -0.05759596452116966 0.8478531241416931
Car 0.0 0 3.4137632846832275 278.6689147949219 186.4848175048828 433.4653015136719 240.77407836914062 3.8284953 1.4263233 1.5872092 -7.1042814 1.8280264 20.327679 3.077544689178467 0.829449474811554
Car 0.0 0 -0.5005562901496887 832.9723510742188 192.80252075195312 1154.6417236328125 302.47833251953125 3.8882887 1.4338785 1.5966666 5.416804 1.7507299 10.592646 -0.02785097435116768 0.8206719160079956
Car 0.0 0 2.410994052886963 924.705078125 194.3419647216797 1242.0 359.912109375 4.028106 1.5035999 1.6532017 5.7230825 1.7679682 7.838914 3.041628122329712 0.783319354057312
Car 0.0 0 3.421595811843872 319.0084228515625 186.44943237304688 454.8733825683594 236.85655212402344 3.813937 1.5065663 1.626112 -7.036464 1.9538491 22.868275 3.123094081878662 0.7379799485206604
Car 0.0 0 -2.859922170639038 408.95037841796875 173.39259338378906 498.2865295410156 206.66690063476562 3.7974207 1.516101 1.6105801 -7.3315473 1.5424147 33.836388 -3.0733001232147217 0.6379436254501343
Car 0.0 0 3.7732362747192383 0.0 170.5695037841797 253.02529907226562 316.290771484375 3.8699205 1.6811413 1.6653508 -6.9478188 1.6551434 9.1848755 3.1256253719329834 0.6348392963409424
Car 0.0 0 0.37606027722358704 359.92822265625 179.6000518798828 464.2431945800781 221.10789489746094 3.5800338 1.540573 1.5988616 -7.7040772 1.8127964 28.086853 0.10834980010986328 0.5981386303901672
Car 0.0 0 -2.3127341270446777 0.0 199.55213928222656 147.60763549804688 375.0 4.0675793 1.5162634 1.6662897 -6.999592 1.8035862 6.853135 -3.1087043285369873 0.555228054523468
