Car 0.0 0 1.8722515106201172 283.2391357421875 207.03616333007812 455.4959411621094 325.9685974121094 3.7144628 1.4702857 1.617643 -3.7835824 2.1204998 11.851517 1.5632301568984985 0.9395145773887634
Car 0.0 0 -2.0108447074890137 794.643798828125 191.23585510253906 1219.5826416015625 375.0 4.21092 1.4702905 1.6106144 3.051276 1.6969475 6.761914 -1.58695650100708 0.9277054071426392
Car 0.0 0 -1.7996232509613037 729.2736206054688 188.00347900390625 874.862548828125 292.9804992675781 3.6819482 1.4541194 1.5591912 3.0564272 1.7532767 12.377288 -1.5575282573699951 0.9026375412940979
Car 0.0 0 2.0464978218078613 0.0 212.81814575195312 352.2496032714844 375.0 3.4480221 1.4384837 1.5475466 -3.9083889 1.9249997 7.0268526 1.5389012098312378 0.8709615468978882
Car 0.0 0 -1.849109172821045 639.3840942382812 182.8740692138672 693.9929809570312 217.09762573242188 3.7734716 1.4610996 1.5766523 2.5671842 1.9613025 33.98379 -1.7737109661102295 0.8260980248451233
Car 0.0 0 -1.6939748525619507 594.6445922851562 180.13478088378906 624.47412109375 203.52732849121094 3.56658 1.4753633 1.5738153 -0.094390094 1.9843395 48.534584 -1.6959196329116821 0.6146225333213806
Car 0.0 0 -3.1510467529296875 749.2343139648438 181.98220825195312 862.87744140625 227.42291259765625 3.8456085 1.5309482 1.6472384 6.998985 1.8776767 26.098074 -2.8890318870544434 0.6059487462043762
Car 0.0 0 2.3221192359924316 549.0592041015625 182.55838012695312 592.8966064453125 201.05734252929688 3.8953454 1.5244138 1.6424849 -3.4312117 2.40732 63.595932 2.2682182788848877 0.591103732585907
Car 0.0 0 -3.633254051208496 997.9306640625 148.09071350097656 1192.580322265625 215.3670196533203 4.040727 1.7170104 1.6759032 12.886915 1.0853654 19.435738 -3.047757625579834 0.5406347513198853
Car 0.0 0 2.663949728012085 901.4967041015625 177.86778259277344 1027.837646484375 221.029541015625 3.6464849 1.4470543 1.5753788 12.284924 1.6284065 25.21261 3.1173479557037354 0.5090597867965698
Car 0.0 0 2.398320436477661 0.0 0.0 1242.0 375.0 3.964048 1.4603698 1.6427889 -3.2885141 1.7298248 2.037615 1.382242202758789 0.48456624150276184
