Pedestrian 0.0 0 -0.04838243126869202 869.9563598632812 161.4969024658203 961.9034423828125 317.6914367675781 0.9772954 1.775188 0.60868114 3.6553836 1.5608984 8.487178 0.35830187797546387 0.3161980211734772
Pedestrian 0.0 0 1.124924659729004 507.74981689453125 164.6154022216797 518.6171264648438 186.50827026367188 0.8621031 1.8707004 0.61712253 -7.8970733 0.5145906 60.94047 0.996056079864502 0.2570674419403076
Pedestrian 0.0 0 1.1448333263397217 144.79351806640625 173.665771484375 164.10308837890625 207.48245239257812 0.7375571 1.8501071 0.65579903 -24.961544 1.4776055 39.153618 0.5772755146026611 0.251489520072937
Pedestrian 0.0 0 2.7624688148498535 781.2929077148438 171.94810485839844 824.2172241210938 249.5086212158203 0.7555091 1.7100408 0.6172159 4.4095554 1.5231045 15.931827 3.0324859619140625 0.2413145750761032
Pedestrian 0.0 0 1.9996790885925293 419.2727355957031 172.570556640625 439.6385192871094 200.4119873046875 1.7093832 1.7281893 0.5969013 -11.109692 1.2373378 44.77847 1.756486177444458 0.1967262476682663
Cyclist 0.0 0 1.9996790885925293 419.2727355957031 172.570556640625 439.6385192871094 200.4119873046875 1.7093832 1.7281893 0.5969013 -11.109692 1.2373378 44.77847 1.756486177444458 0.5612907409667969
Cyclist 0.0 0 -1.867936134338379 801.8519897460938 125.19583892822266 852.4954223632812 229.7991180419922 1.7421794 1.8397934 0.40721455 4.107137 0.8687316 13.302374 -1.5684692859649658 0.38108542561531067
Cyclist 0.0 0 1.5480623245239258 475.0581359863281 164.5637969970703 482.3669128417969 185.74374389648438 1.4749691 1.7493602 0.5673922 -10.5569 0.43432307 59.172886 1.3715120553970337 0.2507413327693939
Car 0.0 0 -1.58817458152771 545.6014404296875 163.9559783935547 568.811767578125 185.09637451171875 4.2790613 1.558321 1.6978798 -3.6956666 0.34008574 54.317806 -1.656107783317566 0.5204035043716431
Car 0.0 0 1.7424039840698242 93.2071533203125 188.838134765625 127.65955352783203 209.62319946289062 3.6214046 1.5137078 1.6056 -38.45393 2.1876016 55.054867 1.1327085494995117 0.5105699300765991
Car 0.0 0 1.7780613899230957 371.4786376953125 178.56422424316406 411.03143310546875 201.5791473388672 4.2963743 1.4442111 1.6461617 -14.019047 1.324084 46.573463 1.485678791999817 0.4485982656478882
Car 0.0 0 2.1630947589874268 0.0 193.30035400390625 86.629638671875 239.67030334472656 3.6499736 1.4583055 1.5314933 -20.455307 1.9495333 25.158962 1.4804514646530151 0.406051367521286
Car 0.0 0 1.1364554166793823 101.3662109375 186.86331176757812 156.23031616210938 210.0116729736328 4.113517 1.5731708 1.6963322 -34.237732 2.0479524 50.818928 0.5435855388641357 0.3556872010231018
Car 0.0 0 1.9334309101104736 131.96543884277344 191.2967987060547 222.99745178222656 235.55479431152344 3.6360903 1.402552 1.5956079 -15.188272 1.819556 25.273949 1.3923163414001465 0.302665114402771
Car 0.0 0 1.059004783630371 198.59976196289062 177.42054748535156 241.00010681152344 196.53599548339844 3.6146555 1.5767591 1.5903504 -32.655037 1.323963 59.950787 0.56024169921875 0.28196457028388977
Car 0.0 0 0.022679656744003296 722.0096435546875 167.609130859375 768.2799682617188 185.2364501953125 3.7839382 1.4593676 1.5753548 11.85757 0.39334506 59.71113 0.21871161460876465 0.272189736366272
Car 0.0 0 -1.6721833944320679 583.4290161132812 168.9041290283203 606.7894287109375 186.53549194335938 3.7486656 1.4618772 1.6249926 -0.85840017 0.501637 60.574444 -1.6863534450531006 0.2600024342536926
Car 0.0 0 0.7857129573822021 634.7855224609375 177.8157196044922 677.6889038085938 193.86622619628906 4.0196004 1.4424042 1.5903069 4.746763 1.2023441 65.57556 0.8579730987548828 0.25972747802734375
Car 0.0 0 0.8175389170646667 164.1483612060547 172.12896728515625 217.7647705078125 191.88121032714844 3.6684186 1.5338153 1.6022844 -32.884583 0.88502914 56.188435 0.28803157806396484 0.25494229793548584
