Pedestrian 0.0 0 1.4573196172714233 797.9608154296875 162.51039123535156 815.8641967773438 204.0414276123047 0.8057172 1.841297 0.6882602 8.807451 1.3830663 32.437176 1.7224507331848145 0.6209197640419006
Pedestrian 0.0 0 -0.313737154006958 1127.8466796875 94.5468978881836 1242.0 283.24871826171875 0.91659766 1.8541108 0.64783305 6.0149183 1.0850537 7.5510583 0.35890650749206543 0.5255724191665649
Pedestrian 0.0 0 -0.29512643814086914 1091.4244384765625 107.32347106933594 1217.4130859375 271.40960693359375 1.0436339 1.8148685 0.60399073 6.2739973 1.0904286 8.438167 0.34421849250793457 0.5069280862808228
Cyclist 0.0 0 -0.30950498580932617 1096.2772216796875 103.73133850097656 1231.952880859375 272.3950500488281 1.1239301 1.8629979 0.6132846 6.386448 1.0998521 8.442782 0.338104248046875 0.12424249947071075
Car 0.0 0 -1.8072408437728882 648.3524169921875 180.41635131835938 759.7685546875 255.46780395507812 4.1346374 1.4983662 1.6336584 2.014012 1.6992973 16.984901 -1.6892153024673462 0.9519810080528259
Car 0.0 0 1.7870664596557617 368.6424255371094 188.13143920898438 498.31463623046875 285.7093505859375 3.54148 1.4366763 1.516085 -3.0633879 1.7492716 12.961398 1.554978370666504 0.9027115702629089
Car 0.0 0 3.3551981449127197 253.46067810058594 184.93173217773438 419.9044494628906 241.74671936035156 4.016184 1.435848 1.6166012 -7.4179106 1.7856926 19.785828 2.9965062141418457 0.7737815976142883
Car 0.0 0 -1.6605069637298584 608.3582763671875 177.66622924804688 637.663818359375 200.32577514648438 4.3890996 1.496585 1.6703078 0.84513634 1.851154 50.85752 -1.6438907384872437 0.7378242015838623
Car 0.0 0 0.07618238031864166 449.43731689453125 168.71742248535156 522.6005249023438 195.10765075683594 4.5665326 1.675329 1.751964 -8.033361 1.4130847 46.88793 -0.09350121021270752 0.450581431388855
Car 0.0 0 -2.5934860706329346 432.82037353515625 180.83253479003906 508.966552734375 209.90371704101562 3.8560572 1.5244671 1.653925 -7.7571883 1.9840372 40.077587 -2.7846763134002686 0.44512563943862915
Car 0.0 0 3.1383767127990723 463.1134033203125 186.93768310546875 520.9636840820312 211.8976287841797 3.4506564 1.4570103 1.5811164 -7.2811146 2.3444898 44.382004 2.9757697582244873 0.4419265389442444
Car 0.0 0 3.278532028198242 350.0666809082031 187.96949768066406 468.7259826660156 232.31639099121094 3.7116156 1.4036984 1.5581465 -6.7867336 1.9396889 24.547718 3.008798599243164 0.41191330552101135
Car 0.0 0 -1.7560863494873047 442.170654296875 183.6646270751953 495.5066833496094 220.73150634765625 3.644448 1.4597578 1.6363169 -6.2692156 1.9631042 31.572618 -1.952101707458496 0.3580242991447449
