Pedestrian 0.0 0 1.4496920108795166 424.4281921386719 179.8489532470703 438.3552551269531 210.42381286621094 0.6021094 1.626698 0.6615994 -9.684301 2.0087256 38.967693 1.2061055898666382 0.2753062844276428
Cyclist 0.0 0 1.1437008380889893 760.8479614257812 147.5348358154297 816.0100708007812 222.82940673828125 1.7921664 1.7396636 0.6126346 4.273898 1.1550282 17.605885 1.3818480968475342 0.48852595686912537
Cyclist 0.0 0 0.9044255018234253 877.57666015625 183.8152618408203 952.521240234375 267.55010986328125 1.7433715 1.7725183 0.62298626 6.8607683 2.0366302 16.435898 1.299863338470459 0.3246851861476898
Car 0.0 0 1.8161929845809937 467.65264892578125 180.71279907226562 508.1066589355469 205.0619659423828 3.9146283 1.4118971 1.5935206 -7.621296 1.9259694 45.149254 1.6489671468734741 0.8304527997970581
Car 0.0 0 1.9123868942260742 284.5668640136719 188.7945098876953 323.7716369628906 210.10328674316406 3.6190884 1.4361638 1.5418642 -22.54861 2.65391 53.249767 1.5118298530578613 0.45111292600631714
Car 0.0 0 1.5699167251586914 147.01710510253906 183.75648498535156 181.6927490234375 213.29046630859375 4.2194185 1.5870088 1.671173 -26.372406 2.2656229 42.65154 1.0161335468292236 0.4129355847835541
Car 0.0 0 2.2130239009857178 56.52644348144531 200.806396484375 151.20245361328125 237.8315887451172 3.7613945 1.457597 1.6369108 -23.199175 2.817547 33.186504 1.6029328107833862 0.3846338391304016
Car 0.0 0 1.9625494480133057 200.85809326171875 195.5933380126953 257.9230651855469 224.70199584960938 3.704219 1.4768498 1.6125681 -21.862806 2.8463385 41.52199 1.477899432182312 0.3675246238708496
Car 0.0 0 2.001006841659546 252.25022888183594 190.43687438964844 300.69207763671875 214.34417724609375 3.7583404 1.4657766 1.5538837 -22.564127 2.7032459 48.882935 1.5685523748397827 0.3664853274822235
Car 0.0 0 3.0101871490478516 121.73255920410156 166.727783203125 183.79270935058594 186.073974609375 4.2859154 1.5940236 1.6571875 -38.938236 1.0896136 61.458153 2.445446491241455 0.3098737299442291
Car 0.0 0 2.166902542114258 145.6938018798828 187.8274688720703 257.25750732421875 234.373046875 3.800063 1.4525518 1.6015482 -14.475815 2.0277243 25.735952 1.654532551765442 0.26506590843200684
Car 0.0 0 2.305628538131714 309.3091125488281 192.40150451660156 357.603515625 212.1727752685547 3.9913237 1.5441447 1.6846097 -24.038294 3.3044708 62.796104 1.9400378465652466 0.26133501529693604
