Pedestrian 0.0 0 3.261390447616577 345.41796875 141.57464599609375 435.4459228515625 293.2366638183594 0.9928444 1.7849128 0.66753805 -2.7393055 1.4171433 8.905697 2.962984800338745 0.4747006595134735
Pedestrian 0.0 0 2.3033881187438965 186.4646453857422 162.62164306640625 210.77427673339844 204.41172790527344 0.77454317 1.7681845 0.5229361 -17.688837 1.3356 30.960194 1.7843079566955566 0.2285987138748169
Cyclist 0.0 0 0.7898842692375183 934.1602172851562 138.07408142089844 970.7145385742188 180.30157470703125 1.4527599 1.7681732 0.55493593 14.651708 0.31220695 30.987207 1.231561303138733 0.24967461824417114
Cyclist 0.0 0 0.45448172092437744 1023.3857421875 130.2727508544922 1071.5341796875 184.2108612060547 1.2662805 1.7568145 0.5504685 14.603651 0.37026188 24.179644 0.9978113174438477 0.2224920690059662
Cyclist 0.0 0 2.3033881187438965 186.4646453857422 162.62164306640625 210.77427673339844 204.41172790527344 0.77454317 1.7681845 0.5229361 -17.688837 1.3356 30.960194 1.7843079566955566 0.10814225673675537
Car 0.0 0 -0.33872097730636597 897.87109375 170.12982177734375 1227.6072998046875 278.384521484375 4.3556767 1.6245284 1.7339929 7.2540035 1.5840057 12.109368 0.20099282264709473 0.927427351474762
Car 0.0 0 0.7678061723709106 0.0 188.4358673095703 202.4984130859375 262.5008544921875 3.512409 1.4698277 1.5966762 -11.137537 1.8347683 15.820755 0.15441226959228516 0.9157609939575195
Car 0.0 0 -0.7437020540237427 168.5418243408203 181.4364776611328 226.15304565429688 202.5643768310547 3.5500247 1.457448 1.5967579 -30.43929 2.1145253 53.27486 -1.26279878616333 0.43542659282684326
Car 0.0 0 0.596369743347168 234.7252197265625 173.87344360351562 285.64495849609375 190.44241333007812 4.0448956 1.5056915 1.592867 -32.3788 1.6019295 66.77943 0.14490580558776855 0.2908412218093872
Car 0.0 0 -0.9201868772506714 373.56768798828125 177.38462829589844 417.09814453125 196.41162109375 3.583189 1.4974358 1.6109875 -17.737028 1.8848424 59.677177 -1.20908784866333 0.2730795443058014
Car 0.0 0 -2.256101369857788 53.917869567871094 170.01571655273438 194.9512176513672 218.4974365234375 3.9784486 1.4756699 1.6292547 -15.715618 1.3896372 23.312511 -2.8492517471313477 0.2466333508491516
Car 0.0 0 1.3116223812103271 581.8187866210938 180.13653564453125 612.6859130859375 198.82000732421875 3.947884 1.455927 1.6025263 -1.1190672 2.083202 59.992878 1.2929712533950806 0.22516411542892456
Car 0.0 0 1.8918551206588745 145.5857696533203 183.44351196289062 194.13035583496094 208.30381774902344 3.4950066 1.4375416 1.5744869 -27.543407 2.1289046 45.200775 1.3445838689804077 0.22201550006866455
Car 0.0 0 1.0708158016204834 0.0 187.31507873535156 35.734703063964844 211.70428466796875 3.5879853 1.4748935 1.5439074 -39.150158 2.4373477 46.62946 0.3723897933959961 0.20182953774929047
