Pedestrian 0.0 0 2.6545238494873047 763.5935668945312 175.1975860595703 789.3604125976562 220.8708038330078 0.7514853 1.7107636 0.621819 6.29011 1.8016195 27.461998 2.879687786102295 0.44290676712989807
Pedestrian 0.0 0 1.2772234678268433 857.8528442382812 151.2901611328125 888.932861328125 213.8800811767578 0.8108317 1.7760344 0.63624585 7.571846 1.1645029 20.893433 1.6249048709869385 0.36437729001045227
Pedestrian 0.0 0 -1.861183524131775 681.5270385742188 168.36402893066406 690.4918823242188 189.6002960205078 0.7151392 1.9249295 0.6344863 6.911481 1.5183003 65.80996 -1.7565453052520752 0.2250916063785553
Pedestrian 0.0 0 1.4279694557189941 776.2655639648438 146.16307067871094 798.4901733398438 198.03099060058594 0.69184226 1.8221346 0.6763525 6.2740393 0.8848331 25.721947 1.6672154664993286 0.17055535316467285
Pedestrian 0.0 0 -0.17108872532844543 844.4526977539062 130.2283935546875 880.0953979492188 206.9010467529297 0.7403319 1.8522445 0.57341385 6.156784 0.8228606 17.770826 0.16242408752441406 0.16643878817558289
Cyclist 0.0 0 1.2891454696655273 857.823974609375 151.28030395507812 890.3141479492188 215.08871459960938 0.96063656 1.8043541 0.63978124 7.592116 1.1946582 20.901262 1.6375638246536255 0.20867109298706055
Car 0.0 0 -1.5367324352264404 596.5104370117188 180.247314453125 618.7842407226562 200.0989532470703 3.7648132 1.5030183 1.6638745 -0.18478078 2.1167834 57.9545 -1.5399208068847656 0.4858017563819885
Car 0.0 0 1.3385330438613892 630.8196411132812 189.44940185546875 660.6682739257812 210.1253662109375 3.5394952 1.4734279 1.5487419 2.7315333 2.8124356 56.31785 1.386997103691101 0.3189108967781067
Car 0.0 0 1.7875323295593262 487.3065185546875 175.38363647460938 520.4170532226562 197.44827270507812 4.2521043 1.6557355 1.7065171 -8.336952 1.8629663 56.82307 1.641853928565979 0.29475587606430054
Car 0.0 0 1.7745842933654785 501.8646545410156 174.5524444580078 531.3795166015625 194.20545959472656 4.369709 1.6630905 1.7365674 -8.220223 1.8186512 63.687622 1.6462229490280151 0.26543647050857544
Car 0.0 0 1.4905412197113037 551.0699462890625 185.92173767089844 575.9447631835938 206.3898468017578 3.8766146 1.4523729 1.6091865 -3.6543038 2.5007343 55.828434 1.4251785278320312 0.26360848546028137
