Pedestrian 0.0 0 0.027585268020629883 1162.7999267578125 118.09715270996094 1242.0 375.0 0.5313491 1.7849163 0.61251086 3.9974473 1.4500476 4.8200026 0.7199654579162598 0.28530243039131165
Cyclist 0.0 0 1.7255518436431885 0.0 133.69546508789062 55.75840377807617 240.57595825195312 1.7555898 1.774553 0.56232256 -10.438618 1.1247559 12.877269 1.0443665981292725 0.3198540210723877
Car 0.0 0 2.927999496459961 366.10540771484375 184.2459259033203 470.7242736816406 224.0476531982422 3.8483999 1.4791108 1.6640542 -7.8274527 1.9685621 29.356493 2.6674270629882812 0.8683159947395325
Car 0.0 0 2.026472568511963 0.0 203.63600158691406 376.1436767578125 375.0 3.7355163 1.4636552 1.5722994 -3.5273814 1.8263901 6.597098 1.5354620218276978 0.8648304343223572
Car 0.0 0 1.559128761291504 510.8790283203125 181.88612365722656 545.302978515625 213.39794921875 4.270012 1.4832361 1.6756794 -4.316999 1.980355 37.457745 1.4443851709365845 0.7295326590538025
Car 0.0 0 -2.1739907264709473 573.29638671875 165.1674346923828 614.5802001953125 185.19271850585938 3.999758 1.7341899 1.7288564 -1.4905406 1.0688902 64.60941 -2.197056770324707 0.5769877433776855
Car 0.0 0 -1.672821044921875 499.01995849609375 177.12889099121094 519.6882934570312 193.58128356933594 3.582975 1.4557829 1.5332699 -9.3545475 1.8631049 66.76417 -1.8120280504226685 0.41154608130455017
Car 0.0 0 1.743200659751892 421.6448669433594 185.1279754638672 449.3218078613281 203.8544921875 3.8347034 1.4054317 1.5549269 -14.181385 2.4375474 58.68654 1.5060995817184448 0.37242379784584045
Car 0.0 0 2.723151445388794 656.6124267578125 166.21527099609375 721.655029296875 190.52622985839844 3.8161337 1.5152893 1.6360998 5.0412364 1.1018584 46.33159 2.8315327167510986 0.3499447703361511
Car 0.0 0 0.9654861688613892 327.33660888671875 175.30116271972656 375.8116760253906 195.14492797851562 3.9817932 1.490937 1.5845869 -20.264017 1.6888945 56.456375 0.6208760738372803 0.2880648374557495
Car 0.0 0 1.5433975458145142 333.402587890625 186.19219970703125 363.4385681152344 212.48580932617188 3.95556 1.4569471 1.6184664 -16.119751 2.315457 44.2828 1.194289207458496 0.2706843912601471
