Pedestrian 0.0 0 1.890643835067749 886.6815185546875 165.94908142089844 911.3587646484375 218.18826293945312 0.5566682 1.6093068 0.57298225 9.01735 1.3969483 22.622728 2.269940137863159 0.5505236387252808
Pedestrian 0.0 0 -2.11545467376709 796.8419189453125 147.47230529785156 837.0209350585938 215.6505584716797 0.9656803 1.816455 0.65056115 5.613121 1.1405754 19.772741 -1.8388500213623047 0.30600428581237793
Pedestrian 0.0 0 3.7186126708984375 100.0232162475586 182.6419219970703 166.44664001464844 274.1647033691406 0.9228649 1.7710549 0.6005827 -9.507054 1.9699583 14.329129 3.1328213214874268 0.23132124543190002
Pedestrian 0.0 0 -1.7734885215759277 437.7546081542969 162.45103454589844 459.9154052734375 210.3481903076172 0.7926236 1.800428 0.68108916 -6.216456 1.409744 27.620798 -1.9948642253875732 0.21142137050628662
Pedestrian 0.0 0 1.6767674684524536 503.0708923339844 170.37225341796875 516.8145751953125 200.27090454101562 1.6365131 1.7335107 0.6373466 -5.9420304 1.5899781 42.6599 1.5383695363998413 0.13571612536907196
Cyclist 0.0 0 -2.2551498413085938 1080.203369140625 139.96212768554688 1174.0333251953125 233.24490356445312 1.8153294 1.7773277 0.5123173 10.405455 1.1509926 14.66764 -1.6381325721740723 0.870553195476532
Cyclist 0.0 0 1.6767674684524536 503.0708923339844 170.37225341796875 516.8145751953125 200.27090454101562 1.6365131 1.7335107 0.6373466 -5.9420304 1.5899781 42.6599 1.5383695363998413 0.6111723184585571
Cyclist 0.0 0 -2.388270139694214 387.2281494140625 158.85572814941406 434.4154357910156 207.64755249023438 1.8100947 1.8027471 0.58708847 -7.5952263 1.2859006 27.336279 -2.659278631210327 0.28626638650894165
Cyclist 0.0 0 -3.129149913787842 754.510009765625 168.92848205566406 798.1199340820312 208.2794189453125 1.856071 1.7069383 0.6579101 7.294926 1.5370181 31.833866 -2.903883218765259 0.27194103598594666
Cyclist 0.0 0 3.1972830295562744 228.02940368652344 150.5363311767578 297.4596862792969 218.7711181640625 1.6579564 1.7848744 0.6262506 -9.394408 1.2014505 19.478298 2.747894287109375 0.2495250254869461
Cyclist 0.0 0 -2.0631613731384277 799.7943725585938 149.0678253173828 840.8624267578125 218.6862030029297 1.083322 1.8407673 0.63615394 5.6740966 1.2121993 19.671679 -1.7823436260223389 0.1738540530204773
Cyclist 0.0 0 2.206270694732666 882.0332641601562 165.69398498535156 914.2714233398438 220.32424926757812 0.7624181 1.6785402 0.60481954 8.989357 1.4589036 22.625076 2.584463119506836 0.1603224128484726
Car 0.0 0 1.7808911800384521 374.33074951171875 187.7882843017578 546.8672485351562 316.087890625 4.0716734 1.506848 1.7091273 -2.0911462 1.7775474 11.004196 1.5930986404418945 0.9047025442123413
Car 0.0 0 1.1793850660324097 514.6566162109375 181.2888641357422 552.0589599609375 200.8948516845703 4.114578 1.5404102 1.6873486 -6.5175567 2.2773926 60.79949 1.0725953578948975 0.40119731426239014
Car 0.0 0 -0.806232213973999 678.9451293945312 173.80233764648438 769.1474609375 208.12106323242188 3.8569396 1.3821493 1.5996373 4.8860846 1.4255724 30.959583 -0.6497018933296204 0.2861514389514923
Car 0.0 0 1.331413984298706 750.6027221679688 163.3309783935547 804.3013305664062 196.64120483398438 3.7357008 1.4625461 1.5801079 7.6799374 1.0447785 33.556717 1.5564035177230835 0.2018757164478302
