Pedestrian 0.0 0 -2.3394417762756348 1030.4132080078125 174.93423461914062 1070.180419921875 238.7565155029297 0.7248861 1.7110413 0.59351164 12.020803 1.769664 19.787653 -1.7935330867767334 0.3125971257686615
Pedestrian 0.0 0 0.0008336305618286133 752.543212890625 184.3770751953125 771.9237060546875 220.09619140625 0.9242999 1.724638 0.5666558 7.4399414 2.2971065 35.448406 0.20771169662475586 0.27729856967926025
Pedestrian 0.0 0 -0.2027168571949005 673.0881958007812 194.0663604736328 712.1652221679688 232.36990356445312 1.8014115 1.8174703 0.5954202 3.9673636 2.8588166 35.029026 -0.08993812650442123 0.13022032380104065
Cyclist 0.0 0 -0.14648033678531647 669.752197265625 195.1081085205078 708.5745239257812 233.3671417236328 1.7969751 1.814787 0.6350555 3.7924817 2.905082 34.984047 -0.0384959913790226 0.575705349445343
Cyclist 0.0 0 -3.1503236293792725 946.2905883789062 197.04547119140625 1024.390869140625 266.7882080078125 1.8503989 1.7760836 0.61843973 10.094638 2.4551241 19.546392 -2.6736066341400146 0.3498654067516327
Cyclist 0.0 0 0.0008336305618286133 752.543212890625 184.3770751953125 771.9237060546875 220.09619140625 0.9242999 1.724638 0.5666558 7.4399414 2.2971065 35.448406 0.20771169662475586 0.1183273196220398
Car 0.0 0 -3.273996591567993 1002.0206909179688 181.5907745361328 1242.0 256.1916198730469 4.3147564 1.475079 1.6920846 11.344941 1.6951363 16.406013 -2.6689906120300293 0.9028478860855103
Car 0.0 0 -0.865195095539093 695.441650390625 199.5073699951172 766.7972412109375 236.80665588378906 3.0261638 1.4801263 1.5838633 5.4288383 2.7383156 32.46806 -0.6995221972465515 0.8611626625061035
Car 0.0 0 2.209958076477051 640.6248779296875 179.48223876953125 686.66015625 198.93763732910156 4.0050526 1.4891803 1.6777048 4.370653 2.0477035 58.69497 2.284284830093384 0.49808499217033386
Car 0.0 0 -1.7397570610046387 603.6604614257812 184.54757690429688 650.591064453125 222.16964721679688 4.355838 1.8029252 1.7688557 0.8063433 2.4607244 38.27936 -1.7186955213546753 0.47841009497642517
Car 0.0 0 3.0818634033203125 500.2453308105469 178.49974060058594 548.0875244140625 196.62301635742188 3.9722457 1.5031307 1.6099716 -7.3768106 1.9952462 61.699844 2.9628686904907227 0.45023754239082336
Car 0.0 0 -2.7911484241485596 751.119384765625 178.4897918701172 884.4180908203125 237.36306762695312 3.796156 1.7246561 1.6414576 6.6094913 1.9205569 23.253447 -2.5142149925231934 0.31283003091812134
Car 0.0 0 0.8659278750419617 616.4025268554688 185.3188934326172 671.4802856445312 206.63018798828125 4.349946 1.4557216 1.71535 2.4752147 2.4304402 54.15408 0.9116029739379883 0.2965109944343567
Car 0.0 0 1.2365429401397705 1172.6204833984375 195.11680603027344 1242.0 375.0 3.9214787 1.4124606 1.5543994 5.4363375 1.6381235 5.199948 2.0441622734069824 0.28300368785858154
