Pedestrian 0.0 0 -0.704269289970398 945.1746826171875 153.90965270996094 1000.189453125 246.86862182617188 0.75682443 1.8733833 0.68302274 7.4613476 1.4919596 14.960397 -0.2416301965713501 0.19547036290168762
Pedestrian 0.0 0 -0.3273119032382965 681.20751953125 175.6190643310547 691.4692993164062 199.0135955810547 0.5960061 1.7146716 0.58880365 5.612434 1.9207155 53.31777 -0.22243426740169525 0.13557054102420807
Pedestrian 0.0 0 1.7236313819885254 527.9938354492188 178.14797973632812 539.6101684570312 205.15704345703125 0.6750111 1.7192057 0.6487201 -4.9309335 2.062725 46.415745 1.6177942752838135 0.1293056309223175
Pedestrian 0.0 0 -0.6026919484138489 1116.52099609375 135.5712432861328 1205.935791015625 279.0908508300781 0.67144233 1.7486154 0.6048991 6.8844085 1.2947272 9.105474 0.04468488693237305 0.12261618673801422
Pedestrian 0.0 0 1.2150689363479614 729.4718017578125 163.06605529785156 758.1460571289062 227.81655883789062 0.6952411 1.7982748 0.59185225 3.7360725 1.5267984 20.429867 1.3959434032440186 0.11785101890563965
Pedestrian 0.0 0 2.6708316802978516 864.5823974609375 134.607666015625 964.4940795898438 285.14007568359375 0.9853558 1.8250504 0.61988676 3.7658277 1.3617108 9.092594 3.063488721847534 0.10962076485157013
Cyclist 0.0 0 -2.0224504470825195 695.306640625 160.0590057373047 724.07470703125 205.11080932617188 1.533914 1.7822398 0.5414136 4.0013123 1.2764308 29.35425 -1.8869743347167969 0.1058414950966835
Car 0.0 0 1.7231899499893188 535.074462890625 181.831298828125 582.2276000976562 218.03103637695312 4.0041423 1.5761209 1.6602396 -2.4311829 2.0314233 34.499443 1.6528360843658447 0.898720920085907
Car 0.0 0 1.4912610054016113 692.7879638671875 165.96621704101562 730.166748046875 196.95445251464844 4.462791 1.6488228 1.7246996 5.6257267 1.2826953 40.666447 1.628726840019226 0.3724480867385864
Car 0.0 0 -1.6424741744995117 570.8600463867188 175.1060028076172 591.324951171875 192.96966552734375 3.659419 1.5525889 1.5823734 -2.65272 1.762079 65.09614 -1.6832025051116943 0.26491662859916687
Car 0.0 0 2.2673287391662598 413.0503234863281 157.15171813964844 478.76104736328125 190.5376434326172 4.13825 2.0140855 1.8403257 -10.380747 1.0671649 45.78683 2.0443787574768066 0.10203205794095993
