Pedestrian 0.0 0 1.976935863494873 254.02413940429688 145.29420471191406 287.5069885253906 210.67449951171875 0.7249872 1.8385383 0.63398707 -9.753597 1.0638962 20.660725 1.5358693599700928 0.43059661984443665
Pedestrian 0.0 0 1.744960069656372 315.2294616699219 153.3729248046875 342.79693603515625 210.76092529296875 0.838381 1.8308308 0.703511 -9.18761 1.2096906 23.496578 1.3722198009490967 0.2042977511882782
Pedestrian 0.0 0 -2.3012704849243164 1200.8953857421875 121.67473602294922 1234.449462890625 184.68496704101562 0.5276651 1.8926618 0.5749989 18.43032 0.35572883 21.943213 -1.6026633977890015 0.1749427765607834
Cyclist 0.0 0 -2.00695538520813 976.9645385742188 173.630126953125 1052.5255126953125 284.8267517089844 1.5869089 1.6086259 0.38453823 6.21787 1.6219548 11.251395 -1.5020943880081177 0.25984278321266174
Cyclist 0.0 0 -0.6034918427467346 929.689697265625 145.32183837890625 1029.490966796875 230.0081787109375 1.8250806 1.6673578 0.51907504 7.410276 1.1256453 14.581872 -0.13331840932369232 0.21191316843032837
Car 0.0 0 -1.6605327129364014 672.1351928710938 175.7269287109375 737.409912109375 228.66053771972656 3.523678 1.4425321 1.6106993 2.7156553 1.5362023 21.643602 -1.53571355342865 0.9600315690040588
Car 0.0 0 -1.956061840057373 750.6694946289062 176.00885009765625 1021.28125 337.2505187988281 3.6993933 1.4952185 1.6530977 2.9211352 1.5417346 8.658209 -1.6306707859039307 0.9435635209083557
Car 0.0 0 -1.198453664779663 106.1149673461914 180.90261840820312 434.455322265625 375.0 4.0921574 1.5768027 1.683361 -3.2376726 1.6867294 7.754799 -1.5939594507217407 0.9320496320724487
Car 0.0 0 -2.341280698776245 940.9310913085938 132.96377563476562 1242.0 375.0 3.803935 1.584618 1.6379608 3.219865 1.5021316 3.4086456 -1.5843549966812134 0.7846722602844238
Car 0.0 0 -1.6599609851837158 626.4378051757812 167.90431213378906 659.0010986328125 197.5334014892578 4.3553567 1.8455714 1.7355677 2.059263 1.5376167 47.156166 -1.6163196563720703 0.7080919146537781
Car 0.0 0 2.1480391025543213 65.3463134765625 209.0782928466797 303.52972412109375 325.27001953125 3.877573 1.4347726 1.5469846 -6.8934226 2.1434746 12.124631 1.6310678720474243 0.17467042803764343
