Car 0.0 0 2.119697093963623 0.0 207.8293914794922 278.2333984375 362.9965515136719 3.6232996 1.439893 1.4933616 -5.9050345 1.9813395 9.337181 1.5557787418365479 0.9531067609786987
Car 0.0 0 -1.7843345403671265 698.7462768554688 176.38059997558594 806.304931640625 247.596435546875 4.0824876 1.4760697 1.6483828 3.2027555 1.5707058 17.221643 -1.6004624366760254 0.9446806311607361
Car 0.0 0 1.9263943433761597 242.94972229003906 195.4022674560547 399.075439453125 280.4754943847656 4.2771735 1.4224685 1.6672443 -5.9679484 1.9699142 15.352919 1.5556519031524658 0.938926100730896
Car 0.0 0 1.8086357116699219 432.262451171875 186.65283203125 491.5635986328125 228.30235290527344 3.6029897 1.4840556 1.5070455 -5.8697553 2.0691628 28.745907 1.6072102785110474 0.8965467810630798
Car 0.0 0 1.8613672256469727 377.1183166503906 188.16131591796875 469.60565185546875 243.78652954101562 4.242744 1.5017427 1.6761591 -5.81484 2.0319026 22.816433 1.6118261814117432 0.8908824324607849
Car 0.0 0 -3.815964937210083 1047.6893310546875 136.8960418701172 1242.0 239.982666015625 3.750173 1.4808995 1.5919694 9.088297 0.9647001 11.17434 -3.133155584335327 0.8610628843307495
Car 0.0 0 -1.728742003440857 678.017333984375 174.40481567382812 751.9829711914062 231.69447326660156 4.1331406 1.6367962 1.6572926 3.1684194 1.6906576 22.807394 -1.5907047986984253 0.8485402464866638
Car 0.0 0 -0.5949371457099915 998.232666015625 144.8090057373047 1242.0 229.6060791015625 3.6358945 1.5063711 1.5884377 9.535799 1.0085257 13.636884 0.01529550552368164 0.8417189121246338
Car 0.0 0 2.6047091484069824 909.2144775390625 154.48097229003906 1122.885986328125 226.82632446289062 3.900645 1.5338234 1.610397 8.936643 1.1446472 16.161623 3.1098179817199707 0.7803894877433777
Car 0.0 0 1.8805146217346191 474.7364196777344 186.5623321533203 526.3773193359375 218.2789306640625 3.919046 1.5031806 1.5716859 -5.741293 2.2653205 38.03397 1.730694055557251 0.7628555297851562
Car 0.0 0 1.4240318536758423 660.6525268554688 178.76087951660156 708.2345581054688 213.74835205078125 3.755107 1.45209 1.587277 3.2530189 1.7342077 32.501984 1.5237864255905151 0.6289154887199402
Car 0.0 0 2.6995930671691895 838.0941162109375 161.30587768554688 1029.9891357421875 223.68238830566406 4.3132353 1.5634888 1.6458889 8.367207 1.2743895 18.962534 3.1151461601257324 0.6209479570388794
