Pedestrian 0.0 0 -1.8839000463485718 667.2825927734375 163.20106506347656 680.5086059570312 192.94378662109375 0.51170653 1.8946803 0.7223865 4.066414 1.2801236 46.29102 -1.7962803840637207 0.3005538284778595
Pedestrian 0.0 0 3.365300416946411 306.4057922363281 178.99063110351562 327.61187744140625 231.69699096679688 0.48749295 1.7039462 0.792239 -9.726597 1.9108714 23.854633 2.978135585784912 0.16031160950660706
Pedestrian 0.0 0 1.1117085218429565 972.643798828125 158.48097229003906 999.6295166015625 205.0658721923828 0.7800695 1.8176492 0.6695214 14.833057 1.2572004 28.546892 1.5909154415130615 0.15217500925064087
Pedestrian 0.0 0 -0.031524255871772766 441.3135681152344 174.172607421875 452.30755615234375 202.76072692871094 0.62117565 1.6879851 0.54572415 -9.755097 1.7675085 42.974335 -0.25473982095718384 0.12043751776218414
Cyclist 0.0 0 1.9295676946640015 466.62933349609375 175.5365447998047 479.9776306152344 197.86656188964844 1.3134849 1.6158234 0.53890324 -10.076209 1.8160639 53.06797 1.7419277429580688 0.1482488065958023
Car 0.0 0 2.022859573364258 118.9687271118164 188.17214965820312 319.21514892578125 287.1611328125 4.0544605 1.4880135 1.6617857 -7.098849 1.8192502 13.53069 1.5396885871887207 0.9374816417694092
Car 0.0 0 1.906278133392334 248.50326538085938 184.38746643066406 318.968017578125 221.6371307373047 3.8076856 1.4300859 1.5805025 -13.910231 1.9555378 30.881542 1.4830597639083862 0.34860101342201233
Car 0.0 0 -1.5581406354904175 581.6721801757812 173.6838836669922 599.799560546875 190.2187957763672 3.7918973 1.4451058 1.5889457 -1.7366357 1.5225987 65.15593 -1.5847878456115723 0.22291108965873718
Car 0.0 0 -2.665362596511841 1126.077880859375 178.69065856933594 1203.50927734375 202.41162109375 4.0034738 1.5600431 1.6387825 38.857685 1.9878013 50.673252 -2.0111780166625977 0.16793733835220337
Car 0.0 0 -1.5555092096328735 643.1061401367188 182.48049926757812 672.7255249023438 211.69418334960938 4.0749736 1.5379859 1.615311 2.7473605 2.119515 41.461494 -1.4893430471420288 0.1454738825559616
Car 0.0 0 -1.6899607181549072 646.1878662109375 178.5440673828125 690.3185424804688 212.70382690429688 4.0334916 1.4960115 1.6114556 2.6721668 1.7832531 34.327534 -1.612274169921875 0.1380077451467514
Car 0.0 0 1.9670908451080322 285.2347717285156 182.92901611328125 335.52001953125 209.16368103027344 3.98051 1.5660468 1.58558 -19.310968 2.2448509 46.59225 1.5741751194000244 0.11959676444530487
