Pedestrian 0.0 0 -2.7295570373535156 306.81085205078125 159.4538116455078 409.031494140625 306.5603332519531 1.0978293 1.8120571 0.56862384 -3.1876297 1.5544891 9.027833 -3.068981170654297 0.7235920429229736
Pedestrian 0.0 0 0.9648447036743164 832.6566162109375 172.7443389892578 876.5302124023438 241.49505615234375 0.98182523 1.6814048 0.587349 6.2492633 1.4933264 17.838306 1.301811933517456 0.13776534795761108
Pedestrian 0.0 0 2.2456908226013184 247.3681640625 166.02354431152344 313.0794677734375 262.4128112792969 1.0393924 1.7870625 0.6512659 -6.311915 1.520306 13.686493 1.813579797744751 0.13707509636878967
Pedestrian 0.0 0 3.2611982822418213 70.24769592285156 152.68931579589844 114.63755798339844 252.00497436523438 0.59211326 1.7663573 0.6225761 -9.44817 1.2733793 12.986232 2.632218837738037 0.13496173918247223
Pedestrian 0.0 0 -0.7660526037216187 957.1248168945312 150.41477966308594 1023.4937133789062 256.4931335449219 0.81391233 1.6925185 0.53931177 6.296176 1.2141526 11.644806 -0.2703888416290283 0.1101146936416626
Pedestrian 0.0 0 -1.5447709560394287 523.9339599609375 157.56883239746094 562.9133911132812 259.2285461425781 0.90103674 1.8127766 0.6939086 -1.1719079 1.405515 13.074573 -1.6341646909713745 0.10238095372915268
Cyclist 0.0 0 -1.6872460842132568 847.629150390625 140.349365234375 891.4459838867188 243.88552856445312 1.7066845 1.6736585 0.5098166 4.5369587 1.0262785 12.313766 -1.3342336416244507 0.1417437195777893
Cyclist 0.0 0 0.5512464642524719 435.6335754394531 143.20574951171875 518.315185546875 231.96376037597656 1.6647015 1.7990137 0.5621644 -2.7401268 1.0447322 14.888561 0.36924076080322266 0.12287929654121399
Cyclist 0.0 0 -2.435023307800293 1138.0625 168.71640014648438 1224.0 270.2916564941406 1.5765097 1.636384 0.46051967 10.077828 1.4482031 12.201832 -1.7446717023849487 0.1095656231045723
Car 0.0 0 2.0020766258239746 473.8818359375 142.0709991455078 582.8410034179688 204.2372589111328 3.9417212 1.6314784 1.6665306 -2.1530697 0.62454236 20.68484 1.8983609676361084 0.12436827272176743
Car 0.0 0 -2.2143421173095703 590.2470092773438 141.06703186035156 690.23046875 193.6663360595703 4.6977487 2.07378 1.8126825 1.3892391 0.52059484 30.322805 -2.1685590744018555 0.11536303162574768
