Pedestrian 0.0 0 0.09606501460075378 694.591552734375 186.13302612304688 726.523681640625 256.15740966796875 0.7216615 1.6692085 0.5458148 2.4596393 1.6931107 17.49078 0.23577380180358887 0.36168232560157776
Car 0.0 0 -1.3932565450668335 406.4154968261719 189.97280883789062 493.2766418457031 250.03073120117188 4.1230164 1.4613053 1.6359348 -4.291861 1.60802 19.906755 -1.6056044101715088 0.9123366475105286
Car 0.0 0 -1.593626618385315 576.356689453125 181.05300903320312 607.3887939453125 207.2655029296875 3.857716 1.4113716 1.6582361 -0.9674656 1.1883689 40.667297 -1.6174118518829346 0.8462526202201843
Car 0.0 0 -1.347395658493042 365.7743225097656 188.07696533203125 425.09967041015625 225.2362823486328 3.763534 1.3890989 1.5048592 -8.550814 1.5136957 29.090208 -1.6332848072052002 0.7985023856163025
Car 0.0 0 -1.4242202043533325 473.94720458984375 186.29745483398438 520.97314453125 221.61058044433594 3.6307073 1.4350699 1.4999385 -4.7544904 1.4858052 31.139893 -1.5757317543029785 0.7972584366798401
Car 0.0 0 -1.4243217706680298 423.59942626953125 179.8212890625 462.7753601074219 208.6616973876953 3.6205695 1.5260234 1.6097987 -9.11309 1.241722 39.90035 -1.6488664150238037 0.6418562531471252
Car 0.0 0 -1.2742128372192383 399.69232177734375 181.6873016357422 438.96875 203.92446899414062 3.746789 1.4639595 1.5768093 -12.874955 1.2328018 49.22526 -1.530033826828003 0.46198615431785583
Car 0.0 0 -1.5362403392791748 457.6885681152344 181.26930236816406 482.9302673339844 204.1058807373047 3.673194 1.4636 1.5317984 -9.16686 1.2118059 48.000244 -1.7249433994293213 0.4577176570892334
Car 0.0 0 -1.4154932498931885 496.002197265625 183.12258911132812 534.454833984375 211.1330108642578 3.7620528 1.5272121 1.6190294 -5.2678475 1.4142213 41.0932 -1.5429905652999878 0.2822986841201782
Car 0.0 0 1.569570779800415 682.9041748046875 180.3903350830078 711.7974853515625 208.86033630371094 3.439072 1.5242553 1.5386307 4.986016 1.2670417 40.283394 1.6927179098129272 0.27605876326560974
