Pedestrian 0.0 0 3.0094149112701416 542.4276123046875 137.74435424804688 635.7229614257812 294.1795349121094 0.98582935 1.6835288 0.5062685 -0.24017026 1.2250888 7.9336843 2.979151964187622 0.694657027721405
Pedestrian 0.0 0 -0.2982655465602875 640.23779296875 172.80252075195312 695.7233276367188 269.9252014160156 0.87107986 1.7318298 0.6188413 1.1063633 1.5962155 12.997296 -0.2133476883172989 0.1682773232460022
Pedestrian 0.0 0 -1.1445561647415161 59.7264518737793 185.57533264160156 96.9207992553711 247.82366943359375 0.5954355 1.7599862 0.67650115 -15.229872 1.9106855 20.407976 -1.7856661081314087 0.14105096459388733
Pedestrian 0.0 0 -1.5468358993530273 862.5375366210938 151.263671875 897.3941040039062 255.9420928955078 1.5424355 1.6485543 0.5160436 4.6156783 1.1897749 11.941408 -1.1779977083206177 0.11993493139743805
Pedestrian 0.0 0 -2.4750728607177734 1144.845458984375 157.90814208984375 1224.0 258.0502624511719 1.3252543 1.6279085 0.4389572 10.07556 1.2623087 12.182869 -1.7840681076049805 0.11860042065382004
Pedestrian 0.0 0 -1.9201626777648926 837.6590576171875 167.4986572265625 873.3281860351562 237.07034301757812 0.8755843 1.7010901 0.57557636 6.2326403 1.3847941 17.724009 -1.5820190906524658 0.10389938950538635
Cyclist 0.0 0 -1.5409213304519653 862.0507202148438 150.44015502929688 896.9013061523438 258.3191223144531 1.707015 1.6891001 0.5034245 4.6129165 1.2200991 11.949873 -1.1725225448608398 0.2358207404613495
Cyclist 0.0 0 -2.208059072494507 230.34844970703125 160.1033935546875 319.61151123046875 258.1217346191406 1.8993077 1.8250538 0.56135684 -6.5253835 1.4469162 13.856934 -2.6481659412384033 0.14428704977035522
Cyclist 0.0 0 -2.4891958236694336 1133.13134765625 163.5629425048828 1224.0 266.5743713378906 1.5876874 1.6650585 0.4666943 10.056348 1.3929442 12.249822 -1.8018174171447754 0.11001363396644592
Car 0.0 0 0.5844707489013672 0.0 192.0371551513672 126.20404815673828 236.08755493164062 4.363582 1.4895644 1.6500638 -20.03611 1.9224933 25.431496 -0.08281531929969788 0.1473153829574585
Car 0.0 0 -1.542375087738037 592.6830444335938 176.2366943359375 637.5478515625 217.30093383789062 3.9894588 1.5056491 1.6477493 0.43094456 1.3508493 27.9484 -1.5269570350646973 0.10177664458751678
