Pedestrian 0.0 0 -2.1017251014709473 989.2303466796875 138.49305725097656 1130.7757568359375 331.8916015625 0.8629386 1.6721048 0.7693421 4.153174 1.301655 6.6498632 -1.5434492826461792 0.8201910257339478
Pedestrian 0.0 0 1.5876703262329102 554.643798828125 162.75205993652344 568.8431396484375 203.6263427734375 0.8565273 1.865006 0.64269114 -1.842423 1.0105106 33.2138 1.5322555303573608 0.6636559963226318
Pedestrian 0.0 0 1.4448024034500122 782.4458618164062 152.10107421875 824.7760620117188 245.82911682128906 0.9172503 1.8253118 0.70834297 4.0258713 1.2540327 14.491623 1.7157762050628662 0.6431028842926025
Pedestrian 0.0 0 1.3508579730987549 462.61907958984375 170.62136840820312 484.0024719238281 216.86602783203125 0.7373384 1.7203659 0.65048337 -4.872848 1.3167014 27.18625 1.1735018491744995 0.6059858202934265
Pedestrian 0.0 0 -0.41666239500045776 501.3526306152344 173.05674743652344 519.478515625 212.14935302734375 0.64435375 1.8672068 0.69376147 -4.4169307 1.4648334 34.771183 -0.5430141687393188 0.4162541329860687
Pedestrian 0.0 0 1.8582934141159058 400.434326171875 141.42076110839844 455.4968566894531 255.63795471191406 0.8943812 1.8737648 0.68986523 -2.9831758 1.2175429 12.245268 1.6193296909332275 0.32977625727653503
Pedestrian 0.0 0 -2.8592607975006104 464.3621520996094 153.45751953125 513.0889282226562 221.14846801757812 1.2100213 1.8322707 0.5986503 -3.1327322 1.0743715 19.814127 -3.016068696975708 0.2624048888683319
Pedestrian 0.0 0 0.3915709853172302 615.728759765625 164.80215454101562 629.9799194335938 189.7285919189453 1.0021672 1.917114 0.46521294 1.6811781 0.63341814 55.662544 0.4217648506164551 0.2532917857170105
Pedestrian 0.0 0 3.4080076217651367 282.6344299316406 146.86920166015625 328.4645080566406 238.79605102539062 0.733797 1.8268625 0.5918466 -6.047703 1.1398916 14.612541 3.01560115814209 0.2416086494922638
Cyclist 0.0 0 -2.8592607975006104 464.3621520996094 153.45751953125 513.0889282226562 221.14846801757812 1.2100213 1.8322707 0.5986503 -3.1327322 1.0743715 19.814127 -3.016068696975708 0.18299955129623413
Car 0.0 0 1.6426260471343994 560.2700805664062 171.2361602783203 620.7960205078125 221.68661499023438 4.083144 1.4958904 1.6775814 -0.29687652 1.1926885 23.384077 1.629931092262268 0.7930788993835449
Car 0.0 0 0.644431471824646 0.0 0.0 1238.0 374.0 3.56647 1.5233247 1.5488694 1.5466259 1.3870198 0.4336194 1.9418808221817017 0.34594208002090454
Car 0.0 0 0.09732222557067871 1141.991455078125 166.61990356445312 1238.0 374.0 3.8220518 1.501496 1.5934609 7.198558 1.416359 6.197094 0.9573419094085693 0.3425918519496918
Car 0.0 0 -1.5956145524978638 779.5413818359375 137.69418334960938 1000.4900512695312 336.5137023925781 3.758863 1.4402428 1.5593561 2.7199106 1.1243159 7.232259 -1.2358970642089844 0.23725946247577667
