Pedestrian 0.0 0 1.5254607200622559 823.8145751953125 136.39183044433594 843.5872802734375 193.99339294433594 0.71810234 1.853141 0.5848288 7.2761493 0.6804483 23.631245 1.8241528272628784 0.28983938694000244
Pedestrian 0.0 0 0.08103065192699432 652.2534790039062 170.57394409179688 667.6438598632812 199.41282653808594 0.9754164 1.8853413 0.47586176 3.257592 1.7366402 47.475716 0.14953923225402832 0.16241849958896637
Cyclist 0.0 0 2.5422651767730713 815.9768676757812 136.6468963623047 853.2048950195312 197.15829467773438 0.97917515 1.943448 0.6291793 7.3022623 0.7809406 23.615929 2.842149257659912 0.10620922595262527
Car 0.0 0 -1.5370761156082153 591.2352905273438 177.69081115722656 618.0481567382812 203.3367156982422 4.1134753 1.6171945 1.6612037 -0.35165834 1.9556665 48.358166 -1.544347882270813 0.6786531805992126
Car 0.0 0 1.7772852182388306 469.00726318359375 187.23590087890625 498.7606201171875 207.0802459716797 3.8165028 1.452477 1.590444 -10.044802 2.6384666 57.546272 1.6044745445251465 0.33166128396987915
Car 0.0 0 1.9963464736938477 315.1222229003906 185.07286071777344 429.49005126953125 242.67893981933594 4.3126907 1.4784067 1.6172653 -7.031938 1.8840328 21.695532 1.6829115152359009 0.1852201223373413
Car 0.0 0 -1.7941378355026245 675.0870971679688 176.53785705566406 709.9939575195312 201.40797424316406 3.711248 1.617363 1.5863202 5.582142 1.8799399 49.424866 -1.68167245388031 0.1539752036333084
Car 0.0 0 -1.6774442195892334 1144.0877685546875 103.79478454589844 1242.0 185.08367919921875 3.516336 1.7642277 1.7561947 14.220785 0.2657807 17.610407 -0.998133659362793 0.1487930864095688
Car 0.0 0 1.4055737257003784 695.6753540039062 165.6446533203125 726.8298950195312 189.34910583496094 3.7265735 1.6472963 1.6272938 7.233017 1.1466538 52.02375 1.543721079826355 0.13621294498443604
Car 0.0 0 -2.079576253890991 813.284423828125 156.06239318847656 858.603759765625 178.5164337158203 3.7865424 1.6539114 1.6686043 17.197378 0.41743803 55.168144 -1.7773962020874023 0.13553069531917572
Car 0.0 0 2.0191664695739746 215.8116912841797 188.6600799560547 378.22149658203125 268.2283020019531 4.418098 1.4838476 1.6446383 -7.0043674 1.8969516 16.592224 1.619714379310608 0.1312011480331421
