Pedestrian 0.0 0 0.11214235424995422 160.54965209960938 182.87611389160156 174.74160766601562 209.0876922607422 0.771143 1.7511473 0.48140863 -29.991962 2.4357169 48.87525 -0.43824848532676697 0.35005971789360046
Pedestrian 0.0 0 2.805621385574341 645.3174438476562 170.321533203125 657.2354736328125 193.84765625 0.7589111 1.7591897 0.54277676 3.079441 1.5701802 54.3165 2.862255096435547 0.2200581580400467
Car 0.0 0 2.519869565963745 374.1924133300781 180.52684020996094 432.7232360839844 202.35142517089844 3.9830165 1.516119 1.6253198 -15.339323 2.1088629 53.6388 2.2413294315338135 0.750835120677948
Car 0.0 0 1.9633196592330933 178.21734619140625 185.65509033203125 226.53558349609375 212.78945922851562 4.3931007 1.9550095 1.7422675 -31.827385 2.9970367 56.425697 1.4497472047805786 0.3948744833469391
Car 0.0 0 2.805180788040161 498.9306335449219 175.46420288085938 551.99755859375 194.67759704589844 4.1780577 1.5837342 1.6847314 -7.2337484 1.8129888 61.599117 2.6882834434509277 0.33446481823921204
Car 0.0 0 1.5149480104446411 0.0 185.090087890625 40.08486557006836 218.2854461669922 3.7604592 1.554788 1.5981245 -30.568678 2.217571 37.134983 0.8262333869934082 0.29708582162857056
Car 0.0 0 2.698796272277832 261.5482482910156 181.0711669921875 328.8128967285156 203.11924743652344 4.179258 1.4952557 1.6888987 -22.952702 2.1194837 52.648323 2.2876768112182617 0.2559150159358978
Car 0.0 0 1.1931469440460205 118.421875 185.9601593017578 166.50340270996094 208.89913940429688 3.6519523 1.4882087 1.5848646 -32.74014 2.4360926 50.45827 0.6175765991210938 0.214244544506073
Car 0.0 0 2.9534177780151367 453.53729248046875 177.13186645507812 505.40826416015625 194.32005310058594 4.4468417 1.5192907 1.6553881 -11.981702 1.9210408 66.12821 2.7741734981536865 0.21094085276126862
Car 0.0 0 1.917092204093933 263.0254211425781 180.3022003173828 323.440673828125 211.47653198242188 4.24303 1.547387 1.6480242 -17.077133 1.9729881 39.0209 1.5045636892318726 0.19996565580368042
Car 0.0 0 2.205108165740967 317.8909606933594 182.98789978027344 369.5212707519531 203.3805389404297 3.7333128 1.3924656 1.6976178 -19.64782 2.1701047 53.311165 1.8520044088363647 0.16881129145622253
