Pedestrian 0.0 0 -0.2794535160064697 626.3539428710938 170.19500732421875 633.8713989257812 190.94203186035156 0.49390593 1.7804565 0.62893486 1.7131544 1.5526257 62.283913 -0.2519548833370209 0.10533073544502258
Cyclist 0.0 0 -0.6732881665229797 180.88644409179688 167.3810577392578 226.62155151367188 211.06600952148438 1.726886 1.7382827 0.45842186 -16.683273 1.5208652 29.594618 -1.186608910560608 0.26483091711997986
Cyclist 0.0 0 1.7849559783935547 458.3465576171875 171.60556030273438 472.4465637207031 197.01902770996094 1.5646768 1.7332828 0.64165187 -10.041947 1.6484921 49.995872 1.586737871170044 0.24068683385849
Cyclist 0.0 0 1.460862159729004 425.3479919433594 173.15377807617188 438.8081970214844 202.6513214111328 1.4658524 1.5775843 0.5538348 -9.754037 1.5946329 39.38585 1.2180933952331543 0.19381092488765717
Car 0.0 0 -1.5873774290084839 583.886474609375 171.7068328857422 603.3147583007812 189.6454315185547 3.772819 1.4757792 1.5820202 -1.4400853 1.3817608 61.273556 -1.6108756065368652 0.23270589113235474
Car 0.0 0 1.9148011207580566 321.7653503417969 176.5548095703125 378.9997253417969 205.67507934570312 4.056485 1.4638457 1.6232029 -13.921807 1.6736933 38.812374 1.5704011917114258 0.22026075422763824
Car 0.0 0 -1.6976994276046753 658.3137817382812 183.1409912109375 705.619384765625 219.60409545898438 3.8400955 1.4539256 1.5882539 3.070273 1.9355168 31.807854 -1.6014719009399414 0.16559194028377533
Car 0.0 0 -1.7179436683654785 684.864990234375 186.1116485595703 760.8974609375 245.01792907714844 3.8197901 1.4617245 1.5825766 3.086667 1.8770827 20.672594 -1.569726586341858 0.14600802958011627
Car 0.0 0 1.4171850681304932 440.1230773925781 180.7165069580078 473.98046875 205.490966796875 3.829213 1.5051713 1.5941195 -10.07701 2.0427294 47.222923 1.2069460153579712 0.12422635406255722
Car 0.0 0 2.121033191680908 174.03729248046875 182.45445251464844 281.98565673828125 227.28236389160156 4.0400996 1.453101 1.6012982 -13.843432 1.8314989 26.34074 1.6371533870697021 0.11370967328548431
Car 0.0 0 -0.004884064197540283 1035.0992431640625 187.8179473876953 1095.9774169921875 208.3512725830078 4.274153 1.595485 1.7484112 38.224396 2.8928275 60.663567 0.5573775768280029 0.11091924458742142
