Pedestrian 0.0 0 -2.502798318862915 181.68260192871094 174.54940795898438 200.50485229492188 207.06866455078125 0.5764732 1.7819449 0.7373069 -23.241274 1.8771765 39.97525 -3.0294227600097656 0.20811247825622559
Pedestrian 0.0 0 -2.35036301612854 890.2666625976562 139.9747314453125 936.9973754882812 200.79159545898438 1.2594601 1.8271211 0.6313386 9.356205 0.83968735 22.376514 -1.954329013824463 0.1413116455078125
Cyclist 0.0 0 -2.35036301612854 890.2666625976562 139.9747314453125 936.9973754882812 200.79159545898438 1.2594601 1.8271211 0.6313386 9.356205 0.83968735 22.376514 -1.954329013824463 0.15145663917064667
Cyclist 0.0 0 -1.4706121683120728 362.3999938964844 141.13230895996094 384.69757080078125 206.24270629882812 1.6228875 1.7246728 0.42923102 -6.5727625 0.88477266 19.948324 -1.788899302482605 0.1164715364575386
Car 0.0 0 -1.1162461042404175 255.587890625 182.06581115722656 318.3487854003906 212.1610870361328 3.7284281 1.4686483 1.5580798 -17.08469 1.9815717 38.255253 -1.5362666845321655 0.20661745965480804
Car 0.0 0 3.5103657245635986 130.39613342285156 170.72073364257812 216.022705078125 198.01663208007812 3.7978203 1.4923768 1.6009552 -24.527147 1.376101 40.56558 2.9665491580963135 0.1990741342306137
Car 0.0 0 -1.1042495965957642 197.9729461669922 164.8975830078125 364.1155700683594 243.63180541992188 3.9828413 1.468111 1.598965 -6.8840303 1.3201103 15.47889 -1.5227179527282715 0.16522659361362457
Car 0.0 0 -2.872781991958618 363.3988342285156 175.72694396972656 464.5206604003906 212.82266235351562 3.6399367 1.4443704 1.558339 -7.867822 1.5633365 28.999285 -3.1377153396606445 0.16340743005275726
Car 0.0 0 1.809897780418396 712.249267578125 178.5701141357422 740.0956420898438 196.0758056640625 4.096576 1.5211589 1.6041905 10.69117 2.0644376 66.330444 1.9697037935256958 0.15637072920799255
Car 0.0 0 2.1878418922424316 45.50489044189453 169.86708068847656 261.1819763183594 258.2414855957031 4.2129936 1.5572007 1.5801817 -9.153688 1.5049274 14.86453 1.6358802318572998 0.12688450515270233
Car 0.0 0 1.5534125566482544 620.9537353515625 180.330078125 639.2279052734375 197.32212829589844 4.0843477 1.4678489 1.5995266 1.7974544 2.175193 66.18057 1.5805656909942627 0.12077968567609787
Car 0.0 0 1.833327054977417 309.9827880859375 163.06105041503906 406.8794860839844 221.180908203125 4.050298 1.4884218 1.5985088 -7.0741086 1.237987 20.550915 1.5018075704574585 0.10887766629457474
