Pedestrian 0.0 0 -1.7987384796142578 788.8912963867188 165.2998504638672 830.752685546875 254.0084686279297 0.85934085 1.7140594 0.62004817 4.1037297 1.4022881 14.322258 -1.5196865797042847 0.7887782454490662
Pedestrian 0.0 0 -1.4594967365264893 187.3513946533203 164.34219360351562 271.2318420410156 330.9407958984375 0.81148654 1.5968431 0.6829199 -3.8465621 1.4337585 7.3841867 -1.9397389888763428 0.7580527067184448
Pedestrian 0.0 0 -1.7689223289489746 683.4902954101562 172.36605834960938 715.9434204101562 235.47506713867188 0.7561679 1.6089363 0.70020235 2.5198157 1.3772492 18.71081 -1.6350560188293457 0.6507551670074463
Pedestrian 0.0 0 0.21328848600387573 405.31988525390625 172.13845825195312 441.2324523925781 233.56979370117188 0.8891016 1.7448376 0.65709823 -5.166109 1.4800844 20.74238 -0.030805803835392 0.6454651355743408
Pedestrian 0.0 0 -3.117961883544922 751.7155151367188 164.5095977783203 783.2850341796875 233.06744384765625 0.7732091 1.7145724 0.6049686 4.2142715 1.2908417 18.35086 -2.892226219177246 0.5852068662643433
Pedestrian 0.0 0 -0.5557888150215149 803.260986328125 163.3855438232422 846.338623046875 237.6124725341797 0.78587717 1.6946039 0.5533767 5.1732545 1.2822614 16.76432 -0.2564725875854492 0.5394998788833618
Pedestrian 0.0 0 0.2537294626235962 403.68994140625 177.81893920898438 424.9162292480469 218.4039764404297 0.76750296 1.7304416 0.56525886 -8.063173 1.5744605 30.908537 -0.0014552576467394829 0.45070329308509827
Pedestrian 0.0 0 -3.229372024536133 651.6719360351562 163.2093505859375 732.2565307617188 318.87213134765625 0.7612667 1.5400498 0.8052675 0.87573 1.3604602 7.5174327 -3.113401412963867 0.4296647906303406
Pedestrian 0.0 0 -0.887334942817688 0.0 174.25025939941406 42.347721099853516 262.4568786621094 0.6831755 1.6908249 0.5722836 -11.57404 1.5531108 14.109681 -1.5743263959884644 0.4096499979496002
Pedestrian 0.0 0 2.2206485271453857 865.2340698242188 133.08531188964844 919.8051147460938 235.92501831054688 0.809548 1.8065003 0.54050994 5.2497063 0.9573143 13.055407 2.6029722690582275 0.3984558582305908
Pedestrian 0.0 0 0.1930084228515625 856.0986938476562 136.8793182373047 906.1238403320312 254.59140014648438 0.6301099 1.759543 0.55247986 4.295651 1.0938666 11.136488 0.5611507892608643 0.37811312079429626
Pedestrian 0.0 0 -0.2235013097524643 623.9508056640625 175.6176300048828 641.9105224609375 211.35552978515625 0.7721889 1.7553318 0.61718917 1.5525265 1.4672985 35.65245 -0.17998266220092773 0.31409236788749695
Pedestrian 0.0 0 -2.880490303039551 608.8192138671875 174.76356506347656 621.7225952148438 199.02513122558594 0.8404242 1.7684247 0.5241876 1.0338107 1.2780052 52.725018 -2.8608851432800293 0.2811983823776245
Pedestrian 0.0 0 2.0764999389648438 0.0 138.3642578125 237.23561096191406 374.0 1.3858485 1.6646646 0.6232953 -2.2085536 1.5250179 3.0717638 1.4531452655792236 0.13014426827430725
Cyclist 0.0 0 1.8667006492614746 332.10601806640625 150.79823303222656 424.61810302734375 312.7358703613281 1.8342415 1.7412859 0.552778 -2.6718655 1.4125137 8.639732 1.5667763948440552 0.8872585296630859
Cyclist 0.0 0 2.0764999389648438 0.0 138.3642578125 237.23561096191406 374.0 1.3858485 1.6646646 0.6232953 -2.2085536 1.5250179 3.0717638 1.4531452655792236 0.41641464829444885
Car 0.0 0 1.7282720804214478 501.3883972167969 169.63674926757812 548.2420043945312 208.33642578125 4.7371864 1.9797161 1.8181018 -4.104164 1.3737068 39.157917 1.6238428354263306 0.7374643087387085
Car 0.0 0 -1.8811414241790771 263.4406433105469 176.73565673828125 303.0902099609375 199.625 3.6238685 1.5847075 1.5702345 -22.866182 1.2554997 51.605545 -2.298238754272461 0.4075513482093811
Car 0.0 0 -1.0716336965560913 547.5203857421875 179.86740112304688 595.1822509765625 205.6588134765625 3.476649 1.5832199 1.5793294 -1.8792827 1.483743 46.00112 -1.1124639511108398 0.36535194516181946
Car 0.0 0 -1.1552197933197021 666.4052124023438 168.17745971679688 716.2708740234375 193.16065979003906 3.8327737 1.44778 1.598044 5.513542 0.6765192 43.679153 -1.0296556949615479 0.27746525406837463
