Pedestrian 0.0 0 -1.5758748054504395 864.0537719726562 148.5741729736328 879.994384765625 190.63729858398438 0.6684749 1.9434087 0.69455504 12.219842 0.821985 33.765263 -1.228633165359497 0.4664679169654846
Pedestrian 0.0 0 -1.6127632856369019 1143.6802978515625 156.74546813964844 1168.412353515625 208.164794921875 0.72031873 1.8852886 0.70576763 20.344923 1.2950276 26.949327 -0.9661128520965576 0.3082776665687561
Pedestrian 0.0 0 3.525028705596924 291.6414489746094 168.5791473388672 307.1363830566406 194.13226318359375 0.93569374 1.8807546 0.49504054 -22.997261 1.5664753 53.36215 3.1181159019470215 0.23457692563533783
Car 0.0 0 2.0053062438964844 194.47377014160156 181.7298126220703 329.41522216796875 258.3602600097656 3.606145 1.6183047 1.5564219 -8.305792 1.8558016 17.46458 1.5613853931427002 0.9202901124954224
Car 0.0 0 1.8215689659118652 380.9378356933594 183.61659240722656 441.9389343261719 223.07333374023438 3.895989 1.5302823 1.6098036 -8.493049 2.0225139 31.01207 1.5542603731155396 0.9116066694259644
Car 0.0 0 -1.553634524345398 577.231689453125 180.10914611816406 613.4129638671875 216.2864532470703 4.515881 1.6002128 1.6458901 -0.714708 1.9760623 35.07995 -1.574005365371704 0.869449257850647
Car 0.0 0 1.7882272005081177 322.4487609863281 192.11024475097656 368.4215087890625 222.74940490722656 3.9516342 1.556666 1.6589463 -15.122175 2.7151682 41.324726 1.437427282333374 0.43771183490753174
Car 0.0 0 1.657968282699585 465.4885559082031 178.01669311523438 499.8024597167969 206.42137145996094 4.053314 1.5628495 1.6472641 -7.4944572 1.8826195 42.547558 1.4836137294769287 0.4281085133552551
Car 0.0 0 -2.951849937438965 851.3970336914062 159.60047912597656 925.0573120117188 185.428466796875 4.1272798 1.5748554 1.6310829 17.600124 0.7670832 45.775772 -2.584789276123047 0.35000747442245483
Car 0.0 0 1.8286911249160767 326.7142028808594 172.6954345703125 441.4228820800781 245.22474670410156 4.102997 1.5379992 1.6254042 -5.3265843 1.5349945 17.379602 1.531295657157898 0.23486033082008362
Car 0.0 0 1.731300950050354 446.314208984375 178.6240234375 490.17608642578125 210.9412078857422 3.9549136 1.5700495 1.6423839 -7.396828 1.8884923 37.77013 1.5379104614257812 0.2245921790599823
