Pedestrian 0.0 0 1.8380699157714844 1014.6778564453125 142.94737243652344 1094.9559326171875 295.4269104003906 0.68260205 1.7219831 0.66212326 5.2612724 1.384599 8.620732 2.3860318660736084 0.37120795249938965
Pedestrian 0.0 0 1.2736307382583618 894.7935791015625 133.1730194091797 923.9701538085938 199.8767852783203 0.6338658 1.8073475 0.5814847 8.199389 0.7325442 19.890198 1.664637804031372 0.24931642413139343
Pedestrian 0.0 0 1.431788444519043 883.091552734375 163.06930541992188 928.1903686523438 256.1001281738281 0.98750204 1.7049125 0.662339 5.578327 1.525953 13.779848 1.8164411783218384 0.23711669445037842
Pedestrian 0.0 0 1.992277979850769 872.5692749023438 136.4901580810547 901.9619750976562 192.61724853515625 0.82095355 1.8884165 0.66633564 9.487134 0.6652998 24.799412 2.3576555252075195 0.2280583381652832
Pedestrian 0.0 0 -3.097231149673462 987.7741088867188 139.35910034179688 1028.79345703125 225.66888427734375 0.7482432 1.8043088 0.62105477 8.531554 1.1044545 15.540739 -2.5951714515686035 0.21799060702323914
Pedestrian 0.0 0 -0.5149880051612854 843.7717895507812 158.52194213867188 858.9388427734375 194.55348205566406 0.47156927 1.9098439 0.72954094 12.888338 1.1505342 38.645435 -0.1930854767560959 0.20953547954559326
Pedestrian 0.0 0 2.8678035736083984 437.05853271484375 138.459716796875 465.6226501464844 194.37741088867188 0.80340874 1.8393439 0.5951082 -5.36482 0.7083442 24.183401 2.6494998931884766 0.185580775141716
Pedestrian 0.0 0 0.8549859523773193 0.0 141.77096557617188 85.11571502685547 317.7568359375 0.7270779 1.6774201 0.56097025 -5.866543 1.3815082 7.2132597 0.17218780517578125 0.17028893530368805
Pedestrian 0.0 0 3.161787986755371 400.01708984375 126.6959228515625 430.9385070800781 190.9823760986328 0.8440978 1.8078712 0.56875706 -5.6121407 0.5101664 20.66667 2.896627187728882 0.16356484591960907
Pedestrian 0.0 0 0.9952466487884521 776.6129150390625 123.88882446289062 837.6478881835938 204.77645874023438 1.544287 1.8202652 0.6531738 4.588087 0.7187292 17.069653 1.257826805114746 0.14040221273899078
Cyclist 0.0 0 -2.138282299041748 1129.6092529296875 101.96968841552734 1242.0 280.20660400390625 1.5981287 1.7152717 0.526236 6.302713 1.033471 7.7648745 -1.4564507007598877 0.3593593239784241
Cyclist 0.0 0 3.1675870418548584 392.2004699707031 126.27975463867188 439.2349853515625 193.97850036621094 1.2829442 1.8973048 0.5907603 -5.5980115 0.59238714 20.657492 2.9029510021209717 0.21213118731975555
Cyclist 0.0 0 0.7481427192687988 773.0519409179688 126.41752624511719 844.0848388671875 206.7127227783203 1.6478719 1.8017654 0.5981714 4.615616 0.76012266 17.045315 1.0125861167907715 0.1915150284767151
Cyclist 0.0 0 3.0447025299072266 433.3580627441406 138.40663146972656 469.23187255859375 196.5563507080078 1.1175773 1.9109658 0.6289511 -5.36758 0.7792853 24.18131 2.8262717723846436 0.1667073667049408
Car 0.0 0 2.109984874725342 0.0 195.58807373046875 459.8806457519531 375.0 4.007351 1.4358901 1.6762978 -2.6721816 1.681168 5.693014 1.6711325645446777 0.9372336864471436
Car 0.0 0 -1.8752087354660034 800.35791015625 189.05259704589844 1133.8389892578125 375.0 3.2089314 1.477876 1.5635266 2.6656673 1.6567814 6.2776127 -1.4736509323120117 0.934606671333313
Car 0.0 0 1.729862928390503 639.3353271484375 176.9649200439453 671.0655517578125 201.89466857910156 3.8645008 1.6258893 1.5951135 3.1277132 1.9217055 49.795002 1.7925922870635986 0.8241044878959656
Car 0.0 0 1.0373260974884033 914.10986328125 161.2028045654297 1183.5323486328125 277.93487548828125 3.966582 1.4484794 1.6278886 6.237821 1.3042624 10.946185 1.555290937423706 0.18067561089992523
Car 0.0 0 -0.2110878825187683 886.3358154296875 169.97715759277344 1167.3031005859375 261.5600280761719 4.3362546 1.5520998 1.6833814 7.5620317 1.5037023 13.660282 0.2944982051849365 0.16984303295612335
