Pedestrian 0.0 0 -0.19891667366027832 652.9229736328125 165.9605255126953 668.7330322265625 197.6029052734375 0.8031127 1.8013778 0.5943895 2.8808043 1.4092953 41.420433 -0.12947817146778107 0.3404327929019928
Pedestrian 0.0 0 -0.7593175172805786 15.866340637207031 187.8532257080078 39.12945556640625 222.7808380126953 0.71983194 1.7590307 0.59308004 -29.962051 2.5383017 37.071114 -1.43905770778656 0.2058897316455841
Car 0.0 0 2.2899622917175293 159.60467529296875 183.49630737304688 259.7062072753906 218.12010192871094 4.3271875 1.4190648 1.5697855 -18.356506 1.9435756 33.25314 1.7855669260025024 0.8227924108505249
Car 0.0 0 2.696108341217041 346.6360778808594 178.6180419921875 422.86944580078125 205.4453582763672 4.0852747 1.5118946 1.6286391 -13.572071 1.8756464 43.500324 2.393679618835449 0.699273407459259
Car 0.0 0 2.6289989948272705 293.68280029296875 179.5849151611328 369.7340087890625 204.60435485839844 4.529679 1.5654655 1.7122256 -18.738731 2.0412235 48.667828 2.2614612579345703 0.5983582139015198
Car 0.0 0 -3.518186330795288 933.865478515625 166.90884399414062 996.9771728515625 188.52198791503906 3.9387848 1.6044757 1.677528 26.804571 1.1634878 54.555042 -3.0614981651306152 0.49949899315834045
Car 0.0 0 -2.107790231704712 822.450927734375 166.6223602294922 862.5797729492188 183.21861267089844 4.2618628 1.5216511 1.672175 21.977528 0.950652 68.41661 -1.7969712018966675 0.2562449276447296
Car 0.0 0 1.8712996244430542 37.47935485839844 186.4695281982422 97.81324005126953 216.43658447265625 4.1104794 1.6194106 1.7518481 -32.4484 2.4779537 43.24559 1.2275882959365845 0.2371414601802826
Car 0.0 0 -1.7231218814849854 870.6326293945312 165.14566040039062 896.9965209960938 182.1963348388672 4.3502455 1.5361122 1.6524576 25.480099 0.8420164 67.30078 -1.3611985445022583 0.2319023460149765
Car 0.0 0 2.043156623840332 124.6357192993164 188.55795288085938 176.9718475341797 213.14068603515625 3.6436274 1.5767565 1.615002 -32.152504 2.7191687 50.58085 1.4769244194030762 0.2154875099658966
Car 0.0 0 -1.2080934047698975 475.505126953125 177.02206420898438 513.562255859375 198.2420654296875 3.8190136 1.520941 1.5903713 -8.710235 1.8481189 54.54239 -1.3664528131484985 0.20296889543533325
Car 0.0 0 -1.768453598022461 513.3648071289062 174.2541046142578 544.107421875 195.2040252685547 3.8165503 1.528253 1.6036543 -6.251075 1.639283 54.96965 -1.8816858530044556 0.1945631057024002
