Pedestrian 0.0 0 -0.7298644781112671 885.7581787109375 156.5403594970703 984.9361572265625 302.6501770019531 0.70906204 1.6320397 0.8036507 3.8490384 1.366098 8.381231 -0.2993491291999817 0.6197245121002197
Pedestrian 0.0 0 3.534855842590332 57.69826889038086 187.648681640625 97.30923461914062 252.78561401367188 0.68818444 1.8300582 0.73522943 -15.243025 2.042364 20.39762 2.8930885791778564 0.16924314200878143
Pedestrian 0.0 0 -0.5753443241119385 954.864990234375 147.61668395996094 1016.120849609375 253.15623474121094 0.69121236 1.6934034 0.5668315 6.2166047 1.1674383 11.651573 -0.085224449634552 0.15316520631313324
Pedestrian 0.0 0 -0.8549270629882812 854.500244140625 142.39515686035156 916.854248046875 245.57884216308594 0.80516785 1.6760067 0.596975 4.689534 1.058725 11.930331 -0.4804033637046814 0.1527581661939621
Pedestrian 0.0 0 -3.238744020462036 742.4522094726562 154.10337829589844 797.3369750976562 247.69918823242188 1.029161 1.8438063 0.5259475 3.269938 1.3254316 14.250356 -3.0131850242614746 0.13336800038814545
Pedestrian 0.0 0 -1.4765485525131226 522.2883911132812 161.05352783203125 564.267822265625 264.0841064453125 0.9323691 1.8330688 0.6902263 -1.168689 1.4887296 13.042352 -1.5659171342849731 0.12822982668876648
Pedestrian 0.0 0 1.2084051370620728 837.0031127929688 168.9364471435547 872.7176513671875 237.77731323242188 0.85921496 1.685976 0.57587516 6.2255626 1.4043721 17.747986 1.5457708835601807 0.1169874295592308
Pedestrian 0.0 0 2.200119733810425 63.140995025634766 151.5316162109375 138.42578125 246.60337829589844 1.2965964 1.6899782 0.47578478 -9.435617 1.1766843 13.213862 1.580013394355774 0.10301809757947922
Cyclist 0.0 0 -1.6150965690612793 862.2548217773438 142.55674743652344 904.9009399414062 248.46954345703125 1.6955926 1.6616762 0.58773345 4.6522117 1.0680373 11.985242 -1.2448370456695557 0.22534707188606262
Cyclist 0.0 0 0.5151808261871338 272.21710205078125 207.83578491210938 354.04315185546875 279.96014404296875 1.9148871 1.8030155 0.6168542 -7.6289153 2.5330632 18.413948 0.12240719795227051 0.19302892684936523
Car 0.0 0 -1.188520908355713 481.0107116699219 143.4490966796875 583.6617431640625 203.12120056152344 3.8769493 1.5935417 1.6988995 -2.0715654 0.60568196 20.975544 -1.286962628364563 0.1309596747159958
