Pedestrian 0.0 0 2.247440814971924 859.9514770507812 142.6321258544922 928.9263305664062 274.161865234375 0.6381611 1.8083204 0.6706236 4.0281663 1.3931764 10.367148 2.6180386543273926 0.5130118131637573
Pedestrian 0.0 0 1.7799569368362427 706.4739379882812 176.41226196289062 724.8524169921875 220.73745727539062 0.5948045 1.7910631 0.6373461 4.296111 1.9393487 29.604458 1.9240679740905762 0.37073081731796265
Pedestrian 0.0 0 1.4108083248138428 722.6973876953125 139.0775909423828 746.1592407226562 196.4198455810547 0.8074188 1.8616939 0.6412838 4.05793 0.765455 23.829441 1.5794808864593506 0.256857305765152
Pedestrian 0.0 0 -2.993119478225708 1154.9810791015625 127.03892517089844 1242.0 321.82574462890625 0.68071115 1.7121521 0.69015473 5.6002665 1.3098012 6.8233743 -2.3058550357818604 0.22935988008975983
Pedestrian 0.0 0 2.7110371589660645 894.6481323242188 114.37975311279297 989.2086791992188 272.2413024902344 0.87169 1.8509091 0.5977351 3.956661 1.1656629 8.758794 3.13533353805542 0.16815100610256195
Pedestrian 0.0 0 0.943561851978302 244.20082092285156 116.78169250488281 325.2354736328125 261.97607421875 0.8552044 1.8323569 0.5887107 -4.3670053 1.1250807 9.569969 0.5154614448547363 0.1461038738489151
Pedestrian 0.0 0 2.47298002243042 863.7290649414062 123.33037567138672 905.8836059570312 209.70863342285156 0.61703366 1.8104652 0.5829114 5.8454843 0.7728209 15.491719 2.833791494369507 0.13404178619384766
Pedestrian 0.0 0 0.49841248989105225 679.3553466796875 185.28182983398438 697.3319702148438 213.01243591308594 0.96088487 1.7430359 0.6371051 5.002946 2.551269 46.36565 0.6058986186981201 0.12377064675092697
Pedestrian 0.0 0 1.399033784866333 746.8154296875 148.2395477294922 777.2186889648438 213.31512451171875 0.8337037 1.8044091 0.7081546 4.2489777 1.1222597 20.43238 1.604064702987671 0.11331494897603989
Cyclist 0.0 0 -1.279768466949463 531.9685668945312 187.28314208984375 549.8900756835938 224.095703125 1.4805276 1.7046674 0.45640868 -3.3601325 2.4160826 34.78366 -1.376070499420166 0.13709759712219238
Cyclist 0.0 0 -2.8830552101135254 540.4198608398438 190.3061981201172 575.6857299804688 226.00840759277344 1.6944399 1.7986214 0.71766603 -2.7217536 2.7148654 37.354153 -2.9557900428771973 0.13443125784397125
Cyclist 0.0 0 -2.1646857261657715 1086.4703369140625 53.21394348144531 1242.0 325.35235595703125 1.7313119 1.6930119 0.48490283 4.2486844 0.949072 5.367552 -1.4951186180114746 0.1263376772403717
Car 0.0 0 -1.7798961400985718 705.2557983398438 195.92236328125 844.3682861328125 297.0850830078125 4.0116787 1.4499999 1.6310619 2.7850573 1.9386437 13.26243 -1.57290780544281 0.9573833346366882
Car 0.0 0 -1.6995453834533691 674.3984985351562 182.74757385253906 706.151123046875 208.9010772705078 3.8776863 1.6261542 1.6201438 5.300518 2.3155305 48.293224 -1.5902259349822998 0.16496321558952332
Car 0.0 0 1.6519298553466797 509.7976379394531 185.6986541748047 550.6693115234375 218.10391235351562 4.062249 1.4488364 1.7003882 -3.9532397 2.125618 35.9403 1.5423756837844849 0.15828083455562592
