Pedestrian 0.0 0 -3.275569438934326 1053.3753662109375 140.9491424560547 1101.32177734375 248.34246826171875 0.594255 1.7754546 0.6894531 8.0432205 1.1232406 12.123999 -2.6898226737976074 0.4648953080177307
Pedestrian 0.0 0 -1.999495506286621 275.9917907714844 180.12330627441406 322.7985534667969 262.9060363769531 0.7183359 1.6387051 0.63760185 -6.297516 1.6328775 14.468403 -2.4100241661071777 0.4587693214416504
Pedestrian 0.0 0 0.7140833139419556 115.78752899169922 105.5660629272461 207.88909912109375 244.4636688232422 0.9217195 1.8550303 0.58873475 -6.1778917 0.8559311 9.798498 0.15154314041137695 0.38087940216064453
Pedestrian 0.0 0 -0.16472798585891724 998.5457153320312 111.140869140625 1061.3392333984375 244.06997680664062 0.6730861 1.773409 0.47452307 5.8125057 0.84976006 9.771112 0.37190818786621094 0.2990242540836334
Pedestrian 0.0 0 -0.14741654694080353 774.0137939453125 158.1508026123047 795.8194580078125 190.8916015625 1.1484983 1.8634684 0.5119083 10.3070965 0.59282994 40.55009 0.10149407386779785 0.28499558568000793
Pedestrian 0.0 0 -1.9492607116699219 789.5286865234375 160.52865600585938 806.29638671875 195.35183715820312 0.6703374 1.8404608 0.6616887 10.281791 0.7863543 37.73387 -1.6832371950149536 0.278530091047287
Pedestrian 0.0 0 -1.3586466312408447 118.2450942993164 151.9785614013672 136.42782592773438 192.93809509277344 0.74453914 1.9858266 0.5979813 -23.476547 0.60447127 34.731583 -1.9530434608459473 0.26670393347740173
Pedestrian 0.0 0 -1.3281770944595337 510.52459716796875 162.4217529296875 520.1812133789062 184.39247131347656 0.56838024 1.8819219 0.70969784 -7.699548 0.33460808 60.881596 -1.4539768695831299 0.20131918787956238
Pedestrian 0.0 0 2.2895565032958984 245.5194549560547 164.4922332763672 267.2820739746094 200.36776733398438 0.8731611 1.8752612 0.6112331 -18.475046 1.0399287 37.45397 1.8313047885894775 0.19315333664417267
Pedestrian 0.0 0 2.3755598068237305 1074.962890625 146.05116271972656 1153.5736083984375 260.6446533203125 0.9087368 1.7975119 0.5425136 8.172074 1.2588046 11.419813 2.9966821670532227 0.1888500303030014
Cyclist 0.0 0 -2.0407276153564453 972.9593505859375 142.84939575195312 1022.6984252929688 210.03091430664062 1.7032763 1.6946908 0.41821137 10.319854 0.7465272 18.689089 -1.536207675933838 0.6886982917785645
Cyclist 0.0 0 0.9226629137992859 872.5715942382812 155.54425048828125 908.5056762695312 192.400634765625 1.8875272 1.696729 0.5489247 13.503767 0.549316 33.527596 1.305551290512085 0.5630567073822021
Cyclist 0.0 0 0.0433877557516098 771.062255859375 159.786865234375 797.6509399414062 192.18838500976562 1.457737 1.8376449 0.50501233 10.279515 0.6642897 40.546604 0.29167985916137695 0.17431862652301788
Cyclist 0.0 0 0.7136275768280029 114.5479507446289 104.85740661621094 211.5742950439453 245.4907684326172 1.0255638 1.8795943 0.55794734 -6.1617155 0.8702872 9.798404 0.15226531028747559 0.11805970966815948
Car 0.0 0 0.9131209850311279 478.89251708984375 172.26739501953125 581.1193237304688 212.6576690673828 4.196149 1.4273212 1.6645817 -2.9644434 1.1379218 27.069315 0.8040425777435303 0.856135904788971
Car 0.0 0 -0.8159087300300598 0.0 198.74517822265625 294.4095153808594 370.0 3.8280385 1.4854461 1.5561299 -3.151108 1.6233273 3.3570852 -1.5696685314178467 0.7558990716934204
Car 0.0 0 -1.5548033714294434 567.0257568359375 183.05337524414062 598.7720947265625 212.076904296875 3.5839581 1.4412758 1.5907001 -1.1485418 1.5836391 37.22642 -1.5856465101242065 0.24711257219314575
