Pedestrian 0.0 0 -0.11461235582828522 436.00494384765625 149.6804962158203 555.1973266601562 332.01007080078125 1.1858177 1.8255645 0.6822019 -1.235811 1.51868 7.5643406 -0.2765549421310425 0.8367524147033691
Pedestrian 0.0 0 1.182348370552063 448.8933410644531 137.39553833007812 498.56439208984375 228.52731323242188 0.8698494 1.8484738 0.75472546 -2.8152063 0.9757893 14.90669 0.9956915378570557 0.18857158720493317
Pedestrian 0.0 0 -2.4280812740325928 56.559051513671875 187.1152801513672 98.84535217285156 252.8417510986328 0.63941646 1.8521575 0.75742805 -15.241399 2.048392 20.400787 -3.069722890853882 0.13693472743034363
Pedestrian 0.0 0 0.04804950952529907 1174.5433349609375 161.82821655273438 1222.359130859375 259.9544982910156 0.60046786 1.6188308 0.552454 10.0868845 1.3124459 12.06609 0.7443416118621826 0.1349273920059204
Pedestrian 0.0 0 -0.2614672780036926 827.9549560546875 194.4137420654297 876.3056640625 281.8614807128906 0.766944 1.6763335 0.621345 4.838941 1.960064 13.993361 0.07146334648132324 0.12260925024747849
Pedestrian 0.0 0 -3.253305673599243 743.80810546875 156.07958984375 797.4053344726562 249.2325439453125 0.99751776 1.8372489 0.53295064 3.287512 1.357237 14.261973 -3.0267539024353027 0.10896684974431992
Pedestrian 0.0 0 -1.4194910526275635 857.7479248046875 153.12567138671875 905.1301879882812 261.08709716796875 1.6889012 1.6844374 0.49716198 4.623031 1.2589945 11.882418 -1.0484468936920166 0.10558971762657166
Cyclist 0.0 0 -1.4194910526275635 857.7479248046875 153.12567138671875 905.1301879882812 261.08709716796875 1.6889012 1.6844374 0.49716198 4.623031 1.2589945 11.882418 -1.0484468936920166 0.25791871547698975
Cyclist 0.0 0 -2.5053935050964355 1131.820556640625 167.19166564941406 1224.0 271.3934326171875 1.6900407 1.6746042 0.46732488 10.076423 1.4623829 12.234332 -1.8164161443710327 0.17856159806251526
Cyclist 0.0 0 -0.7079006433486938 948.6005859375 149.7790985107422 1036.64501953125 256.8451843261719 1.2597659 1.7062738 0.48394904 6.327115 1.2183408 11.630792 -0.20967800915241241 0.12037453800439835
Cyclist 0.0 0 3.0067708492279053 436.736328125 150.34605407714844 554.593994140625 331.85498046875 1.1600564 1.8153733 0.6921141 -1.2349885 1.5154808 7.567091 2.84499192237854 0.10252299904823303
