Pedestrian 0.0 0 -1.9060760736465454 486.87811279296875 163.16119384765625 556.7901000976562 298.6289978027344 0.953618 1.6479872 0.614923 -1.0913292 1.4262336 9.299265 -2.0228981971740723 0.7826770544052124
Pedestrian 0.0 0 -2.768639326095581 565.0606079101562 158.01365661621094 624.5011596679688 268.6600036621094 0.7889071 1.7431686 0.6594144 -0.14461274 1.3744522 11.762026 -2.7809336185455322 0.7802881598472595
Pedestrian 0.0 0 -1.9365475177764893 552.9183349609375 161.0931854248047 579.9521484375 213.0990753173828 0.770068 1.7202162 0.6799188 -1.2100534 1.0462992 24.247503 -1.98641037940979 0.7286232709884644
Pedestrian 0.0 0 -2.482496500015259 848.8652954101562 153.60646057128906 988.9337158203125 374.0 0.7125056 1.5694788 0.61072594 2.2542071 1.3846929 5.2520275 -2.0770678520202637 0.7165006399154663
Pedestrian 0.0 0 3.2060322761535645 126.8991928100586 147.98326110839844 188.24365234375 250.52877807617188 0.9190059 1.8061033 0.6058057 -8.136435 1.2170577 13.13278 2.651360511779785 0.7126283645629883
Pedestrian 0.0 0 -2.9683613777160645 613.1736450195312 164.51992797851562 707.966552734375 326.8373718261719 0.92724115 1.6446486 0.56510437 0.59304374 1.4739673 7.6644087 -2.891139030456543 0.7124563455581665
Pedestrian 0.0 0 2.3553805351257324 612.3560180664062 152.86419677734375 662.432861328125 253.77978515625 0.58069503 1.738807 0.6814319 0.5989399 1.2466824 12.821913 2.4020588397979736 0.6749261617660522
Pedestrian 0.0 0 -3.3248291015625 794.309814453125 157.52037048339844 895.6661376953125 336.5172119140625 0.8175308 1.6171508 0.5678183 2.2407725 1.4018857 6.8231983 -3.0075206756591797 0.5816202759742737
Pedestrian 0.0 0 2.8909261226654053 643.2918701171875 160.246337890625 727.0997314453125 306.3263854980469 0.9089621 1.714846 0.53279203 0.9628171 1.4666936 8.757672 3.0004262924194336 0.49140122532844543
Pedestrian 0.0 0 -1.7574456930160522 495.6949768066406 159.87078857421875 539.7464599609375 255.66493225097656 0.78087705 1.8332468 0.73172694 -1.7053878 1.4205769 14.226924 -1.8767468929290771 0.4767434597015381
Pedestrian 0.0 0 -2.474517822265625 93.60620880126953 165.20578002929688 157.87020874023438 271.54144287109375 0.6398578 1.7387903 0.6470782 -8.038006 1.4736387 12.091715 -3.06119441986084 0.33013877272605896
Pedestrian 0.0 0 -2.002115249633789 498.323486328125 169.88259887695312 549.0798950195312 270.7701416015625 0.6194447 1.746196 0.7098198 -1.4378769 1.5463963 12.87906 -2.1132993698120117 0.31309619545936584
Pedestrian 0.0 0 1.5197194814682007 697.8294067382812 157.80992126464844 716.1472778320312 204.61900329589844 0.7402434 1.9239464 0.7165481 4.376224 0.95122534 29.92454 1.664932131767273 0.31032097339630127
Pedestrian 0.0 0 1.4315208196640015 609.2681884765625 161.47889709472656 631.135009765625 211.6444854736328 1.0365804 1.8226285 0.67125714 0.66806793 1.0962634 26.64927 1.4565844535827637 0.29397332668304443
Pedestrian 0.0 0 2.766683578491211 695.3935546875 167.12452697753906 786.4287719726562 292.68914794921875 1.0493697 1.656773 0.69718474 1.8651735 1.4684231 9.916472 2.9526000022888184 0.25586771965026855
Cyclist 0.0 0 0.00044649839401245117 322.8219909667969 171.10018920898438 369.9427185058594 210.80519104003906 1.832831 1.621155 0.8278187 -10.667573 1.1975229 30.023525 -0.3409484326839447 0.3119414150714874
Cyclist 0.0 0 2.766683578491211 695.3935546875 167.12452697753906 786.4287719726562 292.68914794921875 1.0493697 1.656773 0.69718474 1.8651735 1.4684231 9.916472 2.9526000022888184 0.16312938928604126
Cyclist 0.0 0 -1.9060760736465454 486.87811279296875 163.16119384765625 556.7901000976562 298.6289978027344 0.953618 1.6479872 0.614923 -1.0913292 1.4262336 9.299265 -2.0228981971740723 0.13277988135814667
Cyclist 0.0 0 3.2060322761535645 126.8991928100586 147.98326110839844 188.24365234375 250.52877807617188 0.9190059 1.8061033 0.6058057 -8.136435 1.2170577 13.13278 2.651360511779785 0.10881660878658295
Car 0.0 0 1.766493320465088 459.11639404296875 170.37437438964844 551.6738891601562 237.258544921875 4.181842 1.6105692 1.688946 -2.4999442 1.3438601 19.438196 1.6385855674743652 0.8889572024345398
Car 0.0 0 -1.3542567491531372 322.5002746582031 167.9099884033203 376.7754211425781 202.60391235351562 3.4942236 1.4337869 1.532266 -10.990848 0.8731411 31.50959 -1.6898707151412964 0.30207890272140503
