Pedestrian 0.0 0 -2.4380970001220703 877.9199829101562 158.29486083984375 937.1742553710938 264.3297424316406 0.68725747 1.6986353 0.590662 4.9823823 1.3445724 11.76141 -2.0373947620391846 0.5112210512161255
Pedestrian 0.0 0 3.4636714458465576 272.1231689453125 177.28216552734375 326.03961181640625 262.8369445800781 0.861139 1.7099439 0.62550676 -6.2937565 1.6472586 14.475889 3.0535504817962646 0.41875529289245605
Pedestrian 0.0 0 -1.3288012742996216 789.230224609375 162.4049835205078 805.9075927734375 196.83584594726562 0.68043685 1.8182197 0.7187828 10.287815 0.86407244 37.804794 -1.0631053447723389 0.40965360403060913
Pedestrian 0.0 0 -0.17050176858901978 996.2525024414062 112.03190612792969 1063.466796875 244.9518280029297 0.72912675 1.7721505 0.44089496 5.802751 0.86097395 9.758044 0.3659844398498535 0.3683149218559265
Pedestrian 0.0 0 -1.5668772459030151 882.7481689453125 152.81959533691406 897.0654296875 192.17417907714844 0.75950027 1.8416086 0.62335163 13.504303 0.5477473 33.55081 -1.1842149496078491 0.3506251871585846
Pedestrian 0.0 0 3.5617403984069824 113.89373016357422 100.99948120117188 211.82925415039062 243.50994873046875 1.0101408 1.9030632 0.55997545 -6.145522 0.84309715 9.784876 3.000941276550293 0.269601970911026
Pedestrian 0.0 0 -0.09301775693893433 511.01080322265625 165.7508544921875 520.5520629882812 186.85531616210938 0.76063627 1.8055997 0.6163012 -7.6643233 0.54492694 60.870033 -0.21827152371406555 0.26870638132095337
Pedestrian 0.0 0 3.7114248275756836 0.0 181.54197692871094 36.73548126220703 236.29397583007812 0.832923 1.7535841 0.7485837 -19.290232 1.7897688 23.08005 3.0152344703674316 0.2597540616989136
Pedestrian 0.0 0 -1.671991229057312 0.05521811917424202 163.6510467529297 16.686119079589844 196.4835968017578 0.58555925 1.9163731 0.6944445 -35.212185 0.9343062 41.717255 -2.3730311393737793 0.24957479536533356
Pedestrian 0.0 0 -0.010980010032653809 773.2112426757812 158.44651794433594 795.45458984375 191.16363525390625 1.2290301 1.8587402 0.52924263 10.276769 0.60721207 40.565815 0.237135648727417 0.21967986226081848
Cyclist 0.0 0 -2.072601079940796 973.716552734375 141.45545959472656 1028.5418701171875 209.0404815673828 1.7948357 1.689046 0.44136855 10.332177 0.7148623 18.56393 -1.564725637435913 0.6002349257469177
Cyclist 0.0 0 -0.010980010032653809 773.2112426757812 158.44651794433594 795.45458984375 191.16363525390625 1.2290301 1.8587402 0.52924263 10.276769 0.60721207 40.565815 0.237135648727417 0.13017943501472473
Car 0.0 0 -0.7982514500617981 0.0 202.10545349121094 293.0829162597656 370.0 3.7397437 1.4766548 1.595409 -3.1581838 1.6372312 3.3151164 -1.5594112873077393 0.7391734719276428
Car 0.0 0 1.5281480550765991 441.1889953613281 174.0765380859375 479.04693603515625 205.62689208984375 3.9457455 1.5006809 1.6979303 -7.3854346 1.1965965 35.745903 1.324405550956726 0.7234575152397156
