Pedestrian 0.0 0 1.3736333847045898 657.8637084960938 172.00042724609375 677.5194091796875 216.46095275878906 0.7964752 1.9012147 0.7060175 2.4564064 1.8650723 31.28881 1.4519802331924438 0.3504008948802948
Pedestrian 0.0 0 0.21105164289474487 204.2024688720703 176.7656707763672 253.7558135986328 285.5920104980469 0.6275486 1.7269157 0.4976826 -6.271856 1.7930002 11.795707 -0.27763837575912476 0.32769837975502014
Pedestrian 0.0 0 3.2768540382385254 77.7336654663086 173.41517639160156 163.9084014892578 313.6374816894531 0.8495078 1.7075844 0.5218339 -6.2751775 1.7154367 9.210415 2.6787798404693604 0.3154730200767517
Pedestrian 0.0 0 1.7906062602996826 668.7271728515625 163.34634399414062 689.146240234375 211.43638610839844 0.69322693 1.8315656 0.65183246 2.627082 1.4698136 27.90812 1.8844629526138306 0.31467151641845703
Pedestrian 0.0 0 2.108811616897583 847.4826049804688 177.5001983642578 906.2435913085938 295.00787353515625 0.68111014 1.6891795 0.55905855 3.955167 1.7621067 10.8352785 2.4588100910186768 0.2894585430622101
Pedestrian 0.0 0 -2.7420082092285156 628.2918090820312 172.723388671875 640.6561889648438 202.92010498046875 0.5223205 1.8128926 0.69018906 1.4522756 1.8054085 43.738377 -2.7088167667388916 0.26592135429382324
Pedestrian 0.0 0 -1.3502633571624756 311.3765869140625 201.58419799804688 344.29052734375 268.8560791015625 0.87776786 1.6822087 0.62953246 -7.4426513 2.455772 18.933762 -1.7247977256774902 0.23518909513950348
Pedestrian 0.0 0 1.857583999633789 791.9104614257812 175.4811248779297 835.4367065429688 270.4944763183594 0.7803585 1.6887083 0.5791678 3.717895 1.7393836 13.33256 2.1295337677001953 0.211106076836586
Pedestrian 0.0 0 2.8326010704040527 293.3395080566406 187.3441162109375 330.4971618652344 271.2254638671875 0.55135596 1.6906486 0.6327828 -6.29339 2.0028234 15.104605 2.4378209114074707 0.20597931742668152
Pedestrian 0.0 0 1.4645591974258423 645.5120239257812 171.39874267578125 660.450927734375 208.2439727783203 0.9544172 1.787534 0.6343856 2.0715866 1.7172909 35.494274 1.5228570699691772 0.20304805040359497
Cyclist 0.0 0 1.8093291521072388 312.6748352050781 200.68511962890625 345.5575866699219 267.55633544921875 0.8474313 1.6787211 0.6243594 -7.4183664 2.4281914 18.956676 1.4363168478012085 0.1225491389632225
Car 0.0 0 -1.4476206302642822 439.3622131347656 184.14938354492188 500.8979187011719 238.8033447265625 3.2005143 1.5290986 1.5021871 -4.340393 1.9077053 22.512274 -1.6380847692489624 0.9534026980400085
Car 0.0 0 3.480628252029419 93.28984069824219 177.18492126464844 322.4804382324219 263.9155578613281 4.2065754 1.8154535 1.7961327 -9.024106 1.9219315 16.450018 2.9788780212402344 0.9230731129646301
Car 0.0 0 1.6765512228012085 474.2619934082031 181.04136657714844 524.7006225585938 224.48289489746094 3.917639 1.5926737 1.6120209 -4.444639 1.9469631 29.195286 1.5254729986190796 0.9024228453636169
Car 0.0 0 1.5667376518249512 499.3066711425781 180.30233764648438 527.19921875 207.1665802001953 4.211761 1.5759579 1.6731077 -6.1758194 2.071305 45.746998 1.4325494766235352 0.32398906350135803
