Pedestrian 0.0 0 1.2942808866500854 556.390380859375 137.5741729736328 607.7027587890625 237.2783966064453 1.000985 1.8448201 0.74265933 -0.49970254 1.0522045 13.668027 1.257737159729004 0.8368497490882874
Pedestrian 0.0 0 0.8993805646896362 859.7639770507812 129.97177124023438 977.864990234375 326.58074951171875 0.98989356 1.8421744 0.6078978 3.1031399 1.3704364 7.1768837 1.3074853420257568 0.7720597386360168
Pedestrian 0.0 0 0.4824121594429016 881.7835693359375 136.69175720214844 1016.2661743164062 343.7962646484375 0.853229 1.663102 0.66628015 2.9601116 1.3130178 6.2139845 0.9269719123840332 0.7520837187767029
Pedestrian 0.0 0 1.2718923091888428 599.4093627929688 134.1092987060547 649.4031372070312 231.4202880859375 1.0138727 1.8316174 0.7108449 0.32507262 0.9600731 13.887825 1.295295000076294 0.7472339868545532
Pedestrian 0.0 0 1.3616408109664917 519.2618408203125 140.50624084472656 565.7864990234375 229.89422607421875 1.0935864 1.8782278 0.80205506 -1.4229941 1.0394971 15.492648 1.2700481414794922 0.6833028197288513
Pedestrian 0.0 0 1.4881598949432373 434.1750793457031 142.52610778808594 468.7804870605469 227.79119873046875 0.84036463 1.7676578 0.6545637 -3.3390925 0.98203206 15.151134 1.2712417840957642 0.6641422510147095
Pedestrian 0.0 0 -3.087526798248291 681.2713623046875 146.63526916503906 710.2763671875 204.87425231933594 0.8683774 1.7829062 0.52413523 2.7938066 0.74774146 21.976124 -2.961076021194458 0.6637141704559326
Pedestrian 0.0 0 -0.014795929193496704 821.8723754882812 120.12785339355469 928.6828002929688 344.1703796386719 0.74712276 1.638451 0.57853085 2.0574622 1.1986538 5.5629034 0.33945560455322266 0.5726776123046875
Pedestrian 0.0 0 1.8129040002822876 508.2221374511719 149.6796112060547 547.0419921875 226.9902801513672 0.8686485 1.757126 0.7179692 -1.8391262 1.0582464 16.542532 1.7021830081939697 0.46055495738983154
Pedestrian 0.0 0 1.18268620967865 452.6089782714844 151.31344604492188 495.9644775390625 232.11940002441406 0.8863641 1.7563983 0.6726361 -2.9893336 1.1236157 15.918204 0.9970548152923584 0.44574329257011414
Pedestrian 0.0 0 -3.1772818565368652 799.8248901367188 143.89080810546875 893.0162353515625 333.31402587890625 0.7468232 1.5749805 0.5882499 2.0654867 1.2722944 6.260551 -2.8586056232452393 0.42087164521217346
Pedestrian 0.0 0 -1.414215087890625 110.58077239990234 138.52455139160156 164.59124755859375 254.36692810058594 0.77774376 1.8501548 0.6393778 -7.8134985 1.1814065 11.774174 -2.00010085105896 0.37495073676109314
Pedestrian 0.0 0 0.4331701397895813 416.87432861328125 149.8343048095703 449.0567321777344 207.48956298828125 0.8542711 1.8892077 0.63737756 -5.7577844 0.8859189 23.55799 0.19346046447753906 0.30990272760391235
Pedestrian 0.0 0 1.9032318592071533 590.8035888671875 148.38885498046875 629.3192749023438 222.66139221191406 1.0160533 1.8125545 0.6798861 0.10046365 1.0305096 17.84194 1.908862590789795 0.288936048746109
Pedestrian 0.0 0 1.3882166147232056 458.22943115234375 145.43194580078125 496.4265441894531 220.26222229003906 1.0593551 1.8376464 0.77403605 -3.2962942 0.97805965 17.991121 1.2070086002349854 0.26528218388557434
Pedestrian 0.0 0 0.9200819730758667 240.13278198242188 137.0836181640625 344.8794860839844 249.66070556640625 1.7826108 1.7469794 0.6249152 -5.215891 1.0748986 11.668403 0.49971747398376465 0.14311406016349792
Cyclist 0.0 0 0.8611403107643127 241.64199829101562 134.54893493652344 350.9482421875 244.79808044433594 1.8183657 1.7192792 0.6171037 -5.160723 1.004353 11.691267 0.4454469680786133 0.6975937485694885
Cyclist 0.0 0 -2.436495542526245 623.0643920898438 155.46034240722656 669.551513671875 203.2284393310547 1.7262541 1.7331197 0.6509696 1.5094033 0.8261522 26.479525 -2.379554510116577 0.49887338280677795
Cyclist 0.0 0 1.8388543128967285 587.588623046875 145.09487915039062 630.3466186523438 222.982177734375 1.3541175 1.8816814 0.7493284 0.07945318 1.0279286 17.829557 1.8433105945587158 0.17509791254997253
Cyclist 0.0 0 1.560390591621399 512.52294921875 146.184326171875 545.5524291992188 225.35484313964844 1.0386254 1.7972199 0.7477601 -1.8299645 1.0198427 16.605865 1.4506335258483887 0.11635702848434448
Cyclist 0.0 0 1.2744210958480835 593.2800903320312 132.32275390625 646.9234619140625 230.94833374023438 1.1045392 1.8434765 0.7563917 0.23719099 0.94460034 13.84607 1.2915500402450562 0.11298704147338867
Cyclist 0.0 0 1.368147611618042 518.8468627929688 140.5911407470703 566.1611328125 230.46356201171875 1.1324989 1.8840237 0.8163817 -1.4230053 1.0490233 15.47743 1.2764647006988525 0.11058436334133148
