Pedestrian 0.0 0 -1.3041170835494995 556.4796142578125 156.06991577148438 624.74951171875 305.20361328125 0.9508029 1.6367445 0.57391095 -0.19941208 1.3703117 8.285314 -1.3281805515289307 0.78987717628479
Pedestrian 0.0 0 0.9915697574615479 835.3176879882812 174.18373107910156 874.3344116210938 242.71812438964844 0.83413076 1.6763908 0.556938 6.230817 1.5234895 17.761477 1.3289616107940674 0.18171626329421997
Pedestrian 0.0 0 -0.13977232575416565 768.9923706054688 136.53302001953125 833.73193359375 246.28262329101562 1.0105827 1.8585083 0.6094363 3.3656895 1.1156166 12.334332 0.12661409378051758 0.14918766915798187
Pedestrian 0.0 0 -0.6165007948875427 852.544921875 150.54989624023438 908.0643920898438 253.42185974121094 0.6534029 1.6865999 0.58983064 4.603299 1.1972158 11.953498 -0.24890436232089996 0.13876481354236603
Pedestrian 0.0 0 0.7792555689811707 452.6548767089844 144.5199432373047 501.43206787109375 233.3349151611328 0.82745594 1.8131914 0.6027101 -2.74001 1.0802702 14.911602 0.5975325107574463 0.11592680215835571
Pedestrian 0.0 0 -0.5277628302574158 960.5662841796875 141.28982543945312 1022.6207885742188 248.24560546875 0.73358846 1.7215806 0.52168125 6.3151736 1.0920999 11.647884 -0.030948322266340256 0.1155775859951973
Pedestrian 0.0 0 -2.217587471008301 58.123172760009766 184.6432342529297 99.16654968261719 249.7608184814453 0.63065815 1.8348517 0.71517414 -15.219906 1.9585406 20.404167 -2.858473062515259 0.11280719190835953
Pedestrian 0.0 0 -3.2872233390808105 747.0609741210938 159.286376953125 796.001220703125 250.41493225097656 0.8867084 1.7947292 0.54791826 3.2999496 1.3785682 14.229443 -3.0593416690826416 0.10577476024627686
Cyclist 0.0 0 3.2991793155670166 220.3753204345703 162.31011962890625 322.83905029296875 255.6879425048828 1.7319747 1.7391815 0.51773727 -6.448105 1.4020282 13.654799 2.857999563217163 0.15331533551216125
Cyclist 0.0 0 -3.601215124130249 1026.6968994140625 204.7386016845703 1129.1226806640625 297.6073913574219 1.5484866 1.706606 0.55145633 8.998551 2.1857493 13.553051 -3.0150954723358154 0.13552890717983246
Cyclist 0.0 0 -1.6804893016815186 859.9641723632812 148.0203857421875 903.6500854492188 257.9839782714844 1.3285025 1.7513165 0.53893346 4.620034 1.2356904 11.966809 -1.312048316001892 0.12079600244760513
Car 0.0 0 0.6156229972839355 286.6114196777344 199.7471160888672 453.40179443359375 261.3448791503906 4.0341983 1.4460627 1.5720017 -6.2546988 1.9949783 18.765257 0.29389095306396484 0.13529521226882935
Car 0.0 0 -2.0682969093322754 658.4861450195312 173.54678344726562 736.38671875 211.97972106933594 3.589883 1.433786 1.5591857 3.6038582 1.1759014 28.327791 -1.9417567253112793 0.10992437601089478
