Pedestrian 0.0 0 -2.2234947681427 125.3324966430664 173.604736328125 174.72708129882812 252.87046813964844 0.6822519 1.7298073 0.65085423 -10.233223 1.5809488 15.846435 -2.796893835067749 0.7541854381561279
Pedestrian 0.0 0 0.4511960744857788 585.6617431640625 157.38992309570312 627.1712036132812 231.99923706054688 0.7937465 1.7493355 0.6589615 -0.0005383082 1.2090877 17.042484 0.45116448402404785 0.7490594983100891
Pedestrian 0.0 0 -1.343674659729004 269.9067687988281 161.50027465820312 305.9891052246094 234.07716369628906 0.8560856 1.7374023 0.63621867 -7.8314133 1.2841738 17.402657 -1.7665389776229858 0.6821300387382507
Pedestrian 0.0 0 1.6600573062896729 158.01658630371094 179.9129180908203 189.4873046875 249.2280731201172 0.82014304 1.7773277 0.63967234 -11.393343 1.7638645 18.634043 1.1112785339355469 0.5357236266136169
Pedestrian 0.0 0 0.502311646938324 387.5189208984375 146.64524841308594 441.4701843261719 237.10824584960938 0.8537016 1.8186604 0.6898546 -3.979704 1.1396747 14.644975 0.23697376251220703 0.4665939509868622
Pedestrian 0.0 0 3.3732402324676514 167.14630126953125 177.18011474609375 210.25018310546875 247.23985290527344 0.8097728 1.6990595 0.58843994 -10.357658 1.6201469 17.54333 2.8399062156677246 0.460958331823349
Pedestrian 0.0 0 -1.6675771474838257 293.0960388183594 164.02432250976562 345.0536804199219 246.20799255371094 0.918032 1.70322 0.95409846 -6.2271123 1.3633924 15.276546 -2.054640054702759 0.45890504121780396
Pedestrian 0.0 0 -0.9138790369033813 371.81787109375 170.9437255859375 406.7587890625 230.96319580078125 0.7392959 1.7643831 0.69947284 -6.511693 1.4850245 21.249113 -1.2112385034561157 0.4219912886619568
Pedestrian 0.0 0 -1.8052153587341309 194.69317626953125 153.52537536621094 210.28944396972656 188.70150756835938 0.61913115 2.0398362 0.6691116 -23.606548 0.47697574 41.450882 -2.322911262512207 0.41247814893722534
Cyclist 0.0 0 -0.4757450819015503 1113.4066162109375 131.2970428466797 1207.1961669921875 202.0205535888672 1.7874014 1.762728 0.6550575 14.154854 0.53797793 18.106274 0.18777775764465332 0.9089870452880859
Cyclist 0.0 0 -1.3666669130325317 886.582763671875 145.97048950195312 917.7279663085938 197.41091918945312 1.9831657 1.7665344 0.64007944 10.610816 0.58227694 25.274687 -0.9691920280456543 0.6180543899536133
Cyclist 0.0 0 -0.558955192565918 856.41455078125 151.6056365966797 906.1251220703125 195.05555725097656 1.8219315 1.7385951 0.64066744 11.215658 0.5839181 28.771044 -0.18725143373012543 0.5642725229263306
Cyclist 0.0 0 1.7935947179794312 389.3519287109375 147.12527465820312 439.1013488769531 236.79391479492188 1.0757185 1.7955434 0.7837875 -3.9914026 1.1288692 14.70704 1.5285840034484863 0.13633553683757782
Cyclist 0.0 0 -1.343674659729004 269.9067687988281 161.50027465820312 305.9891052246094 234.07716369628906 0.8560856 1.7374023 0.63621867 -7.8314133 1.2841738 17.402657 -1.7665389776229858 0.10754601657390594
Car 0.0 0 -1.2578099966049194 259.5643005371094 183.6114044189453 462.39129638671875 308.2369689941406 3.8548565 1.4250264 1.5715021 -3.2598464 1.4796437 10.103952 -1.5698975324630737 0.9697772264480591
Car 0.0 0 -0.6543126106262207 1075.934814453125 148.39927673339844 1207.3529052734375 190.5514373779297 3.6001384 1.4857149 1.5632043 19.419716 0.35580423 25.71096 -0.007422473281621933 0.5858778953552246
Car 0.0 0 1.5319206714630127 466.4325866699219 167.41683959960938 491.0138244628906 190.04383850097656 3.770201 1.5500282 1.5750718 -9.033389 0.6550938 50.44045 1.3547091484069824 0.5799852609634399
