Pedestrian 0.0 0 1.673946738243103 772.1472778320312 159.19361877441406 785.40478515625 193.98342895507812 0.6447262 1.9791424 0.67969346 9.665885 1.2023809 41.460056 1.9029927253723145 0.30309414863586426
Pedestrian 0.0 0 1.3807718753814697 1200.95947265625 132.29473876953125 1242.0 223.28895568847656 0.97182983 1.8443757 0.67922163 12.9508705 1.0226316 15.212383 2.0860419273376465 0.2610129117965698
Pedestrian 0.0 0 1.2015573978424072 925.29736328125 140.5637969970703 957.9061889648438 202.34249877929688 0.8807783 1.8372294 0.62226814 10.015178 0.877313 21.91307 1.630251407623291 0.22490689158439636
Pedestrian 0.0 0 -3.430112838745117 832.6092529296875 149.9921112060547 852.9130249023438 197.97239685058594 0.6404281 1.9878155 0.68501925 9.709715 1.041009 30.239973 -3.119422674179077 0.1828061044216156
Pedestrian 0.0 0 1.095487117767334 1073.2392578125 178.234130859375 1105.920654296875 233.83218383789062 0.7723481 1.8526578 0.6426117 16.258825 2.0391486 24.540754 1.680615782737732 0.15580223500728607
Cyclist 0.0 0 -2.206575632095337 1182.7491455078125 203.00914001464844 1242.0 276.0000305175781 1.6269892 1.6510334 0.39068696 14.900935 2.4308012 17.822765 -1.510229229927063 0.2999993562698364
Car 0.0 0 2.149930715560913 28.931028366088867 195.78468322753906 150.2543487548828 247.56967163085938 3.7093084 1.4955465 1.543366 -17.480536 2.3310893 24.391289 1.5281034708023071 0.8517369627952576
Car 0.0 0 1.3204368352890015 709.540771484375 166.81842041015625 745.0725708007812 189.58982849121094 3.8684554 1.568562 1.5974668 8.33143 1.1531699 51.69744 1.4802205562591553 0.2791347801685333
Car 0.0 0 0.21976631879806519 1169.3321533203125 174.2736358642578 1242.0 215.340576171875 3.754272 1.49626 1.6626043 24.56788 1.5564952 28.427532 0.9324629306793213 0.15527117252349854
Car 0.0 0 -1.7033019065856934 532.9202880859375 172.89527893066406 558.637451171875 192.06875610351562 3.9257379 1.5860283 1.6846981 -5.5530157 1.59004 61.79199 -1.7929273843765259 0.15386128425598145
Car 0.0 0 -0.7983505725860596 1058.1541748046875 165.34603881835938 1184.696044921875 206.6264190673828 3.9140587 1.4800237 1.5852137 19.061457 1.2111987 27.003222 -0.1836787760257721 0.12015145272016525
Car 0.0 0 2.1916191577911377 1101.569091796875 178.1794891357422 1230.412353515625 224.9688262939453 3.7981565 1.5065749 1.6100113 19.089207 1.7001517 24.853535 2.846583843231201 0.1177438423037529
