Pedestrian 0.0 0 -1.8353724479675293 712.2207641601562 164.0187225341797 731.4262084960938 206.0655517578125 0.74554366 1.8532866 0.67464906 4.947469 1.4642149 32.20846 -1.6829559803009033 0.31001490354537964
Pedestrian 0.0 0 -1.8047280311584473 808.5069580078125 187.30531311035156 857.360595703125 279.6524353027344 1.7240552 1.674868 0.5266979 4.3179774 1.9779239 14.234223 -1.5101990699768066 0.20799972116947174
Cyclist 0.0 0 -1.8016571998596191 808.2023315429688 187.26065063476562 855.9744873046875 278.872802734375 1.6840026 1.6670359 0.52194947 4.308389 1.9691374 14.252975 -1.5081099271774292 0.8241362571716309
Car 0.0 0 -1.7122008800506592 682.4500122070312 179.08116149902344 784.2007446289062 266.7422790527344 3.850446 1.6613345 1.6391407 2.5288033 1.8155444 15.885536 -1.554336428642273 0.9242641925811768
Car 0.0 0 1.778962254524231 418.4118347167969 187.91038513183594 523.9636840820312 277.5526123046875 3.4271088 1.6216913 1.5198506 -2.8823533 1.9787745 15.362005 1.5934900045394897 0.8943990468978882
Car 0.0 0 -1.6938527822494507 665.757568359375 185.01287841796875 737.1378784179688 243.5369415283203 3.5576577 1.4623314 1.5684005 2.4694502 1.8390181 20.547987 -1.5742467641830444 0.8927838802337646
Car 0.0 0 -1.7532727718353271 647.5125122070312 175.4429473876953 717.1031494140625 228.99041748046875 4.2980714 1.7216423 1.6831585 2.4243753 1.8219016 25.624859 -1.6589432954788208 0.8421216011047363
Car 0.0 0 1.6105775833129883 532.8449096679688 180.280029296875 566.9131469726562 211.61111450195312 4.428659 1.6014618 1.7174282 -3.331476 2.0386631 40.19334 1.527880311012268 0.8175094127655029
Car 0.0 0 -1.6704415082931519 640.0548095703125 174.4314727783203 678.7495727539062 208.40135192871094 4.3076043 1.7751067 1.7128028 2.6524324 1.8678763 40.085335 -1.6043682098388672 0.37042003870010376
Car 0.0 0 0.227117657661438 0.0 0.0 1242.0 375.0 3.9702294 1.509231 1.599422 3.0009236 1.2737986 1.3754303 1.368149757385254 0.3301035463809967
Car 0.0 0 -1.6153026819229126 632.9090576171875 180.0891876220703 659.8093872070312 204.27386474609375 3.8458884 1.4926102 1.5956213 2.3324685 1.9896955 47.607666 -1.5663483142852783 0.26646488904953003
