Pedestrian 0.0 0 1.0560654401779175 1174.439208984375 111.4774169921875 1242.0 246.88072204589844 0.9916874 1.7887712 0.64449084 8.484058 0.978302 10.075948 1.7559031248092651 0.6271321177482605
Pedestrian 0.0 0 0.06267425417900085 404.432373046875 208.0841827392578 425.3139953613281 253.0199432373047 0.7651965 1.7327788 0.74428934 -7.8667336 3.168576 28.954489 -0.2026149332523346 0.43110930919647217
Car 0.0 0 -1.9485162496566772 558.54931640625 209.85711669921875 794.3514404296875 374.5575866699219 4.161184 1.4829133 1.6358391 0.5616892 2.096834 9.729073 -1.8908472061157227 0.9448150992393494
Car 0.0 0 -1.8308303356170654 501.1047058105469 206.04673767089844 631.5404663085938 305.39422607421875 3.6631663 1.4741663 1.6013197 -1.0333565 2.2116585 14.028163 -1.9043605327606201 0.8791065812110901
Car 0.0 0 -2.3013505935668945 690.1898803710938 202.9990692138672 1242.0 375.0 3.489085 1.4697875 1.5676314 2.0204942 1.7670995 5.196211 -1.9305016994476318 0.8773540258407593
Car 0.0 0 -1.7838693857192993 441.69976806640625 199.3497772216797 531.8975219726562 272.54840087890625 3.5207012 1.5832571 1.6029847 -3.3648326 2.3500404 18.935871 -1.9597299098968506 0.8705969452857971
Car 0.0 0 1.860966444015503 0.0 223.666259765625 175.28964233398438 375.0 4.0540185 1.47714 1.6148396 -6.142792 2.1872172 7.893486 1.1996538639068604 0.8420549035072327
Car 0.0 0 1.6230323314666748 212.63597106933594 199.53721618652344 275.65191650390625 260.1872863769531 4.260673 1.7225602 1.7072928 -12.521783 2.7250445 24.801968 1.1554958820343018 0.827843427658081
Car 0.0 0 1.7685532569885254 99.14359283447266 217.51197814941406 234.17385864257812 321.825927734375 3.6436753 1.511082 1.5454892 -8.542208 2.5076642 14.11724 1.224399209022522 0.783778727054596
Car 0.0 0 -1.581402063369751 407.36370849609375 201.25408935546875 450.9067687988281 243.96180725097656 4.227086 1.518877 1.6910336 -7.8149557 2.825403 30.922617 -1.8289449214935303 0.6802768111228943
