Pedestrian 0.0 0 1.1466929912567139 932.5781860351562 178.59664916992188 970.9717407226562 244.8890838623047 0.7231334 1.5576308 0.5890047 8.1749525 1.6992526 17.380293 1.5863467454910278 0.3810994327068329
Pedestrian 0.0 0 -1.2104806900024414 896.81640625 168.8078155517578 919.2164306640625 211.02272033691406 0.6682195 1.7381117 0.67419076 12.424903 1.571876 30.179346 -0.8199270963668823 0.25251850485801697
Pedestrian 0.0 0 -1.139168620109558 243.4662322998047 184.0855255126953 260.5254211425781 209.10252380371094 1.458261 1.7032093 0.50768334 -25.087265 2.5014431 50.518364 -1.6000900268554688 0.2235691100358963
Pedestrian 0.0 0 2.6232845783233643 764.3162231445312 135.4725799560547 801.60107421875 212.88560485839844 0.6394004 1.7892948 0.60744506 4.03454 0.92563295 17.056185 2.8555593490600586 0.20833566784858704
Pedestrian 0.0 0 -1.902038335800171 1052.7056884765625 137.11984252929688 1090.76904296875 205.84994506835938 0.85549563 1.8789015 0.65391773 12.877267 0.90238106 20.214542 -1.3348350524902344 0.19503210484981537
Cyclist 0.0 0 -1.9269369840621948 713.3663330078125 182.416015625 730.9209594726562 214.57620239257812 1.585461 1.6699768 0.40210742 5.9806304 2.1949522 38.767235 -1.7738734483718872 0.1682344377040863
Cyclist 0.0 0 -1.0782498121261597 242.8671112060547 185.19920349121094 260.0191345214844 209.6095733642578 1.3131593 1.6627452 0.5161472 -25.108885 2.5382402 50.481937 -1.539802074432373 0.11923026293516159
Car 0.0 0 2.153486728668213 13.134489059448242 201.51031494140625 275.36090087890625 315.4084167480469 4.4154186 1.4866065 1.70079 -7.899439 2.082803 12.768705 1.5994621515274048 0.8986560106277466
Car 0.0 0 -1.482590913772583 588.965576171875 184.07249450683594 624.6815795898438 213.82289123535156 3.903784 1.4875717 1.6243523 -0.16358188 2.1350832 39.60691 -1.4867210388183594 0.687275230884552
Car 0.0 0 1.0966694355010986 704.3162231445312 174.56602478027344 762.59375 202.96824645996094 3.9509819 1.4969994 1.578387 6.812152 1.5982691 40.40485 1.2636960744857788 0.333280086517334
Car 0.0 0 1.9255648851394653 269.5074462890625 191.13954162597656 405.44287109375 266.413818359375 4.272358 1.4800422 1.6553768 -6.405912 1.9745698 17.35969 1.5720553398132324 0.21711832284927368
Car 0.0 0 1.7109278440475464 468.93780517578125 178.33534240722656 519.6736450195312 215.89532470703125 4.2145085 1.5384327 1.6684237 -5.1438065 1.8002453 32.292065 1.5529648065567017 0.21512335538864136
Car 0.0 0 -1.8246839046478271 658.814208984375 172.20550537109375 688.7155151367188 190.98736572265625 3.9375634 1.5626825 1.6214428 5.42945 1.509083 62.10638 -1.7374838590621948 0.19519799947738647
Car 0.0 0 1.7589282989501953 460.0521240234375 188.32508850097656 504.5474548339844 219.7567596435547 3.8432739 1.458451 1.5752119 -6.5820904 2.3003154 37.31119 1.584314227104187 0.16987857222557068
