Car 0.0 0 1.8570857048034668 290.20684814453125 194.74740600585938 443.96539306640625 309.2740478515625 3.5713947 1.5720937 1.5303322 -4.035002 2.003576 12.399106 1.5424678325653076 0.9163261651992798
Car 0.0 0 -1.8830260038375854 753.279541015625 189.28353881835938 962.8873901367188 323.5201721191406 3.8766556 1.4327437 1.5700849 3.147055 1.7079611 10.121615 -1.5815774202346802 0.8873014450073242
Car 0.0 0 -1.7640068531036377 677.9414672851562 179.54208374023438 789.0316772460938 267.84661865234375 3.6307132 1.6173083 1.6198511 2.436953 1.7769141 15.334527 -1.60640549659729 0.8865742087364197
Car 0.0 0 2.0605008602142334 0.0 216.79383850097656 359.3020935058594 375.0 4.0460653 1.4824637 1.6255907 -3.4948077 1.9620013 5.8030868 1.5184413194656372 0.8303921222686768
Car 0.0 0 -1.6279658079147339 636.4212646484375 180.89251708984375 683.9137573242188 223.90988159179688 4.0107775 1.5041834 1.5940125 1.837407 1.8388311 27.991135 -1.5624173879623413 0.803385853767395
Car 0.0 0 -2.185375690460205 846.0753173828125 196.18421936035156 1242.0 375.0 4.2004175 1.4949914 1.6467221 3.3105264 1.7375393 5.341863 -1.6305732727050781 0.786666214466095
Car 0.0 0 1.6582239866256714 504.6305236816406 178.68576049804688 535.0803833007812 204.87330627441406 3.7540298 1.5440093 1.5766904 -5.6508307 1.9258509 45.291878 1.5341006517410278 0.62818443775177
Car 0.0 0 1.6871787309646606 440.0552673339844 172.11538696289062 508.6442565917969 229.5377197265625 4.198959 1.7139411 1.730694 -4.396677 1.6922532 23.68651 1.503648042678833 0.5817217826843262
Car 0.0 0 -1.7216366529464722 607.3762817382812 176.91233825683594 642.3057861328125 203.17796325683594 3.7471473 1.5273913 1.6022751 0.8408197 1.7892385 44.525124 -1.7027547359466553 0.3891492187976837
Car 0.0 0 -1.6795954704284668 628.2840576171875 180.46287536621094 669.7688598632812 214.4611358642578 3.3077073 1.4644018 1.5654304 1.7282249 1.83627 33.531025 -1.6280999183654785 0.37484505772590637
