Pedestrian 0.0 0 3.0275728702545166 65.06875610351562 130.78868103027344 131.7405242919922 260.41107177734375 0.7545659 1.8618097 0.5716565 -7.729246 1.2579693 10.825893 2.4075396060943604 0.5399614572525024
Cyclist 0.0 0 -1.7396454811096191 764.1596069335938 160.06689453125 782.8062744140625 207.91749572753906 1.5809654 1.5841055 0.35748303 5.5380116 1.1611433 24.682615 -1.5189317464828491 0.40845751762390137
Car 0.0 0 -1.830149531364441 678.7152709960938 177.41798400878906 849.5780639648438 295.00677490234375 4.0515842 1.5154724 1.6020046 2.1800008 1.6019665 11.53626 -1.6433824300765991 0.9161263704299927
Car 0.0 0 1.9439712762832642 168.83987426757812 189.41567993164062 458.5841369628906 375.0 3.7002711 1.4574347 1.5673902 -2.8971703 1.6800457 7.816004 1.5890008211135864 0.9153294563293457
Car 0.0 0 -1.68436861038208 618.1072998046875 176.06028747558594 651.7322998046875 201.86659240722656 4.1953006 1.5225872 1.633756 1.4838927 1.7336652 45.261024 -1.651595115661621 0.8723439574241638
Car 0.0 0 -2.780796527862549 258.02850341796875 181.951171875 437.36859130859375 237.7847442626953 4.245052 1.4159144 1.5785087 -7.000413 1.6709979 19.381388 -3.1274073123931885 0.8249789476394653
Car 0.0 0 3.526301383972168 134.7981719970703 178.93576049804688 373.8120422363281 260.55712890625 4.0165124 1.5250664 1.6106656 -7.073385 1.6560705 14.55798 3.0740160942077637 0.623006284236908
Car 0.0 0 -2.7317495346069336 394.79241943359375 182.31813049316406 498.2630920410156 219.11073303222656 3.8484435 1.4221627 1.5180675 -6.7110686 1.8247135 29.557339 -2.955016851425171 0.6060980558395386
Car 0.0 0 -2.826664686203003 412.35723876953125 177.20008850097656 508.0533142089844 211.13760375976562 3.8516586 1.4411912 1.539152 -6.6195383 1.6393813 31.864735 -3.0314900875091553 0.44490018486976624
Car 0.0 0 0.13886494934558868 444.7079772949219 181.99441528320312 523.3863525390625 209.94573974609375 4.031026 1.4636507 1.5951425 -6.83392 1.9717226 39.210796 -0.033688515424728394 0.4410381019115448
Car 0.0 0 -2.5950284004211426 366.190673828125 181.28233337402344 471.40606689453125 221.93710327148438 3.5551698 1.427308 1.4932075 -7.197247 1.7579377 27.052828 -2.8550496101379395 0.41680875420570374
