Pedestrian 0.0 0 -1.111524224281311 315.25244140625 201.76708984375 353.2426452636719 269.7706298828125 0.8423125 1.7545857 0.6519331 -7.470357 2.5522783 19.445587 -1.4783076047897339 0.31475403904914856
Cyclist 0.0 0 -0.993314802646637 130.5982666015625 208.72398376464844 189.73342895507812 281.27728271484375 1.6814461 1.6072928 0.37262464 -11.026732 2.5277164 17.660543 -1.5514616966247559 0.2983383536338806
Car 0.0 0 -1.89772367477417 797.816650390625 197.53907775878906 1051.1160888671875 360.3428039550781 4.1968265 1.476099 1.6009763 3.6338558 1.8682864 9.318083 -1.5258859395980835 0.9464726448059082
Car 0.0 0 -1.7760132551193237 748.2466430664062 191.00376892089844 875.1945190429688 283.3212890625 4.2504454 1.5277567 1.6432087 3.9404628 1.9588273 14.954717 -1.5183762311935425 0.9350036978721619
Car 0.0 0 1.7778137922286987 456.8631896972656 190.40016174316406 525.2684326171875 244.17373657226562 3.7317367 1.6310893 1.6051081 -4.08315 2.2862449 25.02372 1.6160680055618286 0.9049668312072754
Car 0.0 0 1.733586072921753 494.6748352050781 186.7562255859375 548.2745361328125 231.4127655029297 3.979949 1.6709223 1.6074027 -3.6836147 2.293625 30.27574 1.6125123500823975 0.8209231495857239
Car 0.0 0 -1.607021450996399 694.0519409179688 184.879638671875 724.8350219726562 212.18948364257812 3.8181748 1.494566 1.6804647 5.8803596 2.2482395 43.21335 -1.4717748165130615 0.6097673177719116
Car 0.0 0 0.38445335626602173 199.06227111816406 193.03834533691406 319.5145263671875 232.28501892089844 4.157573 1.5151484 1.6657425 -14.45667 2.3769257 29.820663 -0.06694994866847992 0.5114780068397522
Car 0.0 0 -2.9518110752105713 1052.455322265625 181.52560424804688 1242.0 269.5031433105469 3.5817146 1.497021 1.617203 11.140817 1.6944655 14.5204315 -2.297360420227051 0.5012257695198059
Car 0.0 0 1.7060574293136597 535.4528198242188 189.8225555419922 574.8886108398438 220.03602600097656 3.9152355 1.4822958 1.6489382 -2.9967823 2.462295 39.650204 1.6306203603744507 0.34701961278915405
