Pedestrian 0.0 0 1.460313081741333 895.398193359375 163.03294372558594 919.8838500976562 214.8253936767578 0.962974 1.7906036 0.69597906 10.466969 1.4514216 25.501451 1.8497920036315918 0.688077449798584
Pedestrian 0.0 0 -1.926382303237915 1057.07177734375 150.43634033203125 1093.7486572265625 215.4810333251953 0.8513188 1.7791022 0.6032143 12.979972 1.1662924 20.213013 -1.3555388450622559 0.28580665588378906
Pedestrian 0.0 0 -1.164365291595459 184.31581115722656 162.4742889404297 226.96990966796875 240.19442749023438 0.8421726 1.8726279 0.6404195 -10.031996 1.6228919 17.834934 -1.6767481565475464 0.2706699073314667
Pedestrian 0.0 0 -3.1161203384399414 659.2655639648438 173.93077087402344 676.1615600585938 208.90818786621094 0.8045802 1.6824425 0.5869311 2.7689006 1.7356209 35.058113 -3.0373036861419678 0.19605740904808044
Cyclist 0.0 0 -1.188828945159912 0.0 153.44166564941406 73.32878875732422 281.40887451171875 1.862482 1.8140825 0.47227377 -9.040285 1.5392481 11.185423 -1.8685622215270996 0.237823024392128
Cyclist 0.0 0 1.4594981670379639 896.0081787109375 163.60780334472656 919.5914306640625 215.9143524169922 0.9355857 1.8077255 0.6678723 10.462397 1.4885333 25.475294 1.849184274673462 0.14474157989025116
Car 0.0 0 1.7754594087600708 513.8668823242188 177.8421173095703 595.466064453125 237.88461303710938 3.7427127 1.5060282 1.5638115 -1.5112002 1.6608121 20.37785 1.701435923576355 0.9380303025245667
Car 0.0 0 2.2651240825653076 0.0 206.58058166503906 394.6888427734375 375.0 3.5957587 1.4649718 1.5316366 -2.4290633 1.7050349 3.2863197 1.6286070346832275 0.7840633988380432
Car 0.0 0 1.7958356142044067 684.0726928710938 174.86561584472656 715.390380859375 195.6450958251953 3.7746494 1.4966456 1.5411547 6.7714562 1.6543472 54.397537 1.9196795225143433 0.29656851291656494
Car 0.0 0 0.37130653858184814 924.0584716796875 176.89292907714844 984.81591796875 196.2796173095703 3.8645778 1.4036577 1.593175 26.196648 1.7228668 55.005756 0.8157765865325928 0.22441327571868896
Car 0.0 0 0.7961317896842957 862.224365234375 176.14266967773438 940.106689453125 205.680908203125 3.930598 1.484621 1.5867109 15.562255 1.6717403 38.853622 1.1770997047424316 0.20145173370838165
Car 0.0 0 0.6965582966804504 915.2401733398438 170.14735412597656 974.1992797851562 191.75167846679688 3.7376244 1.5094901 1.5856413 24.244757 1.3207347 52.439384 1.1296255588531494 0.19421933591365814
Car 0.0 0 -2.6746575832366943 415.3408508300781 187.5022430419922 489.85791015625 214.4820556640625 3.8120039 1.4285368 1.5824631 -8.918641 2.2822382 40.789963 -2.8899178504943848 0.19384276866912842
Car 0.0 0 1.2955337762832642 919.855712890625 167.31053161621094 963.5696411132812 192.1350860595703 3.802678 1.5606714 1.6276978 21.683693 1.2125216 47.362656 1.7248739004135132 0.1837606579065323
