Pedestrian 0.0 0 -1.9478702545166016 1042.6876220703125 153.09425354003906 1065.828125 207.24960327148438 0.4182871 1.9630396 0.6096782 16.214975 1.2471399 26.410408 -1.3972481489181519 0.47738611698150635
Pedestrian 0.0 0 1.0760064125061035 921.8492431640625 179.74282836914062 992.3699951171875 285.49029541015625 1.0185999 1.7734514 0.7173984 6.0317397 1.9000576 12.6935425 1.5196030139923096 0.4486049711704254
Pedestrian 0.0 0 -1.8297640085220337 428.4823303222656 153.13360595703125 448.7180480957031 200.4629364013672 0.62241787 1.936976 0.68017375 -7.16113 1.1302669 29.961721 -2.0643720626831055 0.2995609939098358
Pedestrian 0.0 0 -2.0116164684295654 986.8225708007812 188.9981689453125 1017.1854858398438 243.59957885742188 0.8454853 1.5828383 0.4828913 11.684373 2.0764413 21.606688 -1.5158827304840088 0.24175682663917542
Pedestrian 0.0 0 -0.4033339321613312 887.60693359375 145.72763061523438 925.0824584960938 204.22894287109375 0.93750185 1.8069388 0.5650133 9.219056 0.9694408 22.573286 -0.015602437779307365 0.2286793440580368
Pedestrian 0.0 0 -1.505760669708252 584.0869140625 156.98997497558594 600.9183349609375 197.19854736328125 0.62590843 1.9263422 0.7756922 -0.8813011 1.1666746 34.893356 -1.5310122966766357 0.21925340592861176
Pedestrian 0.0 0 -1.9764325618743896 1048.9053955078125 145.06300354003906 1097.94384765625 224.856689453125 1.0547239 1.912523 0.6563572 11.40747 1.246777 17.864866 -1.4081543684005737 0.21657191216945648
Pedestrian 0.0 0 -3.672104597091675 1095.6907958984375 128.046142578125 1156.0460205078125 213.24569702148438 0.9186086 1.8352803 0.56688505 11.279256 0.8704337 15.8624115 -3.0539889335632324 0.19626037776470184
Pedestrian 0.0 0 -2.0633068084716797 1073.822509765625 132.1320343017578 1100.1156005859375 188.75979614257812 0.40470132 2.014225 0.6759274 17.070694 0.5661206 25.894053 -1.4804552793502808 0.18608850240707397
Pedestrian 0.0 0 2.1606245040893555 1179.6376953125 194.87551879882812 1242.0 337.23699951171875 0.6769635 1.6895078 0.62248546 7.685418 1.978857 9.073856 2.863365411758423 0.18282409012317657
Pedestrian 0.0 0 -2.3653321266174316 1019.0173950195312 149.1099853515625 1078.8118896484375 225.76397705078125 1.1166221 1.746018 0.58340317 10.301759 1.205537 17.04563 -1.8217101097106934 0.1770734041929245
Pedestrian 0.0 0 -2.025135040283203 1131.12109375 197.3345947265625 1242.0 358.0882263183594 0.92625266 1.6200169 0.6744742 6.3004317 1.9080967 7.9529734 -1.3551616668701172 0.1700037717819214
Cyclist 0.0 0 -1.672482967376709 995.4136962890625 144.8299560546875 1028.5645751953125 221.14236450195312 1.8012078 1.6901959 0.49178672 9.347886 1.0698668 16.902973 -1.167314887046814 0.28016793727874756
Cyclist 0.0 0 -1.9564155340194702 795.72900390625 155.51010131835938 832.9833984375 210.89845275878906 1.7157685 1.6375393 0.48912042 6.2233543 1.1251303 22.209194 -1.6832072734832764 0.1652286946773529
Cyclist 0.0 0 1.040164828300476 919.196044921875 179.30624389648438 990.271484375 284.09735107421875 1.129505 1.7623256 0.6518936 6.0367885 1.8824285 12.796304 1.480966567993164 0.11028066277503967
Car 0.0 0 -1.7786996364593506 674.3084716796875 181.34637451171875 783.7822265625 255.9298095703125 4.3111067 1.47183 1.6317797 2.5852191 1.6974115 16.93479 -1.6272119283676147 0.9522859454154968
Car 0.0 0 1.0723910331726074 1129.4471435546875 208.02410888671875 1242.0 375.0 3.7242146 1.4509672 1.5185701 6.8955355 1.9044127 7.2982836 1.8294219970703125 0.38028258085250854
Car 0.0 0 -0.4265429973602295 798.584228515625 156.832275390625 936.0578002929688 206.1539306640625 3.686782 1.4567697 1.5323962 7.8267436 0.9839084 22.234037 -0.08807303011417389 0.1664118468761444
