Pedestrian 0.0 0 2.0480308532714844 345.0850524902344 152.0303497314453 437.0294494628906 303.5218811035156 0.9599903 1.7742456 0.7398142 -2.7560651 1.5307201 8.986157 1.7504374980926514 0.526413083076477
Pedestrian 0.0 0 3.2438578605651855 292.75555419921875 136.99778747558594 383.9366455078125 326.3896179199219 0.7612013 1.7047743 0.55607873 -2.615931 1.3823795 6.8591924 2.8795089721679688 0.394853800535202
Pedestrian 0.0 0 -0.17573313415050507 603.0310668945312 164.63922119140625 624.744384765625 207.53741455078125 0.8005803 1.7573868 0.63918793 0.11606302 1.4212146 29.939445 -0.1718565672636032 0.38281163573265076
Pedestrian 0.0 0 -0.11503472924232483 925.75341796875 180.50454711914062 945.44970703125 215.32798767089844 0.87575233 1.829864 0.7878232 17.396214 2.2453766 38.643192 0.3079650402069092 0.14925019443035126
Cyclist 0.0 0 -0.13398422300815582 601.23486328125 164.57980346679688 625.5076293945312 208.57553100585938 0.9339674 1.8032005 0.60112184 0.094295256 1.4644337 29.928968 -0.13083359599113464 0.14484915137290955
Car 0.0 0 -0.3592926263809204 932.4853515625 175.28463745117188 1230.7626953125 277.9071960449219 3.954684 1.5829641 1.6637934 7.802012 1.6291769 12.396939 0.20242857933044434 0.894581139087677
Car 0.0 0 1.4002766609191895 584.5127563476562 180.06396484375 617.1658935546875 202.6820526123047 4.1750093 1.4908868 1.6226288 -0.7212532 2.0245008 51.162056 1.3861801624298096 0.4343225955963135
Car 0.0 0 2.9135212898254395 114.82553100585938 178.1162109375 197.65463256835938 204.08676147460938 4.0227766 1.485313 1.6152157 -27.699598 1.8216505 44.06926 2.3523755073547363 0.3660202622413635
Car 0.0 0 2.6103436946868896 0.0 181.1948699951172 77.03279113769531 205.82911682128906 3.7333517 1.4900326 1.5663096 -37.255604 2.057521 47.034138 1.9404401779174805 0.18839199841022491
Car 0.0 0 2.077346086502075 95.90442657470703 188.38327026367188 148.51600646972656 209.86883544921875 3.608797 1.4220524 1.6131624 -35.33308 2.5887551 52.321354 1.4833842515945435 0.16896730661392212
Car 0.0 0 2.496129274368286 164.88050842285156 178.89999389648438 223.9254913330078 200.16534423828125 3.516446 1.4655956 1.5492853 -30.35239 1.9239892 52.738796 1.9739019870758057 0.16221322119235992
Car 0.0 0 1.15424382686615 789.62841796875 179.5009765625 859.5385131835938 212.30816650390625 4.1504507 1.462178 1.7250117 10.338054 1.8068678 35.204754 1.4398694038391113 0.16173750162124634
