Pedestrian 0.0 0 1.0551719665527344 970.7390747070312 121.23762512207031 1070.8829345703125 254.56565856933594 1.558447 1.808877 0.57185143 5.9107285 1.1089495 10.567262 1.5651603937149048 0.20379096269607544
Pedestrian 0.0 0 -2.1414198875427246 941.8238525390625 139.99850463867188 1031.59521484375 256.6846618652344 1.6142287 1.8574568 0.5691152 6.329667 1.3348076 12.313614 -1.6666048765182495 0.15481579303741455
Pedestrian 0.0 0 -1.000340223312378 0.0 164.25973510742188 22.89647674560547 220.89248657226562 0.58141726 1.9020277 0.7241702 -20.629148 1.6137446 24.564882 -1.6988723278045654 0.13226228952407837
Pedestrian 0.0 0 -1.5860661268234253 618.5120849609375 168.21913146972656 626.2200317382812 188.2583770751953 0.84339046 1.8079267 0.6862197 1.1008087 1.3901303 65.51612 -1.569265604019165 0.12211598455905914
Cyclist 0.0 0 -1.9975311756134033 974.93701171875 121.08074188232422 1063.2015380859375 252.7325439453125 1.4762464 1.7835344 0.5505562 5.871861 1.0825013 10.530363 -1.4888622760772705 0.1765216886997223
Cyclist 0.0 0 -2.2444651126861572 937.4033203125 144.75540161132812 1035.1728515625 259.0202941894531 1.6600747 1.8137511 0.56018716 6.322454 1.368094 12.319462 -1.7703065872192383 0.15796293318271637
Cyclist 0.0 0 -1.4444174766540527 804.4097900390625 142.640869140625 829.8740234375 203.6782684326172 1.663921 1.6877154 0.50358176 5.9402113 0.8526648 20.812069 -1.1663885116577148 0.12169481813907623
Car 0.0 0 -1.4515200853347778 573.6632080078125 175.22674560546875 607.7823486328125 201.5260009765625 3.941935 1.527611 1.6387686 -1.1721972 1.6804078 44.314556 -1.4779657125473022 0.6916611194610596
Car 0.0 0 1.7906352281570435 386.7380676269531 177.67068481445312 452.5900573730469 220.14727783203125 3.7939575 1.458747 1.6035633 -7.1149907 1.6531379 27.138187 1.5342297554016113 0.23374320566654205
Car 0.0 0 -1.2905967235565186 342.051025390625 187.89736938476562 426.0662536621094 240.79283142089844 3.5576203 1.4250941 1.5443687 -6.910608 1.9268582 22.252028 -1.5917140245437622 0.21190592646598816
Car 0.0 0 1.8482736349105835 415.1231689453125 180.12852478027344 475.85888671875 215.72378540039062 3.964836 1.4295658 1.5848185 -7.215529 1.7712009 31.824814 1.6253165006637573 0.19193992018699646
Car 0.0 0 1.838602066040039 498.10101318359375 180.09524536132812 530.8862915039062 199.82666015625 3.957222 1.478303 1.608161 -7.613069 2.0779688 57.64447 1.7072926759719849 0.1621326357126236
Car 0.0 0 -1.5000782012939453 640.4830932617188 163.0359344482422 661.945556640625 182.06390380859375 4.130487 1.7438787 1.7421519 3.9112384 0.8444271 68.28438 -1.4428620338439941 0.1434948444366455
Car 0.0 0 1.6681565046310425 481.9768981933594 176.1856689453125 516.23046875 204.9700164794922 4.006173 1.5889055 1.6063856 -6.4938717 1.7942338 42.343655 1.5159809589385986 0.1177556961774826
