Car 0.0 0 -1.332762360572815 309.7041931152344 193.38812255859375 403.4460754394531 252.77244567871094 4.241264 1.5050333 1.6195116 -7.241401 1.7698629 21.004143 -1.664762020111084 0.9281587600708008
Car 0.0 0 -1.1608242988586426 118.68934631347656 192.89407348632812 322.951416015625 306.80804443359375 3.9915454 1.6266886 1.6547508 -6.5355444 1.784168 12.585624 -1.6397818326950073 0.911207377910614
Car 0.0 0 -1.4783048629760742 667.9723510742188 182.4442596435547 733.3961791992188 241.0108184814453 3.448139 1.658786 1.6936716 2.8990479 1.5814217 22.224752 -1.3485949039459229 0.8719486594200134
Car 0.0 0 -1.3549927473068237 753.96044921875 182.38455200195312 790.8314208984375 204.42726135253906 4.19174 1.4750817 1.6594232 11.551791 1.2867547 50.35096 -1.1294701099395752 0.6153539419174194
Car 0.0 0 -1.0966570377349854 81.97621154785156 205.9644775390625 241.67445373535156 281.3887939453125 3.9893854 1.4976199 1.6352762 -10.643806 2.0615923 17.446808 -1.6444493532180786 0.6149417757987976
Car 0.0 0 -1.1843513250350952 209.10037231445312 189.1320037841797 312.4305419921875 238.4881591796875 4.155828 1.4799714 1.655681 -11.480881 1.6235089 24.012003 -1.6303510665893555 0.5501286387443542
Car 0.0 0 -1.3374578952789307 359.2969665527344 187.4511260986328 402.2786560058594 213.4131317138672 3.8503335 1.4718944 1.6099566 -13.566882 1.6131222 43.06972 -1.642617106437683 0.4988712668418884
Car 0.0 0 -1.2163255214691162 296.33245849609375 194.54803466796875 364.01470947265625 231.3999786376953 3.6241696 1.4533182 1.5694567 -11.956558 1.8817695 31.090134 -1.5834660530090332 0.47416916489601135
Car 0.0 0 2.132899761199951 4.393743991851807 213.30828857421875 147.492919921875 272.6980285644531 3.697551 1.4413522 1.6621519 -15.500031 2.34333 21.145117 1.500347375869751 0.40926846861839294
Car 0.0 0 1.3109767436981201 815.0181884765625 173.74317932128906 863.2686767578125 203.6033477783203 3.8183079 1.5616179 1.588838 12.633171 0.9627633 39.536823 1.6202526092529297 0.3836299479007721
