Pedestrian 0.0 0 1.6496721506118774 909.6552734375 169.7373809814453 930.5885009765625 222.11041259765625 0.6267628 1.887254 0.65804136 11.318293 1.7753053 26.428175 2.0543060302734375 0.30568692088127136
Pedestrian 0.0 0 0.4554142653942108 4.966290473937988 199.93763732910156 83.7279281616211 303.93817138671875 0.84807295 1.6806535 0.6713853 -9.667823 2.1581492 12.291646 -0.21106287837028503 0.3003193438053131
Cyclist 0.0 0 -1.5827142000198364 762.5846557617188 172.8634796142578 804.7073974609375 287.1085205078125 1.809003 1.7617235 0.63546133 2.8355842 1.7622528 12.0758295 -1.3520777225494385 0.9356400370597839
Cyclist 0.0 0 -1.6955655813217163 742.6160278320312 177.4995574951172 780.3750610351562 261.0336608886719 1.741252 1.6666762 0.5670479 3.156554 1.7718198 15.382386 -1.4931695461273193 0.7476464509963989
Car 0.0 0 1.922554850578308 384.9654235839844 191.33322143554688 526.3826904296875 287.638671875 3.6999698 1.541752 1.526825 -2.9285543 1.9565496 14.236656 1.719679594039917 0.9175662398338318
Car 0.0 0 1.8083906173706055 609.3201293945312 181.6064453125 657.83203125 211.97434997558594 4.0381765 1.4494545 1.6392651 1.2580879 1.935221 37.848724 1.841618299484253 0.8561553359031677
Car 0.0 0 -2.7800707817077637 436.78961181640625 177.40975952148438 522.2521362304688 210.95518493652344 3.598192 1.4958478 1.5433439 -6.081483 1.7149153 33.551426 -2.9593825340270996 0.7791262865066528
Car 0.0 0 1.9735143184661865 643.8458251953125 180.85043334960938 695.0157470703125 209.29725646972656 3.821925 1.5188634 1.5794024 3.4506195 2.0046334 41.738495 2.0559990406036377 0.4957422912120819
Car 0.0 0 1.4257452487945557 875.9398193359375 177.84600830078125 922.4749755859375 210.77273559570312 3.4775822 1.4186559 1.5095645 13.335878 1.6638348 33.517056 1.804425597190857 0.3337557315826416
Car 0.0 0 -1.2271076440811157 763.6249389648438 177.43075561523438 804.341552734375 200.32481384277344 3.5427644 1.4538331 1.5587687 11.692163 1.7738806 48.488644 -0.990492582321167 0.3320256471633911
Car 0.0 0 -3.225693941116333 827.2562255859375 159.10391235351562 903.805908203125 186.73727416992188 4.20561 1.6086594 1.6445464 15.241038 0.80856436 43.325718 -2.8874359130859375 0.3025749921798706
