Pedestrian 0.0 0 0.44378945231437683 914.489990234375 129.79623413085938 1055.920654296875 343.6236877441406 0.9841022 1.8045614 0.61743605 3.4774406 1.3696027 6.638478 0.9263195991516113 0.45094797015190125
Pedestrian 0.0 0 0.11405923962593079 827.3980712890625 103.1858901977539 922.2103881835938 289.2332458496094 0.84290344 1.7756151 0.5891472 2.737347 1.029567 7.307197 0.4724876880645752 0.35434189438819885
Pedestrian 0.0 0 -1.908517837524414 131.02197265625 166.11187744140625 152.06808471679688 205.92544555664062 0.69056624 1.8369644 0.6363564 -21.525837 1.1278954 33.604076 -2.4782369136810303 0.25361356139183044
Pedestrian 0.0 0 1.6463249921798706 646.9574584960938 172.49354553222656 660.0397338867188 204.751220703125 0.6780646 1.7644824 0.67228353 2.8763585 1.2726552 39.674904 1.7186965942382812 0.20059141516685486
Pedestrian 0.0 0 -2.3269081115722656 121.33721923828125 180.40687561035156 147.57754516601562 219.89659118652344 0.78505397 1.7208016 0.5940347 -20.606848 1.674126 31.6807 -2.9036026000976562 0.1968306452035904
Pedestrian 0.0 0 0.9752177596092224 666.42236328125 169.95494079589844 689.4521484375 211.92739868164062 0.6962546 1.7343748 0.68869007 3.1929877 1.258298 30.149467 1.0807297229766846 0.19057461619377136
Car 0.0 0 -1.3337513208389282 532.7557373046875 171.52020263671875 584.6903076171875 201.58941650390625 4.1659737 1.3998369 1.6387932 -2.058039 0.9361604 35.634388 -1.3914415836334229 0.9339216947555542
Car 0.0 0 -0.16372030973434448 192.518798828125 184.1123046875 356.49395751953125 237.87245178222656 4.201206 1.4357139 1.5987635 -9.61706 1.52055 21.19106 -0.5897516012191772 0.8843440413475037
Car 0.0 0 2.102242946624756 326.38519287109375 178.3472137451172 394.3023681640625 207.46493530273438 4.0255146 1.4605017 1.6018215 -12.7284565 1.3032405 38.163353 1.7803192138671875 0.7031140923500061
Car 0.0 0 -0.9283174872398376 392.1589050292969 166.85440063476562 441.5336608886719 188.81370544433594 3.8800519 1.6427912 1.7434868 -14.283769 0.54771906 55.862465 -1.1786491870880127 0.23085395991802216
Car 0.0 0 -0.05857757478952408 544.676025390625 192.26893615722656 643.6815185546875 228.454345703125 4.056492 1.443922 1.6343006 -0.3614907 1.9118658 30.189129 -0.07055120170116425 0.22309695184230804
Car 0.0 0 -0.014567255973815918 579.6642456054688 182.29977416992188 637.1583251953125 204.50418090820312 3.7406642 1.4424866 1.6137234 0.45853412 1.4969927 47.537243 -0.004921767860651016 0.20765556395053864
