Pedestrian 0.0 0 2.345745086669922 308.99786376953125 164.25979614257812 338.8937683105469 207.66989135742188 0.9618449 1.8171743 0.7185196 -12.240019 1.4577737 30.783644 1.967297077178955 0.5513114333152771
Car 0.0 0 -2.0460128784179688 328.960205078125 164.5440673828125 396.7657775878906 197.2634735107422 3.9140532 1.560818 1.6143335 -12.526349 1.1647661 36.353386 -2.3778436183929443 0.7709822058677673
Car 0.0 0 1.0698431730270386 270.3863525390625 163.23431396484375 351.4228210449219 199.9891357421875 4.1884966 1.6262393 1.7095085 -14.127897 1.2009681 33.898083 0.6749591827392578 0.4715542197227478
Car 0.0 0 -1.8616408109664917 440.2824401855469 168.22572326660156 481.3267822265625 191.5721893310547 3.9876046 1.5013356 1.6223294 -10.10577 1.2040635 48.536568 -2.0669174194335938 0.4531838893890381
Car 0.0 0 -2.025716781616211 758.7782592773438 168.8829803466797 803.9462890625 189.43609619140625 4.136551 1.4947401 1.6766185 12.901756 1.2063012 54.67412 -1.793980598449707 0.4469186067581177
Car 0.0 0 -0.8577873110771179 0.0 164.75660705566406 88.31358337402344 195.92124938964844 3.771186 1.5726995 1.6321179 -29.992737 1.164429 38.332447 -1.521727204322815 0.4425676465034485
Car 0.0 0 -2.174168586730957 558.0407104492188 160.369873046875 623.7449340820312 189.260009765625 4.293319 1.6261086 1.7723783 -1.2238952 0.9237852 42.865284 -2.2027130126953125 0.3964097797870636
Car 0.0 0 -2.174182653427124 593.8221435546875 167.81480407714844 648.009765625 192.32286071777344 3.699323 1.4736098 1.5816053 0.6129141 1.1709732 45.358585 -2.160670757293701 0.36487361788749695
Car 0.0 0 -2.336217164993286 625.4111938476562 161.3262176513672 690.7235717773438 188.7842254638672 4.504877 1.740711 1.6772774 3.113985 1.01026 48.001926 -2.2714357376098633 0.36266493797302246
Car 0.0 0 -0.35863080620765686 418.9304504394531 171.31414794921875 499.9604187011719 200.55223083496094 3.7679198 1.4315441 1.5325388 -7.7338448 1.3565086 36.980556 -0.5647922158241272 0.35288628935813904
Car 0.0 0 -1.3940314054489136 196.24545288085938 176.03518676757812 231.4261016845703 198.70028686523438 3.9637215 1.6322984 1.6683409 -30.013098 1.8833224 54.70747 -1.8958072662353516 0.3218010663986206
Car 0.0 0 -0.7466232180595398 725.1201171875 174.95089721679688 780.02099609375 195.54336547851562 3.8746314 1.436629 1.5690547 10.33219 1.594058 52.361736 -0.5518027544021606 0.3029875159263611
