Car 0.0 0 -1.9417861700057983 390.754638671875 193.57777404785156 525.1387329101562 276.5744934082031 3.9173684 1.5292636 1.6567458 -3.6206164 2.0614488 16.424597 -2.158754825592041 0.9489489197731018
Car 0.0 0 1.3194925785064697 901.5966186523438 168.5947265625 1036.8310546875 243.23704528808594 4.3009562 1.4443088 1.6550133 7.818578 1.362251 16.22991 1.7684247493743896 0.8966644406318665
Car 0.0 0 -1.7647476196289062 280.2345886230469 184.12460327148438 345.0810546875 225.89378356933594 4.0136547 1.5036025 1.6776943 -12.154593 1.9943831 29.258614 -2.158475399017334 0.8908250331878662
Car 0.0 0 0.39549189805984497 986.2361450195312 162.52276611328125 1204.0169677734375 227.619384765625 4.310037 1.4589151 1.6438799 12.133868 1.2277343 18.414621 0.9781162738800049 0.875646710395813
Car 0.0 0 1.5241951942443848 812.028076171875 165.17832946777344 884.1157836914062 229.96148681640625 3.4410186 1.440204 1.5135121 5.7641115 1.2699232 17.896517 1.835783839225769 0.8417864441871643
Car 0.0 0 -1.7297818660736084 264.01513671875 185.90277099609375 316.4281005859375 221.4553985595703 4.10776 1.4977877 1.6288143 -15.221054 2.1549256 34.149105 -2.149073600769043 0.7377455830574036
Car 0.0 0 -2.8384790420532227 462.76153564453125 170.13185119628906 554.6280517578125 205.07496643066406 3.818935 1.5301272 1.6026318 -4.5999765 1.4112842 32.69387 -2.978260040283203 0.6158584356307983
Car 0.0 0 -2.864715576171875 406.93768310546875 179.06295776367188 492.3760681152344 209.0321502685547 4.0873537 1.5175638 1.6267395 -8.40771 1.8516711 37.85094 -3.0832936763763428 0.5834481120109558
Car 0.0 0 -1.4296473264694214 0.0 212.80419921875 41.61697006225586 325.8938293457031 3.8505402 1.4437925 1.6334953 -11.307033 2.2622724 12.71741 -2.156406879425049 0.5589783191680908
Car 0.0 0 -2.1846795082092285 532.9047241210938 149.33924865722656 826.3281860351562 317.275390625 4.3523808 1.7831757 1.7711967 0.6264043 1.5338498 9.976363 -2.1219730377197266 0.5002615451812744
Car 0.0 0 -1.5769448280334473 72.9149169921875 194.8802947998047 113.87155151367188 226.37623596191406 3.8324003 1.454274 1.6933216 -27.410107 2.6841347 38.225407 -2.1990323066711426 0.4704841375350952
