Pedestrian 0.0 0 -1.2827088832855225 269.0497741699219 194.4875946044922 297.2529602050781 246.72817993164062 0.8025007 1.6020725 0.6151469 -10.425092 2.3031752 22.929039 -1.709437608718872 0.40946164727211
Pedestrian 0.0 0 0.9671995639801025 207.12478637695312 147.05189514160156 254.40463256835938 231.31298828125 0.7208045 1.8067819 0.62375015 -8.411299 1.2538741 15.912161 0.4809281826019287 0.36431461572647095
Pedestrian 0.0 0 -0.12475794553756714 846.8948364257812 146.20901489257812 931.4896240234375 293.3268737792969 0.962887 1.8550012 0.6648034 3.6095214 1.5193939 9.531331 0.23725318908691406 0.21274727582931519
Pedestrian 0.0 0 -1.7449853420257568 1159.998046875 130.50469970703125 1242.0 336.599365234375 1.6050276 1.7060393 0.5651709 5.623911 1.3558322 6.8075123 -1.054511547088623 0.10071510821580887
Cyclist 0.0 0 -1.7127134799957275 1169.771728515625 121.37454223632812 1242.0 329.5932312011719 1.6907166 1.6991185 0.57867944 5.6636114 1.2793907 6.755975 -1.0150444507598877 0.21141710877418518
Car 0.0 0 1.8757017850875854 275.860107421875 193.6009521484375 465.5566711425781 318.4230651855469 4.4421344 1.582235 1.7031358 -3.7764173 1.9946811 12.1056595 1.57331383228302 0.9198930859565735
Car 0.0 0 1.8341000080108643 412.4749755859375 171.58795166015625 507.7874755859375 251.34580993652344 4.081733 2.0231853 1.619262 -4.1514277 1.9914279 20.387611 1.6332212686538696 0.9066577553749084
Car 0.0 0 1.7044227123260498 519.1036987304688 178.55299377441406 558.0980834960938 209.0942840576172 3.7688394 1.4763286 1.5294183 -3.697704 1.7879757 37.49866 1.6061315536499023 0.789202868938446
Car 0.0 0 1.53243887424469 650.6842041015625 167.363525390625 675.2686157226562 190.0774383544922 3.6993818 1.5121431 1.548542 3.603164 1.146981 49.907253 1.604511022567749 0.52388995885849
Car 0.0 0 -1.9811854362487793 911.4360961914062 189.4342498779297 1242.0 375.0 3.6634014 1.467415 1.5759555 4.036012 1.6637368 6.6023583 -1.432499647140503 0.3286229372024536
Car 0.0 0 1.2929821014404297 653.2034912109375 162.1641845703125 711.74951171875 197.78176879882812 4.2109246 1.6051738 1.7010235 3.37326 1.1237754 34.738895 1.3897818326950073 0.2195884734392166
