Pedestrian 0.0 0 1.399072289466858 730.9386596679688 167.27452087402344 745.4823608398438 200.6837158203125 0.79465073 1.8970683 0.694353 7.31236 1.5806077 41.366665 1.5740342140197754 0.4223046898841858
Pedestrian 0.0 0 2.056670665740967 204.6786346435547 183.6074676513672 243.94326782226562 254.0569610595703 0.7431488 1.7889358 0.62954086 -10.092773 2.0751963 18.807117 1.56413733959198 0.214250847697258
Pedestrian 0.0 0 1.4087145328521729 582.7255859375 175.83709716796875 598.4710083007812 209.1497802734375 1.020049 1.7664431 0.6921765 -1.0875746 1.9300842 38.925224 1.380781650543213 0.18674471974372864
Pedestrian 0.0 0 -1.4026052951812744 319.9640197753906 186.7713165283203 338.39141845703125 227.78118896484375 0.84924406 1.7978199 0.64013374 -12.658818 2.433129 32.435402 -1.774702548980713 0.1765633076429367
Pedestrian 0.0 0 -1.3208608627319336 328.5119934082031 171.2174835205078 344.55352783203125 209.05088806152344 0.6349682 1.8036972 0.5843017 -13.204299 1.7260343 34.74483 -1.68403959274292 0.16380828619003296
Pedestrian 0.0 0 -2.381070375442505 1111.0889892578125 150.35415649414062 1202.6275634765625 246.50135803222656 1.4660194 1.8098116 0.5596629 10.782624 1.3866472 14.348149 -1.7366104125976562 0.14501824975013733
Pedestrian 0.0 0 -1.494714379310608 845.511474609375 177.07217407226562 860.1932373046875 218.54318237304688 1.488617 1.6751308 0.47048992 10.088856 1.8558843 30.077492 -1.171079158782959 0.1431019902229309
Pedestrian 0.0 0 -3.1960906982421875 655.6090087890625 142.41290283203125 703.0425415039062 259.5655822753906 0.7069152 1.791393 0.6151249 1.0273792 1.3262731 11.350363 -3.1058216094970703 0.13715188205242157
Pedestrian 0.0 0 1.689019799232483 283.9967956542969 172.1141357421875 305.5123596191406 222.15371704101562 0.717678 1.8765877 0.6727089 -12.051548 1.8491993 27.497501 1.275956630706787 0.1267618089914322
Cyclist 0.0 0 -1.4550482034683228 845.15234375 177.40516662597656 860.3651123046875 218.4304962158203 1.4209481 1.6581718 0.44166788 10.079134 1.8528082 30.06099 -1.1315381526947021 0.25271058082580566
Cyclist 0.0 0 0.2337789535522461 581.5742797851562 175.37057495117188 601.3206176757812 208.3139190673828 0.9303649 1.7547293 0.69412845 -1.0338395 1.8924017 38.93187 0.2072300910949707 0.13132482767105103
Car 0.0 0 1.7352995872497559 505.5970458984375 180.4878387451172 555.6769409179688 215.3292694091797 4.128453 1.4668128 1.6500231 -3.6439931 1.8429072 33.40414 1.6266411542892456 0.913666307926178
Car 0.0 0 -0.08611544966697693 549.4474487304688 180.4926300048828 614.2396850585938 203.3964080810547 4.1896715 1.4702581 1.6282831 -1.9320301 1.9912121 48.100906 -0.12626005709171295 0.30639007687568665
Car 0.0 0 1.7106014490127563 349.80731201171875 177.1703643798828 373.9649963378906 194.97483825683594 3.9045606 1.6073732 1.6333002 -23.44091 2.0282052 68.21353 1.379603624343872 0.14154894649982452
Car 0.0 0 2.0493006706237793 768.2538452148438 173.2289581298828 805.706298828125 191.00978088378906 4.2238646 1.6271147 1.6866455 16.75221 1.6640593 68.25974 2.2899627685546875 0.14024202525615692
Car 0.0 0 1.2141687870025635 607.7210083007812 175.28176879882812 639.0584716796875 193.05972290039062 3.6788087 1.522198 1.6059755 1.1413271 1.7457371 64.325745 1.2319098711013794 0.13926801085472107
