Pedestrian 0.0 0 -0.990437924861908 892.0728759765625 119.67720031738281 990.338623046875 295.3518371582031 0.79931104 1.7482831 0.6109911 3.454732 1.2194349 7.6500893 -0.566259503364563 0.2688945531845093
Pedestrian 0.0 0 -1.2968214750289917 391.4230041503906 161.99261474609375 408.776123046875 202.891845703125 0.6278647 1.9877214 0.67311573 -10.327985 1.4602119 35.381615 -1.5808329582214355 0.2235957533121109
Cyclist 0.0 0 -0.30086344480514526 261.4646911621094 170.40818786621094 289.4674072265625 195.6087188720703 1.730374 1.7660539 0.5245611 -23.824434 1.5950081 51.33755 -0.7353596687316895 0.18296243250370026
Cyclist 0.0 0 -2.1143763065338135 751.8273315429688 183.04254150390625 770.9688720703125 210.19227600097656 1.5630456 1.7006308 0.46782932 9.742609 2.3708365 46.6201 -1.9083623886108398 0.1715015172958374
Car 0.0 0 2.107296943664551 60.47478485107422 199.59776306152344 223.59312438964844 266.24139404296875 4.4963 1.4525731 1.6779112 -12.648483 2.272001 19.822046 1.5393316745758057 0.9097793698310852
Car 0.0 0 1.923893690109253 321.5760498046875 188.59933471679688 383.91424560546875 223.64524841308594 4.0468125 1.5801855 1.6633646 -12.926207 2.4190805 36.390568 1.5825871229171753 0.8408159613609314
Car 0.0 0 -1.6636511087417603 567.2000122070312 186.2239227294922 612.5497436523438 223.48641967773438 4.607067 1.5349467 1.6886246 -1.0512632 2.2064128 33.82488 -1.69472074508667 0.7981708645820618
Car 0.0 0 -1.684757947921753 699.2869873046875 192.16964721679688 734.7357788085938 218.72813415527344 3.8839252 1.462649 1.7265997 6.5289316 2.7087884 44.56538 -1.539290428161621 0.23197712004184723
Car 0.0 0 1.237861156463623 742.0831909179688 174.0537109375 783.188720703125 196.90647888183594 4.058605 1.5573746 1.6264483 10.813523 1.6468941 51.506245 1.4448014497756958 0.22293227910995483
Car 0.0 0 1.9322766065597534 637.4846801757812 181.03150939941406 669.2924194335938 199.36474609375 3.661845 1.5157353 1.6010655 3.8230786 2.2576783 63.432514 1.992473840713501 0.19260857999324799
Car 0.0 0 1.9067316055297852 366.9587707519531 177.7867431640625 425.78302001953125 212.5443115234375 3.8247328 1.642054 1.6936811 -10.79564 1.9059196 36.5904 1.6198312044143677 0.17542794346809387
Car 0.0 0 -1.8449028730392456 511.9501037597656 170.07611083984375 547.0133666992188 191.0443878173828 3.890771 1.5431719 1.6705046 -6.2242618 1.3390883 55.215965 -1.9571547508239746 0.16253340244293213
Car 0.0 0 -1.208554983139038 235.27117919921875 181.70175170898438 285.37109375 206.74464416503906 3.8734503 1.4825134 1.6146678 -22.317366 2.0730422 46.125507 -1.6591912508010864 0.16153228282928467
