Pedestrian 0.0 0 1.8414695262908936 133.51742553710938 139.6359405517578 179.96852111816406 227.6095428466797 0.855203 1.826284 0.6401505 -9.758723 1.1370533 15.4776 1.2789205312728882 0.5630248188972473
Pedestrian 0.0 0 1.7219451665878296 337.6031494140625 177.69903564453125 367.1390075683594 247.359375 0.7523549 1.7861979 0.6276978 -6.8201685 1.9169601 18.987894 1.3771111965179443 0.4588400721549988
Pedestrian 0.0 0 2.070307493209839 289.1157531738281 185.26889038085938 336.23486328125 267.6140441894531 0.90687007 1.8013012 0.6358086 -6.8001537 2.09243 16.411774 1.6774952411651611 0.4274781048297882
Pedestrian 0.0 0 3.3517885208129883 372.5978698730469 188.01600646972656 400.2611389160156 246.213134765625 0.7104001 1.7508131 0.56961805 -6.9152093 2.2240605 22.185122 3.049628257751465 0.38431763648986816
Pedestrian 0.0 0 -0.888742208480835 95.12957000732422 137.421142578125 153.2342987060547 223.4690704345703 0.9128666 1.8450165 0.6326446 -10.774541 1.0856326 15.950729 -1.4828276634216309 0.38026052713394165
Pedestrian 0.0 0 -1.4853630065917969 74.4801254272461 133.0251007080078 115.82849884033203 229.6590118408203 0.99339354 1.9155664 0.6139971 -10.656354 1.1263992 14.884061 -2.1067185401916504 0.37976232171058655
Pedestrian 0.0 0 2.9255282878875732 240.02406311035156 192.11770629882812 289.1874084472656 292.18658447265625 0.7207042 1.806863 0.631199 -6.6009917 2.1850266 13.677502 2.475883722305298 0.3537108600139618
Pedestrian 0.0 0 2.1168203353881836 157.10276794433594 189.63502502441406 224.11065673828125 308.34893798828125 0.79321045 1.7501093 0.5673278 -6.516912 2.0191667 11.149202 1.587862253189087 0.3143680691719055
Pedestrian 0.0 0 -1.170633316040039 634.2106323242188 170.28334045410156 650.691650390625 207.920166015625 0.5527238 1.8265424 0.64382404 1.5553653 1.7021444 35.401848 -1.1267269849777222 0.2650703489780426
Pedestrian 0.0 0 -3.1313636302948 727.1262817382812 178.23443603515625 761.7639770507812 249.89109802246094 0.8567626 1.7894149 0.59232056 3.3887954 1.9301052 18.443909 -2.949655055999756 0.24479494988918304
Car 0.0 0 -1.5375105142593384 464.6867980957031 187.2715606689453 506.0193786621094 229.05734252929688 3.359404 1.5583806 1.5783027 -5.1568384 2.191684 29.90148 -1.7082915306091309 0.8760988712310791
Car 0.0 0 3.3648383617401123 233.57958984375 177.3916473388672 389.26861572265625 240.46841430664062 4.4129567 1.9348928 1.7596455 -9.654682 2.0910583 23.540123 2.975623607635498 0.7648835778236389
Car 0.0 0 1.658300757408142 478.6697082519531 182.26971435546875 519.5269775390625 216.940673828125 4.2670794 1.5946937 1.6795052 -5.594447 2.1005795 36.553337 1.5064303874969482 0.6731288433074951
Car 0.0 0 1.4309542179107666 604.7492065429688 171.120361328125 637.4553833007812 195.2364501953125 4.278354 1.5630251 1.6312716 0.6780949 1.4510212 48.986664 1.4447957277297974 0.2942039966583252
Car 0.0 0 1.7348659038543701 404.08935546875 170.97592163085938 451.0167236328125 203.427490234375 4.2344317 1.591582 1.699314 -9.465372 1.4998299 37.565163 1.4880319833755493 0.2897089719772339
Car 0.0 0 1.583127498626709 575.619140625 175.46383666992188 594.7288818359375 194.4583740234375 3.9131243 1.5881603 1.6118231 -2.160548 1.8229709 62.84234 1.5487605333328247 0.2892186641693115
