Pedestrian 0.0 0 0.885408878326416 819.3994750976562 175.27206420898438 861.782470703125 248.51710510253906 0.8561177 1.7791682 0.6045393 5.7175703 1.8417906 18.067003 1.191901683807373 0.7151934504508972
Pedestrian 0.0 0 1.3742003440856934 805.2603759765625 171.07701110839844 826.2931518554688 215.20513916015625 0.87605107 1.8248979 0.6900411 8.594055 1.7517692 30.300219 1.6505720615386963 0.5753743648529053
Pedestrian 0.0 0 -0.4328436553478241 920.6723022460938 166.7595672607422 964.5885620117188 234.75338745117188 0.8760336 1.7740613 0.624272 8.765774 1.6154062 19.136837 -0.0033092517405748367 0.4737045168876648
Pedestrian 0.0 0 2.375410556793213 1180.6072998046875 228.36888122558594 1242.0 375.0 0.6967146 1.7479959 0.5977544 7.5871787 2.4594688 8.92008 3.0802371501922607 0.17676794528961182
Pedestrian 0.0 0 1.2679227590560913 733.908203125 167.39418029785156 747.4705200195312 196.7819366455078 0.8599325 1.9098002 0.64799803 8.543019 1.5553448 47.354153 1.446409821510315 0.147532120347023
Pedestrian 0.0 0 -1.9738925695419312 823.089111328125 145.73606872558594 846.1013793945312 190.37237548828125 0.86163414 1.848138 0.6355146 9.395124 0.7256957 30.333193 -1.673532485961914 0.13501206040382385
Pedestrian 0.0 0 -1.732526421546936 679.9909057617188 175.4493865966797 691.92041015625 203.2475128173828 1.9435478 1.7721443 0.4659899 4.926133 1.9456952 47.16288 -1.6284544467926025 0.10153253376483917
Cyclist 0.0 0 -1.7323329448699951 679.8584594726562 175.52442932128906 691.7706298828125 203.0140838623047 1.8820913 1.752926 0.47505137 4.915364 1.931309 47.145737 -1.6284493207931519 0.5789546370506287
Cyclist 0.0 0 -2.093163251876831 922.24951171875 173.00021362304688 964.3055419921875 240.39356994628906 0.865008 1.7431906 0.66810495 8.774761 1.7475183 19.12391 -1.6629847288131714 0.10260780155658722
Car 0.0 0 1.9285168647766113 271.2085266113281 179.0290069580078 310.3012390136719 200.52542114257812 3.712696 1.5873652 1.5897895 -24.871483 2.0855596 56.26893 1.5123264789581299 0.25046202540397644
Car 0.0 0 -1.156799554824829 230.26792907714844 182.57913208007812 279.28070068359375 205.33653259277344 4.0167084 1.4820515 1.6153965 -24.956932 2.1942818 50.77224 -1.613661766052246 0.21599210798740387
Car 0.0 0 2.324275493621826 144.9493408203125 177.08193969726562 223.7576446533203 204.67355346679688 4.0453644 1.5067908 1.6505698 -24.841545 1.7671579 42.21571 1.792396903038025 0.1843198835849762
Car 0.0 0 1.6777173280715942 0.0 178.024658203125 53.119571685791016 213.9578399658203 3.6182761 1.4512786 1.6251357 -25.690489 1.6926078 31.663239 0.9960839748382568 0.16072098910808563
