Pedestrian 0.0 0 0.5904151797294617 724.2496337890625 168.88658142089844 745.5493774414062 208.27581787109375 0.6478917 1.7545222 0.7387629 5.609132 1.578159 32.627743 0.7606639862060547 0.3234279453754425
Pedestrian 0.0 0 1.7230825424194336 258.8645324707031 170.21900939941406 305.22430419921875 257.48297119140625 0.838451 1.7329966 0.7512339 -6.7773876 1.6810257 14.832247 1.2944755554199219 0.2820843458175659
Pedestrian 0.0 0 -1.5250227451324463 456.27838134765625 172.58717346191406 471.00225830078125 210.54861450195312 1.6285508 1.6722572 0.5812559 -6.6509113 1.660861 32.631477 -1.7260875701904297 0.15295638144016266
Cyclist 0.0 0 -1.5250227451324463 456.27838134765625 172.58717346191406 471.00225830078125 210.54861450195312 1.6285508 1.6722572 0.5812559 -6.6509113 1.660861 32.631477 -1.7260875701904297 0.3330933451652527
Car 0.0 0 -1.5145297050476074 563.0175170898438 180.16053771972656 619.4390258789062 227.09503173828125 3.4081259 1.3708405 1.6347231 -0.58724564 1.6250644 23.33846 -1.5396865606307983 0.9003186225891113
Car 0.0 0 -1.4455522298812866 507.0862731933594 173.8559112548828 552.2899169921875 207.40475463867188 3.7672946 1.4472022 1.6053313 -3.6689928 1.4962006 33.130978 -1.5558449029922485 0.8920180201530457
Car 0.0 0 1.8807294368743896 289.1952819824219 175.1173095703125 351.62152099609375 208.7894744873047 4.2805386 1.5725111 1.677523 -14.465886 1.6932569 36.182438 1.500391960144043 0.8672871589660645
Car 0.0 0 0.7632579803466797 619.1333618164062 175.81195068359375 672.02587890625 196.4242401123047 4.059572 1.512665 1.6383148 2.681093 1.7491869 55.56899 0.8114686012268066 0.33736202120780945
Car 0.0 0 1.4329980611801147 606.7177734375 180.8435821533203 630.9175415039062 198.27513122558594 4.1477385 1.5014311 1.6638314 0.75803477 2.2597868 66.28971 1.4444327354431152 0.32418808341026306
Car 0.0 0 -0.9067468643188477 773.960205078125 176.27017211914062 827.298828125 199.7914581298828 3.730782 1.5446694 1.5879933 13.107528 1.7884517 49.65219 -0.6486480236053467 0.2597501575946808
Car 0.0 0 1.4333528280258179 486.8331298828125 178.9387664794922 517.2545776367188 201.58262634277344 3.7094727 1.4725766 1.5856295 -7.5435123 1.9115062 50.000328 1.283612847328186 0.2525506913661957
Car 0.0 0 1.3227283954620361 366.5563659667969 181.76332092285156 403.6455993652344 204.32408142089844 3.7868066 1.462181 1.5868524 -15.767345 2.109833 50.39123 1.0194804668426514 0.23701201379299164
