Pedestrian 0.0 0 1.8637800216674805 435.3101806640625 180.0206298828125 452.70086669921875 213.87428283691406 0.8101888 1.7475675 0.6852863 -8.740736 2.1281493 37.85145 1.636836051940918 0.5844528079032898
Pedestrian 0.0 0 -2.567171096801758 351.8982849121094 187.05885314941406 388.61383056640625 253.55508422851562 0.7140653 1.7387999 0.6241065 -6.497063 2.1292882 19.422853 -2.889976739883423 0.30452579259872437
Pedestrian 0.0 0 0.16817207634449005 452.0203552246094 179.9912567138672 462.34039306640625 202.72227478027344 0.6994639 1.7746061 0.6379943 -12.068168 2.3408263 56.869755 -0.040933091193437576 0.1948660910129547
Pedestrian 0.0 0 -1.7115819454193115 677.220458984375 188.5183563232422 707.6152954101562 253.19522094726562 1.6692137 1.6489375 0.58776075 2.1789699 2.0941334 19.644407 -1.6011128425598145 0.11419574916362762
Cyclist 0.0 0 -1.7115819454193115 677.220458984375 188.5183563232422 707.6152954101562 253.19522094726562 1.6692137 1.6489375 0.58776075 2.1789699 2.0941334 19.644407 -1.6011128425598145 0.257320761680603
Cyclist 0.0 0 -1.4483890533447266 355.81463623046875 188.20046997070312 384.6089782714844 254.73692321777344 1.032916 1.7197338 0.61847866 -6.509971 2.1464598 19.475954 -1.7709705829620361 0.19200770556926727
Car 0.0 0 1.3180241584777832 625.1785888671875 176.34303283691406 655.089599609375 195.21299743652344 3.9441793 1.5118983 1.5712408 2.4748302 1.8157904 60.675583 1.3587894439697266 0.42757144570350647
Car 0.0 0 1.837317943572998 618.5255126953125 180.5041961669922 653.2979736328125 201.4703826904297 4.103385 1.4932791 1.636653 1.9975032 2.1022484 55.197002 1.873490810394287 0.31490761041641235
Car 0.0 0 -0.2672930061817169 397.23834228515625 174.15216064453125 466.783203125 201.17774963378906 3.5284433 1.4594762 1.5109413 -10.048423 1.5356727 40.62916 -0.5097481608390808 0.2652621865272522
Car 0.0 0 1.7272220849990845 475.1748352050781 179.24441528320312 501.47998046875 198.44288635253906 3.7646759 1.5100287 1.5879701 -10.089834 2.0576508 59.897964 1.5603383779525757 0.2054329663515091
Car 0.0 0 -0.35327231884002686 642.989013671875 175.925048828125 688.1377563476562 192.78042602539062 3.7182088 1.4662923 1.5418746 4.9371257 1.7463834 64.47071 -0.2768421471118927 0.2009536176919937
