Pedestrian 0.0 0 -1.248020887374878 400.9060974121094 157.52496337890625 424.3413391113281 202.26455688476562 0.90621084 1.7993689 0.6723964 -8.101794 1.1832132 29.487366 -1.5161590576171875 0.4006635546684265
Pedestrian 0.0 0 -2.2063894271850586 1139.2939453125 193.2025909423828 1242.0 373.6500244140625 0.95482093 1.653685 0.5792654 5.8631353 1.8713112 7.210826 -1.5237104892730713 0.3059214651584625
Pedestrian 0.0 0 -2.2819674015045166 776.8822021484375 169.50437927246094 794.140380859375 201.85940551757812 0.66618943 1.8390383 0.69786155 10.050593 1.6490054 41.46454 -2.044163703918457 0.28383731842041016
Cyclist 0.0 0 -1.3051176071166992 130.3011932373047 192.23741149902344 147.78640747070312 223.69371032714844 1.5044843 1.7026013 0.45028466 -26.660215 2.8202715 40.803627 -1.8838642835617065 0.1923913210630417
Cyclist 0.0 0 -2.219000816345215 1134.3260498046875 193.45913696289062 1242.0 372.52386474609375 1.0183201 1.6361836 0.591711 5.8552837 1.8578432 7.2281075 -1.5381487607955933 0.14325718581676483
Car 0.0 0 2.1644697189331055 0.0 200.36978149414062 138.10076904296875 300.3455505371094 3.3159943 1.4186407 1.4906927 -10.216022 1.9757774 12.887309 1.4941837787628174 0.8748202919960022
Car 0.0 0 -1.772294282913208 621.3074951171875 178.11557006835938 656.7726440429688 202.01129150390625 4.125786 1.5338951 1.6271857 1.9133271 1.9105695 49.435608 -1.7336101531982422 0.3907337486743927
Car 0.0 0 1.3654407262802124 418.23345947265625 177.37872314453125 461.415283203125 206.13442993164062 3.7435184 1.47218 1.5688118 -9.417456 1.7336195 39.602993 1.1319801807403564 0.35143062472343445
Car 0.0 0 1.0274417400360107 856.4995727539062 174.38133239746094 915.915771484375 200.8545379638672 4.0880833 1.5922137 1.6370846 17.424885 1.6940935 45.80013 1.3909862041473389 0.3293306827545166
Car 0.0 0 -2.4333527088165283 1030.2095947265625 171.4507293701172 1110.740478515625 199.29486083984375 3.9435363 1.5819061 1.6247857 27.390368 1.5025406 43.113014 -1.8673697710037231 0.24462510645389557
Car 0.0 0 2.658210515975952 237.59938049316406 184.16653442382812 299.12750244140625 205.4853973388672 3.963627 1.5041028 1.5983018 -26.096779 2.4016435 55.157764 2.2162892818450928 0.19368332624435425
