Pedestrian 0.0 0 0.11087796092033386 921.5816040039062 126.76346588134766 1049.369873046875 337.3890380859375 0.9808796 1.7860246 0.5847817 3.47994 1.3232657 6.6058073 0.5957350730895996 0.4145602285861969
Pedestrian 0.0 0 -0.30497947335243225 813.4765625 98.249267578125 930.2176513671875 285.8243713378906 0.99449235 1.8366728 0.54408514 2.685714 1.0228795 7.3258996 0.04641127586364746 0.40052035450935364
Pedestrian 0.0 0 1.0509177446365356 666.1380615234375 170.9116668701172 688.2548217773438 212.43905639648438 0.690033 1.7250681 0.6729367 3.1763504 1.286206 30.288832 1.1554045677185059 0.3334570527076721
Pedestrian 0.0 0 1.7372254133224487 646.326904296875 171.39768981933594 659.5928955078125 202.22047424316406 0.5420651 1.6961969 0.6542132 2.8598773 1.1410792 39.868343 1.808835744857788 0.28617429733276367
Pedestrian 0.0 0 2.593294620513916 696.6727905273438 158.50894165039062 715.4979248046875 196.61293029785156 0.725002 1.8825024 0.59861773 5.221808 0.7475315 35.903954 2.737720251083374 0.1946515440940857
Pedestrian 0.0 0 -1.9750512838363647 1010.8772583007812 135.0703125 1097.244873046875 267.1288757324219 1.7045925 1.789162 0.43222076 6.5867925 1.1614454 10.604717 -1.4192476272583008 0.11839772760868073
Cyclist 0.0 0 -1.9234826564788818 1137.7105712890625 103.63882446289062 1238.0 281.4681091308594 1.7519995 1.770034 0.51639426 6.609772 0.9964064 8.059599 -1.2365981340408325 0.28403422236442566
Cyclist 0.0 0 -1.9750512838363647 1010.8772583007812 135.0703125 1097.244873046875 267.1288757324219 1.7045925 1.789162 0.43222076 6.5867925 1.1614454 10.604717 -1.4192476272583008 0.24487696588039398
Car 0.0 0 -1.4025466442108154 529.8397827148438 172.85276794433594 573.6577758789062 203.9555206298828 3.558122 1.4554071 1.5856003 -2.4094932 1.0516915 35.460358 -1.4703912734985352 0.8745036721229553
Car 0.0 0 0.12848085165023804 30.4549617767334 173.52056884765625 234.0048370361328 238.2563018798828 4.497979 1.6229224 1.7087872 -12.68151 1.4240621 19.741173 -0.4425252079963684 0.7970762848854065
Car 0.0 0 2.1375062465667725 326.11102294921875 180.1420135498047 395.1881408691406 208.97128295898438 3.9330425 1.4462402 1.6194352 -12.706463 1.3789935 38.137405 1.8158974647521973 0.5714817643165588
Car 0.0 0 2.2236897945404053 435.2665710449219 172.49876403808594 477.3737487792969 191.01612854003906 3.9826124 1.6139793 1.640568 -13.006035 0.8298535 64.75693 2.0254828929901123 0.27847349643707275
Car 0.0 0 -0.14367187023162842 0.0 169.3942413330078 122.18309020996094 207.07931518554688 4.166098 1.569257 1.622064 -23.982613 1.0661386 31.958084 -0.7874543070793152 0.2410552203655243
