Pedestrian 0.0 0 -1.4074950218200684 479.5598449707031 177.05157470703125 497.22064208984375 218.9703826904297 0.7892072 1.6586044 0.5813107 -4.929136 1.8301175 29.021748 -1.5757324695587158 0.5050258636474609
Pedestrian 0.0 0 1.7994564771652222 934.5294189453125 171.90725708007812 963.56201171875 228.85462951660156 0.70586836 1.7585446 0.6880728 10.655441 1.7296672 22.768553 2.2371692657470703 0.47335830330848694
Pedestrian 0.0 0 1.1484605073928833 823.0521240234375 169.28543090820312 855.3662109375 226.67999267578125 0.9169118 1.7735839 0.6525342 7.184387 1.6636676 22.787306 1.453876256942749 0.34582585096359253
Pedestrian 0.0 0 3.2103939056396484 445.1094055175781 181.0635986328125 469.01678466796875 235.698486328125 0.7114076 1.7197219 0.6254907 -4.9528666 1.9879098 23.176832 2.999861478805542 0.274616539478302
Pedestrian 0.0 0 -1.3948078155517578 486.44805908203125 178.512451171875 502.9426574707031 217.03367614746094 0.8002316 1.6355416 0.57339734 -5.0156074 1.8834276 31.156092 -1.5544215440750122 0.18025393784046173
Pedestrian 0.0 0 -1.3449140787124634 355.1004638671875 184.31594848632812 378.92462158203125 237.2139434814453 1.433586 1.6393538 0.42494616 -7.918336 2.0233173 23.411062 -1.6710655689239502 0.13430097699165344
Cyclist 0.0 0 -1.3449140787124634 355.1004638671875 184.31594848632812 378.92462158203125 237.2139434814453 1.433586 1.6393538 0.42494616 -7.918336 2.0233173 23.411062 -1.6710655689239502 0.24966618418693542
Car 0.0 0 1.6350494623184204 525.418701171875 173.26161193847656 565.2422485351562 205.66455078125 4.082796 1.4798574 1.6694218 -3.1244345 1.5011895 35.063396 1.5461760759353638 0.8320844769477844
Car 0.0 0 -2.7090911865234375 221.28280639648438 172.31712341308594 365.1649169921875 229.653564453125 3.3569689 1.5425067 1.5351973 -8.847984 1.5284214 20.209305 -3.121767997741699 0.8109347820281982
Car 0.0 0 1.302757978439331 682.1946411132812 164.0095977783203 740.8458862304688 202.58079528808594 4.1059318 1.6934627 1.6810277 4.6416855 1.3055089 33.821804 1.4391454458236694 0.7678403258323669
Car 0.0 0 -2.811673402786255 353.37109375 178.00601196289062 474.0613098144531 228.20887756347656 3.5412292 1.5876355 1.5671526 -6.4906907 1.7650378 23.89584 -3.0768985748291016 0.2500022351741791
Car 0.0 0 -1.7726892232894897 527.382568359375 159.13563537597656 567.8248901367188 191.8212432861328 4.104519 1.9550582 1.7373899 -4.0040083 1.1348648 45.370296 -1.8607128858566284 0.2425190806388855
