Pedestrian 0.0 0 2.3574414253234863 51.025413513183594 189.02647399902344 76.31006622314453 225.3411865234375 0.6656068 1.7548736 0.740865 -26.979042 2.5614092 35.584423 1.708732008934021 0.3338468372821808
Pedestrian 0.0 0 -1.7212729454040527 1214.4537353515625 167.68019104003906 1242.0 253.19024658203125 0.7643854 1.7367494 0.5240041 13.020815 1.6320248 15.115021 -1.0101697444915771 0.29697367548942566
Pedestrian 0.0 0 -1.2265231609344482 317.3359375 184.53643798828125 333.1529235839844 211.33909606933594 0.95714074 1.6557059 0.6431167 -17.978136 2.4004529 45.484085 -1.6029385328292847 0.22229883074760437
Pedestrian 0.0 0 -2.011237144470215 1176.327880859375 147.83621215820312 1242.0 262.4041748046875 1.0695761 1.8370531 0.61774707 10.127794 1.4362602 12.1620655 -1.316851258277893 0.2084289789199829
Pedestrian 0.0 0 -3.2543861865997314 683.2513427734375 153.33358764648438 722.8621826171875 226.0248565673828 0.92134637 1.7900712 0.5905824 2.273328 1.3097262 18.066578 -3.129213571548462 0.16980518400669098
Pedestrian 0.0 0 -0.28502213954925537 399.1129150390625 151.46051025390625 439.6280212402344 236.76968383789062 0.7141704 1.8506538 0.6705195 -4.312954 1.3869123 16.121922 -0.5464220643043518 0.16571076214313507
Pedestrian 0.0 0 -2.0323944091796875 943.9889526367188 145.1536102294922 1010.2644653320312 243.2290496826172 1.3346806 1.685396 0.5248191 6.5664887 1.2097311 13.065072 -1.5666700601577759 0.10925018787384033
Cyclist 0.0 0 -1.4951341152191162 470.27471923828125 175.3252410888672 483.2173767089844 217.1614990234375 1.6977812 1.6680466 0.40023613 -5.5256014 1.7732142 29.733343 -1.678876519203186 0.23549708724021912
Cyclist 0.0 0 -2.0399584770202637 934.1524047851562 138.6834716796875 1009.4375610351562 235.33335876464844 1.7077734 1.6607606 0.5110444 6.550084 1.0739572 13.252053 -1.5809059143066406 0.19395826756954193
Cyclist 0.0 0 -1.822912573814392 680.5758666992188 152.9168701171875 715.4208984375 225.99856567382812 1.3106338 1.7580041 0.5507594 2.136906 1.278768 18.040348 -1.7050104141235352 0.17471861839294434
Cyclist 0.0 0 0.6193810105323792 149.61883544921875 184.9730682373047 185.5889434814453 219.1641845703125 1.4892576 1.7654064 0.68817353 -23.285152 2.4094605 37.926838 0.06876778602600098 0.14829719066619873
Cyclist 0.0 0 -1.084707260131836 316.1410217285156 184.7854766845703 332.8336181640625 212.0269317626953 0.9476524 1.6796424 0.60558397 -18.005123 2.4396307 45.43086 -1.4620364904403687 0.10608170926570892
Cyclist 0.0 0 2.316127061843872 50.22877502441406 188.0936279296875 77.3060073852539 224.27105712890625 0.7363445 1.7485021 0.77101374 -26.995113 2.5096462 35.61388 1.6675292253494263 0.10044533014297485
Car 0.0 0 1.4910913705825806 98.3829574584961 190.09146118164062 141.9161834716797 221.24533081054688 3.9583104 1.5221667 1.6612889 -26.950636 2.5178387 39.59695 0.8934881687164307 0.6646615266799927
Car 0.0 0 -1.8137603998184204 291.4226379394531 175.24549865722656 360.6386413574219 217.61459350585938 3.6565979 1.4504933 1.5526577 -10.663831 1.5463002 26.856411 -2.191736936569214 0.15714885294437408
Car 0.0 0 -1.848968267440796 230.03790283203125 162.5270233154297 283.124267578125 192.52432250976562 3.640546 1.5643927 1.6721791 -19.431973 1.0261872 39.537243 -2.3057808876037598 0.14166153967380524
