Pedestrian 0.0 0 -0.6184208989143372 323.2295227050781 134.2962646484375 433.0754089355469 313.81866455078125 0.7326997 1.6078758 0.71078324 -2.2882178 1.262895 6.965387 -0.9358265995979309 0.6748788952827454
Pedestrian 0.0 0 -1.501914620399475 448.06854248046875 182.71263122558594 490.9092712402344 271.7704162597656 0.7088852 1.6083103 0.7431008 -2.6720479 1.7988002 13.514273 -1.6971173286437988 0.611753523349762
Pedestrian 0.0 0 -2.676276445388794 1161.409912109375 146.38258361816406 1188.8870849609375 205.63723754882812 0.5012626 1.9724318 0.6312105 19.048815 1.091626 24.376926 -2.012962818145752 0.3007074296474457
Cyclist 0.0 0 -1.2538137435913086 281.3038635253906 187.89755249023438 303.6857604980469 231.51632690429688 1.5356607 1.6420627 0.34957647 -12.564008 2.2525616 28.480309 -1.6692813634872437 0.29139000177383423
Cyclist 0.0 0 -1.7373385429382324 445.5663757324219 183.53115844726562 489.46771240234375 278.49114990234375 0.72962534 1.692115 0.68710923 -2.7093377 1.8979934 13.422299 -1.9365156888961792 0.1157505065202713
Car 0.0 0 2.0412774085998535 0.0 199.55508422851562 268.7620849609375 351.70172119140625 4.410275 1.5469323 1.7099001 -6.6860924 2.017102 10.41321 1.4704914093017578 0.9099065661430359
Car 0.0 0 2.365083932876587 387.31219482421875 184.48406982421875 547.3627319335938 250.7899932861328 4.4615984 1.5614897 1.6957743 -3.8759947 1.9235522 20.120008 2.174771547317505 0.7191199660301208
Car 0.0 0 1.9791831970214844 316.04571533203125 184.3561248779297 369.9728088378906 210.48123168945312 4.216834 1.5280577 1.7072846 -17.068462 2.2999928 46.246952 1.625619649887085 0.3092164993286133
Car 0.0 0 1.7054821252822876 644.932373046875 185.10125732421875 682.8436889648438 214.26307678222656 3.7312293 1.4683819 1.6105696 2.9953113 2.1814616 39.994446 1.780235767364502 0.25396034121513367
Car 0.0 0 1.4201982021331787 1198.35986328125 179.78773498535156 1242.0 211.6654510498047 3.8800983 1.4628807 1.6740096 30.80053 1.8303291 36.107662 2.1264424324035645 0.2205643206834793
Car 0.0 0 -3.7719576358795166 1081.890380859375 180.48788452148438 1216.212890625 220.42929077148438 3.8809557 1.4496373 1.5951537 20.28611 1.7475779 27.310066 -3.1330759525299072 0.19773666560649872
