Pedestrian 0.0 0 -1.192570447921753 0.0 188.37742614746094 17.51642417907715 248.62066650390625 0.8683705 1.5590323 0.52243507 -16.511198 1.9879093 19.42003 -1.8971891403198242 0.28511476516723633
Pedestrian 0.0 0 -1.8941110372543335 1110.4051513671875 159.9260711669922 1166.8123779296875 259.7031555175781 0.7524624 1.6736994 0.58010477 9.124243 1.4571992 12.546646 -1.265345573425293 0.21162080764770508
Pedestrian 0.0 0 2.0966012477874756 0.0 133.73536682128906 83.60712432861328 276.379150390625 1.3085515 1.8210758 0.5421744 -7.9466033 1.3220216 9.896403 1.4200465679168701 0.21102631092071533
Pedestrian 0.0 0 -1.5828295946121216 704.7212524414062 164.79183959960938 717.5846557617188 208.42141723632812 1.6874119 1.7242773 0.49469224 4.0697017 1.4060127 29.381079 -1.4451910257339478 0.19470320641994476
Cyclist 0.0 0 -1.5828295946121216 704.7212524414062 164.79183959960938 717.5846557617188 208.42141723632812 1.6874119 1.7242773 0.49469224 4.0697017 1.4060127 29.381079 -1.4451910257339478 0.7035214304924011
Car 0.0 0 1.1912115812301636 782.6922607421875 178.792724609375 1050.1695556640625 348.9822692871094 3.7101736 1.539822 1.5289613 3.2254765 1.6257416 8.524336 1.5529462099075317 0.9367479681968689
Car 0.0 0 1.7864018678665161 524.5260009765625 167.6482391357422 585.284912109375 209.68101501464844 4.269854 1.6513716 1.6903924 -2.2921638 1.447207 30.577217 1.7115787267684937 0.7757104635238647
Car 0.0 0 2.049224376678467 572.7998657226562 173.53350830078125 636.3436889648438 203.2308349609375 4.213929 1.4612068 1.5675544 -0.2544309 1.4993007 37.834503 2.042499542236328 0.7430525422096252
Car 0.0 0 0.7611628174781799 1052.60791015625 189.13099670410156 1242.0 375.0 3.9323642 1.4779373 1.6272852 3.273443 1.5797169 2.4437647 1.6906744241714478 0.5520304441452026
Car 0.0 0 -1.3690279722213745 642.3698120117188 171.40475463867188 673.6534423828125 192.10989379882812 3.8787832 1.4890968 1.5913498 3.6005063 1.3852253 53.970615 -1.3024142980575562 0.43358471989631653
Car 0.0 0 1.9204533100128174 624.5430297851562 168.19557189941406 656.8937377929688 186.8486785888672 3.6624022 1.53829 1.5983078 2.6271336 1.1544753 61.49882 1.9631457328796387 0.2758478820323944
