Pedestrian 0.0 0 -0.2938123643398285 803.22802734375 177.0052947998047 826.899658203125 218.26048278808594 0.7941214 1.6905165 0.63670325 8.46741 1.8651059 29.954844 -0.018327169120311737 0.43202394247055054
Car 0.0 0 2.6726300716400146 141.76358032226562 180.5026092529297 206.94224548339844 205.12158203125 3.8001013 1.7053028 1.6197758 -32.147648 2.2921586 53.284744 2.129774332046509 0.445454478263855
Car 0.0 0 0.6268786787986755 958.0604248046875 158.37864685058594 1021.5076904296875 182.53448486328125 4.0534005 1.7783077 1.7373037 29.028912 0.7130157 55.317112 1.110147476196289 0.3946813941001892
Car 0.0 0 -1.8608403205871582 716.9814453125 167.22311401367188 753.5048217773438 188.7437744140625 3.715016 1.4975693 1.5989197 8.979764 1.1060861 52.146828 -1.6903111934661865 0.26301074028015137
Car 0.0 0 -1.9320833683013916 850.5125732421875 157.01788330078125 885.6744384765625 180.46041870117188 4.179573 2.1124182 1.7074162 23.940657 0.6857748 67.120766 -1.5894696712493896 0.24193766713142395
Car 0.0 0 -3.2102057933807373 656.7125244140625 177.86045837402344 729.725341796875 205.06443786621094 3.778427 1.4108266 1.5756491 4.372859 1.6851271 38.6078 -3.0974228382110596 0.2343364655971527
Car 0.0 0 1.3569563627243042 739.3887329101562 171.75643920898438 781.5921630859375 198.85145568847656 4.063046 1.539285 1.6288977 8.882159 1.4772894 43.028038 1.5605242252349854 0.20514756441116333
Car 0.0 0 1.5951594114303589 235.8397216796875 177.111572265625 261.3816833496094 198.99563598632812 3.942215 1.5833888 1.6524681 -27.621769 1.9218985 55.16919 1.1309728622436523 0.19497638940811157
Car 0.0 0 -2.682422637939453 712.7064819335938 170.4475555419922 764.1259155273438 190.28436279296875 3.6633022 1.5135508 1.5766968 10.063183 1.3302957 56.771427 -2.5069870948791504 0.18857261538505554
Car 0.0 0 1.9143285751342773 109.05951690673828 187.27488708496094 163.697998046875 213.9805145263672 3.922105 1.5112944 1.6356602 -29.620037 2.4568982 45.193764 1.3341658115386963 0.18799597024917603
Car 0.0 0 1.9587363004684448 246.30242919921875 181.06985473632812 305.50067138671875 215.87811279296875 3.58276 1.7517042 1.6724967 -18.019773 2.2169502 38.997826 1.5258893966674805 0.17322994768619537
