Pedestrian 0.0 0 -1.0744030475616455 729.2435302734375 152.4537353515625 745.2689819335938 190.4419708251953 0.4654536 1.9381198 0.67338943 6.524105 0.8976779 37.200844 -0.9007933139801025 0.2734922468662262
Pedestrian 0.0 0 -3.4931509494781494 904.6153564453125 141.2450714111328 951.0447387695312 243.23928833007812 0.5910982 1.7877198 0.6002699 5.648384 1.2340472 12.961276 -3.0821774005889893 0.22171662747859955
Pedestrian 0.0 0 -1.3720768690109253 789.4849853515625 157.26441955566406 803.7256469726562 190.57562255859375 0.49317065 2.0573328 0.77719265 11.594266 1.0948627 44.95148 -1.11965012550354 0.2022402435541153
Car 0.0 0 2.073195457458496 75.06890106201172 193.2071075439453 280.0013427734375 289.2661437988281 4.1252084 1.508764 1.6703138 -8.32527 1.9712005 14.295595 1.5458430051803589 0.9391571283340454
Car 0.0 0 -1.5723180770874023 566.8535766601562 179.97610473632812 608.2862548828125 221.55638122558594 4.595406 1.6234452 1.6642821 -1.0211577 1.9556315 31.289885 -1.6049418449401855 0.9136574864387512
Car 0.0 0 1.8963892459869385 296.1801452636719 188.5486297607422 390.0775451660156 239.818115234375 4.1274858 1.4258206 1.6147794 -8.574168 1.9810379 23.42258 1.5454756021499634 0.9111387133598328
Car 0.0 0 1.7947256565093994 391.9303894042969 183.33078002929688 446.6136474609375 221.69374084472656 3.9246671 1.6428281 1.6581401 -8.944262 2.1653714 33.97126 1.5372792482376099 0.9103127717971802
Car 0.0 0 -1.5593435764312744 629.4026489257812 160.09922790527344 654.0899658203125 189.5512237548828 4.8735895 2.1939075 1.8390042 2.4741895 1.2441485 56.22929 -1.5153701305389404 0.4234789311885834
Car 0.0 0 2.066051483154297 439.11322021484375 182.65965270996094 494.6278381347656 212.0426788330078 4.079096 1.6642706 1.614999 -8.797244 2.2993083 44.512417 1.8709303140640259 0.2515179514884949
Car 0.0 0 1.3676049709320068 678.0554809570312 176.19918823242188 719.5328369140625 203.55722045898438 3.9601836 1.5362858 1.6828228 5.2108355 1.7457504 43.057556 1.488039493560791 0.2337566465139389
