Pedestrian 0.0 0 1.46860933303833 792.6910400390625 155.8938751220703 828.7919311523438 236.26766967773438 0.8170231 1.7618066 0.6991589 4.6754413 1.2017384 16.207537 1.7494579553604126 0.673959493637085
Pedestrian 0.0 0 2.2352797985076904 582.5237426757812 160.09303283691406 601.0096435546875 197.17393493652344 0.7928753 1.9386806 0.62349504 -0.5149938 0.8203234 38.057976 2.2217488288879395 0.4533442556858063
Pedestrian 0.0 0 2.345914840698242 593.9091796875 159.1640625 613.5321655273438 196.99913024902344 0.7924058 1.9335564 0.6472966 0.113606624 0.792947 37.217186 2.3489673137664795 0.4402080476284027
Pedestrian 0.0 0 0.7651681303977966 659.3659057617188 157.76329040527344 675.4901123046875 188.58738708496094 0.9648593 1.9686874 0.49200892 4.268682 0.4533706 46.40205 0.8569033145904541 0.41308704018592834
Pedestrian 0.0 0 -0.5295844078063965 931.3966064453125 159.250732421875 974.7000122070312 236.77447509765625 0.6594099 1.67866 0.57183665 7.7210464 1.1981108 15.862155 -0.07658563554286957 0.38305509090423584
Pedestrian 0.0 0 -0.5736274719238281 958.2084350585938 160.18455505371094 1046.1728515625 304.57696533203125 0.6445183 1.575307 0.60795915 4.4890175 1.344114 8.1603365 -0.07070598006248474 0.3581157624721527
Pedestrian 0.0 0 3.715315580368042 0.0 131.25083923339844 55.53589630126953 244.53663635253906 0.75883317 1.7485536 0.5065181 -9.263797 0.97426444 11.378046 3.031986951828003 0.2979465425014496
Pedestrian 0.0 0 -0.0008096694946289062 544.0094604492188 170.08631896972656 555.5221557617188 205.41799926757812 0.5971684 1.8361411 0.69922787 -2.7173648 1.2438427 37.69872 -0.07276631146669388 0.26537877321243286
Pedestrian 0.0 0 -1.0252859592437744 1131.46875 137.10824584960938 1233.888916015625 302.53826904296875 0.9160779 1.7411592 0.47582713 6.37224 1.2752949 7.9380507 -0.34887272119522095 0.21850372850894928
Pedestrian 0.0 0 2.265000820159912 0.0 129.69883728027344 77.58798217773438 276.0906982421875 0.4861047 1.7124938 0.6301909 -6.850129 1.1078697 8.651167 1.5952701568603516 0.20449529588222504
Pedestrian 0.0 0 0.5161031484603882 375.5141296386719 154.56468200683594 412.1418762207031 226.63404846191406 0.67523986 1.7438568 0.57228035 -5.1552906 1.0932994 17.735298 0.23321890830993652 0.2043805569410324
Pedestrian 0.0 0 -1.6157492399215698 669.4525756835938 157.90264892578125 680.1005859375 185.24240112304688 0.75812703 2.0191453 0.75396705 5.4724836 0.2769776 53.449116 -1.5137180089950562 0.19740375876426697
Car 0.0 0 1.7121217250823975 608.31884765625 166.38563537597656 659.0425415039062 200.46051025390625 4.2231116 1.3680544 1.6113957 1.4478785 0.7622354 31.062336 1.7587000131607056 0.8134500980377197
Car 0.0 0 -1.5965758562088013 557.3133544921875 172.28515625 584.193359375 197.1336669921875 3.5725586 1.4694752 1.5579962 -1.9204223 0.92530125 44.313625 -1.6398857831954956 0.523595929145813
Car 0.0 0 -1.0057079792022705 674.12451171875 159.34523010253906 754.9016723632812 197.9088897705078 3.8015869 1.5389857 1.6179831 4.8563085 0.6558431 30.625418 -0.8484461307525635 0.24138176441192627
