Pedestrian 0.0 0 -2.413712978363037 414.2103576660156 179.5719757080078 444.1105651855469 231.23806762695312 0.73438114 1.7170686 0.6601459 -6.198361 1.9504232 24.559525 -2.6609315872192383 0.4926280975341797
Pedestrian 0.0 0 1.3991328477859497 740.890625 125.4374008178711 774.0012817382812 212.76808166503906 0.7499446 1.7382894 0.53976953 2.9532938 0.79483485 14.74111 1.5968592166900635 0.37142711877822876
Pedestrian 0.0 0 1.48501718044281 674.4573364257812 142.4405975341797 695.9601440429688 195.00833129882812 0.76356256 1.828151 0.69055235 2.6058514 0.77082074 25.477518 1.5869431495666504 0.3314911723136902
Car 0.0 0 -1.8460068702697754 710.885009765625 183.82211303710938 867.293212890625 293.3647155761719 3.560196 1.4970125 1.56672 2.7480378 1.708052 12.039367 -1.6215970516204834 0.9804399609565735
Car 0.0 0 -1.3738877773284912 386.9037780761719 192.35360717773438 479.7635803222656 261.0772705078125 3.5905335 1.4819856 1.6227015 -4.44163 2.0295455 18.419115 -1.610512614250183 0.9701236486434937
Car 0.0 0 -1.707695484161377 656.7667846679688 182.6359100341797 722.51123046875 233.1868438720703 3.4629526 1.4014983 1.5546746 2.3529007 1.7298726 22.436768 -1.603209376335144 0.958186686038971
Car 0.0 0 -1.3774287700653076 450.73968505859375 182.425537109375 513.6826171875 230.39761352539062 4.0639505 1.6353177 1.604434 -4.8186307 2.0271146 27.458042 -1.5511505603790283 0.9489778280258179
Car 0.0 0 1.6052852869033813 501.55914306640625 181.83302307128906 530.3802490234375 214.10427856445312 3.7932947 1.7145581 1.5113312 -5.3887463 2.2543154 41.382614 1.4757962226867676 0.8633131980895996
Car 0.0 0 -1.7190536260604858 634.3088989257812 179.96490478515625 674.3049926757812 211.72613525390625 3.5981612 1.5586922 1.5847939 2.2556698 1.9529483 38.103367 -1.6599239110946655 0.8006490468978882
Car 0.0 0 -1.8275772333145142 704.9409790039062 178.6420135498047 755.5880737304688 212.3101043701172 3.5484796 1.4954101 1.5284781 5.6552377 1.7874148 34.51571 -1.6651748418807983 0.35396045446395874
Car 0.0 0 -1.6732065677642822 520.6259765625 185.52285766601562 545.861328125 205.8729705810547 3.9502153 1.4826535 1.5907258 -6.148911 2.5255277 57.27512 -1.7801543474197388 0.2876715362071991
Car 0.0 0 -0.4542957842350006 890.7025146484375 157.5708465576172 1056.2557373046875 214.16439819335938 3.8284154 1.5203235 1.5906063 10.031443 1.1101165 20.188965 0.006850719451904297 0.27917879819869995
