Pedestrian 0.0 0 -0.739713728427887 778.7373657226562 175.23728942871094 830.6001586914062 269.30517578125 0.73492074 1.8016795 0.66348517 3.8449917 1.6116946 14.227652 -0.4757709205150604 0.25392115116119385
Pedestrian 0.0 0 -3.31564998626709 797.818603515625 161.17857360839844 841.6403198242188 238.8486785888672 0.93886584 1.8541552 0.5559732 5.1006894 1.2814676 17.484632 -3.0318028926849365 0.18256402015686035
Pedestrian 0.0 0 -3.3394691944122314 801.4195556640625 150.40423583984375 842.9920654296875 232.07191467285156 0.8319845 1.8796567 0.60016304 4.9795346 1.0795702 16.877232 -3.052564859390259 0.15290717780590057
Pedestrian 0.0 0 -0.7358823418617249 936.1478271484375 118.94900512695312 984.0076293945312 220.63343811035156 0.5359963 1.7386453 0.5316852 6.1299505 0.60671926 12.61776 -0.28364354372024536 0.14421162009239197
Pedestrian 0.0 0 -3.1433303356170654 701.7674560546875 161.98643493652344 721.885009765625 204.4086456298828 0.8373127 1.7807884 0.6762297 4.3875265 0.8068077 30.565697 -3.000760078430176 0.13936351239681244
Car 0.0 0 -1.5747685432434082 557.9408569335938 174.7733154296875 625.94189453125 237.7452392578125 3.3445277 1.5097791 1.6322718 -0.47343895 1.2605495 18.92631 -1.599778175354004 0.951094925403595
Car 0.0 0 -1.4467148780822754 460.7953796386719 183.1416015625 530.531982421875 232.01820373535156 4.22767 1.3949617 1.6536356 -3.4708354 1.3368977 22.648855 -1.598777413368225 0.8712634444236755
Car 0.0 0 -1.4206202030181885 491.9425354003906 176.51295471191406 546.2739868164062 217.36154174804688 3.9127839 1.5464221 1.6213306 -3.564042 1.2180902 29.189075 -1.5421206951141357 0.6728134155273438
Car 0.0 0 -1.932110071182251 493.41015625 175.91055297851562 552.0908813476562 208.21578979492188 3.948709 1.5292134 1.6307764 -4.3630586 1.0898732 36.151764 -2.0522165298461914 0.22812224924564362
Car 0.0 0 0.22058813273906708 301.3262023925781 195.6711883544922 469.92132568359375 260.92694091796875 3.7232533 1.5023938 1.6290082 -5.437308 1.776412 17.805122 -0.07579605281352997 0.2244989424943924
Car 0.0 0 2.5339505672454834 488.504150390625 169.8908233642578 562.6556396484375 199.1919708251953 4.0984874 1.6474116 1.7218714 -4.8390822 0.7869263 42.412483 2.4203460216522217 0.1622522920370102
