Pedestrian 0.0 0 2.1821036338806152 0.0 99.18412017822266 75.96790313720703 279.0264587402344 0.68875617 1.8280543 0.58901507 -6.292078 1.0795755 7.6967254 1.4967821836471558 0.3784613311290741
Pedestrian 0.0 0 -3.2653114795684814 846.8919067382812 131.88990783691406 888.3267822265625 198.48114013671875 1.0603294 1.8952789 0.6475785 7.4261227 0.72974193 20.963436 -2.924862861633301 0.3574049472808838
Car 0.0 0 -1.8422462940216064 714.4588012695312 190.40570068359375 872.7613525390625 307.5510559082031 3.3656564 1.5700512 1.6340927 2.7945588 1.9015675 11.896244 -1.6115186214447021 0.9758799076080322
Car 0.0 0 -1.7617905139923096 665.5413208007812 188.67898559570312 770.4224853515625 273.7165222167969 3.6531737 1.6361847 1.664195 2.2821264 2.0382235 16.443651 -1.6238868236541748 0.9644966125488281
Car 0.0 0 1.7935926914215088 380.0078125 194.1185302734375 488.03643798828125 271.27557373046875 3.9342356 1.5197735 1.6689032 -4.115281 2.0875688 17.275026 1.559730052947998 0.9578068852424622
Car 0.0 0 -1.7581889629364014 639.8593139648438 189.15843200683594 722.3388671875 249.1198272705078 4.324913 1.5767791 1.745171 2.0455072 2.1344423 22.423872 -1.6672205924987793 0.9486647844314575
Car 0.0 0 -2.1765193939208984 836.4596557617188 196.88601684570312 1242.0 375.0 3.3892562 1.498428 1.5771741 3.010018 1.7304183 5.198968 -1.651710867881775 0.907461941242218
Car 0.0 0 1.7749031782150269 432.7817687988281 197.4602813720703 508.09442138671875 252.42623901367188 3.9256425 1.4690887 1.5913371 -4.398069 2.322094 23.024887 1.58616304397583 0.7075124979019165
Car 0.0 0 -1.863450527191162 599.436767578125 189.33319091796875 636.77392578125 211.62803649902344 4.22452 1.553258 1.740858 0.5560119 2.8821292 55.89473 -1.8535033464431763 0.46566829085350037
Car 0.0 0 -1.6458008289337158 630.4982299804688 187.01341247558594 669.6751098632812 223.6199188232422 3.578568 1.5687981 1.5753903 1.8088213 2.2742784 34.12277 -1.5928411483764648 0.4520488977432251
Car 0.0 0 3.407724618911743 85.39462280273438 178.1441192626953 331.9173583984375 272.57403564453125 3.8693695 1.6474001 1.6715971 -7.6168356 1.7595469 13.985323 2.909013032913208 0.37529128789901733
