Pedestrian 0.0 0 -2.7873778343200684 662.5812377929688 168.974365234375 680.4771728515625 194.487060546875 1.0371712 1.6961195 0.65048754 4.105124 1.4385533 48.480812 -2.702903985977173 0.3468548357486725
Car 0.0 0 -1.844728946685791 722.8004760742188 178.52059936523438 860.1607055664062 264.99481201171875 4.0501 1.5068091 1.6631349 3.5080013 1.640362 14.898512 -1.6134812831878662 0.9666010141372681
Car 0.0 0 1.8671104907989502 375.2929992675781 178.97244262695312 470.49859619140625 241.5746612548828 3.372433 1.5141504 1.5692582 -4.997863 1.6945181 19.505356 1.6162766218185425 0.9588837027549744
Car 0.0 0 -1.9371074438095093 785.7949829101562 182.29344177246094 1029.3134765625 331.96820068359375 3.6821315 1.5231606 1.6343621 3.5226517 1.6709788 9.420983 -1.5792878866195679 0.9579667448997498
Car 0.0 0 -1.7494314908981323 709.5608520507812 178.62722778320312 790.3215942382812 236.57826232910156 3.5977623 1.4772438 1.6205609 3.838566 1.6565084 20.553238 -1.5647964477539062 0.9397547245025635
Car 0.0 0 1.7975575923919678 426.7149658203125 177.66769409179688 502.1564025878906 227.47093200683594 3.9821057 1.5077913 1.6260124 -4.834197 1.6833607 24.245707 1.600754737854004 0.9068301916122437
Car 0.0 0 -2.3307809829711914 943.9322509765625 192.4671630859375 1242.0 375.0 3.8311765 1.521588 1.5976245 3.3593006 1.6743346 3.6728675 -1.589943766593933 0.7901750206947327
Car 0.0 0 2.3676187992095947 0.0 203.6018829345703 128.2304229736328 375.0 3.875593 1.4104908 1.6127818 -4.900844 1.6761856 4.2405868 1.5101189613342285 0.7434444427490234
Car 0.0 0 -3.7807631492614746 1168.105712890625 168.03346252441406 1242.0 224.83702087402344 3.9620714 1.4707898 1.6047534 17.830187 1.346332 19.670542 -3.044400691986084 0.3208584487438202
Car 0.0 0 0.713010847568512 464.6749572753906 175.2260284423828 519.7498168945312 196.07582092285156 4.3307514 1.6047695 1.6446571 -9.474358 1.8011245 57.78344 0.5504937171936035 0.31080159544944763
