Pedestrian 0.0 0 -0.2862626016139984 723.9575805664062 176.080078125 743.54833984375 210.38851928710938 0.8222527 1.7497338 0.7374882 6.3544583 1.9186754 37.28805 -0.11746875196695328 0.1512790024280548
Pedestrian 0.0 0 2.50480055809021 755.2984619140625 154.486328125 779.2319946289062 194.45913696289062 0.9972529 1.9694866 0.61571836 7.8152785 1.0648576 36.03337 2.7183825969696045 0.1276087462902069
Pedestrian 0.0 0 0.5996829867362976 0.0 137.02529907226562 57.54993438720703 288.3099060058594 0.5879253 1.7348821 0.6312638 -7.1762376 1.3243681 8.613686 -0.09492964297533035 0.12330904603004456
Cyclist 0.0 0 -0.5787392854690552 753.5752563476562 164.37112426757812 800.4913330078125 208.60728454589844 1.7912769 1.7626776 0.6609875 6.7572336 1.4250193 29.367807 -0.3525855541229248 0.13040724396705627
Car 0.0 0 -1.8620423078536987 734.5355224609375 190.13943481445312 898.1514892578125 293.3045959472656 4.426423 1.4735304 1.614776 3.502703 1.8460355 13.292538 -1.604390263557434 0.9667182564735413
Car 0.0 0 -2.8875203132629395 431.1416931152344 173.3583221435547 532.0856323242188 212.39068603515625 3.7474196 1.5311631 1.6187515 -5.2060666 1.5526545 29.279512 -3.0634870529174805 0.7332293391227722
Car 0.0 0 -2.844088315963745 456.0733947753906 176.19818115234375 515.88330078125 200.39256286621094 3.5979867 1.5752553 1.7501887 -8.319132 1.8049119 48.374588 -3.0143957138061523 0.4379082918167114
Car 0.0 0 -1.7088576555252075 662.6671752929688 174.30076599121094 722.0363159179688 223.3103485107422 4.5478005 1.876494 1.8276856 3.2971103 1.9417393 30.058744 -1.5996055603027344 0.2781906723976135
Car 0.0 0 -0.3107563853263855 716.9880981445312 175.81289672851562 801.8433837890625 206.39332580566406 4.072426 1.5603938 1.648583 7.809188 1.7210844 38.055225 -0.1083594262599945 0.23029930889606476
Car 0.0 0 -2.806309461593628 404.91259765625 163.3523406982422 481.9833984375 194.4237060546875 3.4840915 1.5285817 1.5313816 -8.419798 1.0614979 36.443295 -3.0333638191223145 0.15662036836147308
Car 0.0 0 -2.6923117637634277 431.38726806640625 175.53309631347656 504.2518005371094 204.32052612304688 3.7701373 1.6057696 1.7164296 -8.252186 1.7661604 41.79258 -2.8872597217559814 0.12777021527290344
Car 0.0 0 -2.092771291732788 880.9207153320312 191.9531707763672 1119.0667724609375 311.8381042480469 4.1096716 1.5709155 1.6491692 6.218772 1.9500706 12.213422 -1.6218104362487793 0.12318883836269379
