Cyclist 0.0 0 -1.3234927654266357 0.0 17.071226119995117 136.5901336669922 376.0 1.6947432 1.8537198 0.49863073 -3.3083515 1.0639086 4.2537894 -1.984513759613037 0.5685056447982788
Car 0.0 0 -1.4050966501235962 450.27764892578125 183.72210693359375 509.7332458496094 227.1562957763672 3.5270789 1.4634582 1.5548494 -4.5853753 1.4142649 25.987555 -1.5797441005706787 0.9608381390571594
Car 0.0 0 -1.0933613777160645 127.01280975341797 186.3550262451172 302.5798645019531 265.74505615234375 4.0973773 1.5155194 1.6738833 -8.455525 1.5450215 15.837333 -1.5837584733963013 0.9214200377464294
Car 0.0 0 -1.2812259197235107 304.73260498046875 189.81642150878906 389.6882629394531 236.4140625 3.861969 1.3875879 1.5986235 -8.539317 1.5534582 23.764105 -1.6261942386627197 0.8921797871589661
Car 0.0 0 -1.5690853595733643 579.68310546875 179.5752410888672 610.5364379882812 207.82870483398438 4.0130763 1.4963293 1.6343688 -0.7330594 1.1987373 40.08728 -1.5873699188232422 0.8668623566627502
Car 0.0 0 -1.381455421447754 481.2105712890625 182.0030059814453 527.398681640625 214.0038299560547 3.8611054 1.5163699 1.5933477 -5.1559706 1.365267 36.025433 -1.5236103534698486 0.8231672644615173
Car 0.0 0 -1.2992088794708252 327.63287353515625 189.4581756591797 467.2268371582031 285.3029479980469 4.2069097 1.6669165 1.6579933 -4.1726093 1.7677933 14.791143 -1.5741655826568604 0.766959011554718
Car 0.0 0 -1.3362469673156738 398.4791259765625 178.82745361328125 449.809814453125 211.4641571044922 3.6147046 1.4833338 1.5897973 -8.777665 1.1941205 34.48696 -1.5854763984680176 0.7661476135253906
Car 0.0 0 -1.2764114141464233 380.0723571777344 180.4208526611328 422.6726379394531 205.05264282226562 3.520893 1.4520344 1.5613685 -12.648574 1.1705121 44.144703 -1.5554606914520264 0.7031432390213013
Car 0.0 0 1.7105880975723267 514.4600830078125 176.49485778808594 550.2109375 202.3538055419922 4.0967565 1.5546864 1.6870737 -4.726654 1.0315052 45.292385 1.6066057682037354 0.5288181900978088
Car 0.0 0 -1.1849745512008667 441.1218566894531 183.1140594482422 490.253662109375 207.9404754638672 3.7211962 1.4116399 1.5904678 -8.438066 1.2932714 42.84857 -1.3794140815734863 0.4672912061214447
