Pedestrian 0.0 0 1.9351555109024048 896.3150634765625 156.4613494873047 985.0396728515625 317.50927734375 0.7755925 1.7224469 0.6922526 3.721344 1.5474814 8.23313 2.359668254852295 0.3544052243232727
Pedestrian 0.0 0 -3.172163963317871 965.6824951171875 99.88372802734375 1022.3961791992188 224.1229248046875 0.7443993 1.8253638 0.587031 5.799786 0.75361794 11.025279 -2.687898635864258 0.2938927412033081
Pedestrian 0.0 0 0.006312131881713867 946.3248291015625 147.5198211669922 1002.0009765625 272.3939514160156 0.7024571 1.737749 0.5333406 5.2087154 1.3855562 10.434859 0.46929144859313965 0.23430229723453522
Pedestrian 0.0 0 1.4046250581741333 798.8241577148438 155.25253295898438 844.8881225585938 264.58868408203125 1.029765 1.8284954 0.60537654 3.633757 1.5344932 12.610037 1.6851879358291626 0.1884443610906601
Pedestrian 0.0 0 -3.570950508117676 1056.6549072265625 158.90216064453125 1181.001953125 369.4375 0.67361575 1.7401834 0.6697298 4.390286 1.6252222 6.3496876 -2.966007709503174 0.15889880061149597
Pedestrian 0.0 0 2.068584442138672 368.541259765625 145.51231384277344 399.45166015625 198.92596435546875 0.9745215 1.8835427 0.6808525 -8.175004 0.9197421 25.984566 1.7637784481048584 0.15140680968761444
Pedestrian 0.0 0 2.277803421020508 97.38771057128906 160.10507202148438 156.75726318359375 248.7764129638672 0.8497191 1.792053 0.62778383 -10.101459 1.5347544 15.037776 1.6862976551055908 0.13375769555568695
Pedestrian 0.0 0 -2.1565279960632324 1123.1690673828125 55.65410232543945 1242.0 270.1115417480469 1.5004822 1.8189306 0.58522123 5.61781 0.82525206 6.8923116 -1.472657322883606 0.12207575142383575
Cyclist 0.0 0 -2.1565279960632324 1123.1690673828125 55.65410232543945 1242.0 270.1115417480469 1.5004822 1.8189306 0.58522123 5.61781 0.82525206 6.8923116 -1.472657322883606 0.18675529956817627
Car 0.0 0 1.8151841163635254 355.45770263671875 188.39892578125 492.2529296875 276.9835205078125 4.3986683 1.4914721 1.7281561 -3.7433558 1.8650235 15.118732 1.5724681615829468 0.9694026112556458
Car 0.0 0 1.7726424932479858 446.03924560546875 175.06875610351562 520.4347534179688 234.30943298339844 4.0084763 1.7475505 1.6058273 -4.0657516 1.8261554 23.46124 1.6010501384735107 0.9494708180427551
Car 0.0 0 1.895908236503601 523.9384155273438 173.50404357910156 573.8900756835938 201.78793334960938 3.990735 1.5034963 1.6092253 -3.4104075 1.5423349 40.58002 1.8120636940002441 0.7760900855064392
Car 0.0 0 -2.85263991355896 510.5023498535156 174.694580078125 575.2185668945312 201.9482421875 3.7633333 1.6764768 1.6763233 -4.2670054 1.7965281 45.730747 -2.9456777572631836 0.3427010774612427
