Pedestrian 0.0 0 0.7636749744415283 820.4817504882812 175.10494995117188 859.5709838867188 244.85491943359375 0.7300939 1.7031872 0.588506 5.7198896 1.7614825 18.107407 1.0696423053741455 0.6634918451309204
Pedestrian 0.0 0 1.2829411029815674 926.5505981445312 155.6079864501953 962.8179321289062 224.63223266601562 0.8365817 1.7855742 0.6597086 8.812084 1.3397987 19.123846 1.714732050895691 0.29523423314094543
Pedestrian 0.0 0 0.16490474343299866 804.6458129882812 171.19525146484375 826.674072265625 214.417236328125 0.7840172 1.7858106 0.71359116 8.598 1.7176343 30.29923 0.4414055347442627 0.288203626871109
Pedestrian 0.0 0 0.8609420657157898 733.1004028320312 166.57308959960938 747.2078857421875 194.79022216796875 0.7076451 1.8415664 0.59780353 8.544445 1.4320061 47.54434 1.0387592315673828 0.15925981104373932
Pedestrian 0.0 0 -2.2857666015625 211.21998596191406 163.48289489746094 227.8489532470703 194.2519989013672 0.7800014 1.9398634 0.554515 -24.862293 1.3494126 45.88386 -2.7823331356048584 0.11914333701133728
Cyclist 0.0 0 -1.8169283866882324 678.8536376953125 173.7556915283203 693.1303100585938 201.50543212890625 1.7519324 1.7778137 0.5149131 4.9305997 1.8382701 47.18554 -1.7128124237060547 0.2851564884185791
Cyclist 0.0 0 0.9168316125869751 800.7528686523438 171.51535034179688 827.2286987304688 214.219970703125 0.89117616 1.7681897 0.6690157 8.551727 1.7131205 30.410452 1.1909620761871338 0.11566368490457535
Car 0.0 0 2.3230457305908203 1055.7177734375 197.41123962402344 1148.143798828125 232.043212890625 4.33626 1.6728663 1.4030939 25.624182 2.9943678 37.655117 2.9205617904663086 0.30894628167152405
Car 0.0 0 -2.316524028778076 120.52742004394531 175.0763397216797 198.2317657470703 204.6154022216797 3.6729248 1.6345662 1.7629579 -25.908722 1.7667356 41.458878 -2.8750698566436768 0.1081082671880722
Car 0.0 0 -1.1635607481002808 230.12168884277344 179.6773681640625 279.90081787109375 204.58201599121094 3.9907165 1.6446772 1.7037528 -24.951487 2.1446753 50.796867 -1.6201446056365967 0.10051991790533066
