Pedestrian 0.0 0 -0.034508198499679565 725.0826416015625 188.54490661621094 750.330078125 246.60208129882812 0.751056 1.7642597 0.68900335 3.9349792 2.2631512 22.529028 0.13841009140014648 0.5460599064826965
Pedestrian 0.0 0 3.151548147201538 549.271240234375 184.46160888671875 562.53564453125 210.81878662109375 0.8780522 1.7400565 0.4648344 -3.6362653 2.5188062 48.12214 3.0761282444000244 0.47129467129707336
Pedestrian 0.0 0 2.94978404045105 709.1514282226562 152.40725708007812 740.923583984375 210.13058471679688 0.928085 1.8889074 0.68061185 3.7689652 1.2201772 23.965174 3.1057748794555664 0.33551859855651855
Pedestrian 0.0 0 0.5791720151901245 902.9000244140625 168.68919372558594 936.13427734375 220.0511474609375 0.8391897 1.8037515 0.7190321 11.057584 1.6578482 25.885082 0.9828875064849854 0.2570500075817108
Pedestrian 0.0 0 1.5220110416412354 870.4761962890625 133.4950714111328 903.649169921875 204.3539276123047 1.567632 1.8451179 0.7624053 7.4783487 0.82059544 19.648958 1.8856801986694336 0.2475266307592392
Pedestrian 0.0 0 0.36788755655288696 268.2039794921875 197.86749267578125 322.6411437988281 321.2615661621094 0.47769666 1.6803985 0.76208967 -4.562725 2.0540597 10.373808 -0.04647793620824814 0.1924043446779251
Pedestrian 0.0 0 -3.007040023803711 555.2932739257812 188.9875030517578 569.7857666015625 213.97866821289062 0.9798475 1.7777134 0.53679246 -3.4471672 2.9478745 52.013092 -3.07321834564209 0.1916216015815735
Pedestrian 0.0 0 1.9169611930847168 688.1368408203125 168.70140075683594 706.9758911132812 207.98904418945312 0.7613768 1.8596175 0.6807799 4.1679225 1.6634195 34.643116 2.036695957183838 0.18667401373386383
Pedestrian 0.0 0 -1.7407145500183105 665.843994140625 181.61312866210938 674.3137817382812 202.54693603515625 0.5404736 1.7446033 0.6269721 5.028058 2.4851477 60.674133 -1.6580336093902588 0.17463399469852448
Pedestrian 0.0 0 -1.901923656463623 818.4908447265625 173.02630615234375 895.6072998046875 301.5866394042969 1.651562 1.833331 0.60907006 3.7104266 1.8365422 11.117433 -1.5797994136810303 0.11747584491968155
Cyclist 0.0 0 -1.341127872467041 0.0 65.82450866699219 112.39857482910156 375.0 1.7104079 1.9393275 0.5118572 -3.6678698 1.394364 4.5551634 -2.019038438796997 0.36928170919418335
Cyclist 0.0 0 -1.901923656463623 818.4908447265625 173.02630615234375 895.6072998046875 301.5866394042969 1.651562 1.833331 0.60907006 3.7104266 1.8365422 11.117433 -1.5797994136810303 0.22745011746883392
Cyclist 0.0 0 0.10005655884742737 801.5108642578125 147.3957977294922 851.101318359375 203.66064453125 1.5194018 1.8161038 0.5931708 7.104861 0.99472785 23.849789 0.3895859718322754 0.18486171960830688
Cyclist 0.0 0 2.317582845687866 852.7356567382812 134.16439819335938 915.3531494140625 204.51470947265625 1.5931586 1.8526818 0.70197767 7.4253693 0.8341459 19.66885 2.678560256958008 0.17424310743808746
Cyclist 0.0 0 -0.03854405879974365 723.0889892578125 188.33392333984375 750.9952392578125 246.81381225585938 0.82989955 1.7763655 0.6983431 3.913199 2.2687128 22.528164 0.13344240188598633 0.10390294343233109
Car 0.0 0 1.7197827100753784 496.44085693359375 189.90896606445312 552.5427856445312 234.7479705810547 3.7343009 1.538043 1.6308041 -3.2990646 2.2468936 28.078863 1.6028261184692383 0.9175474643707275
Car 0.0 0 -1.4830284118652344 652.2096557617188 192.10125732421875 682.0716552734375 219.75965881347656 3.3019702 1.6283854 1.6455065 3.6979413 2.9215846 46.698414 -1.4040056467056274 0.3601704239845276
Car 0.0 0 -0.0815429538488388 669.744384765625 160.82296752929688 733.1141967773438 186.6978302001953 4.150159 1.7275026 1.727787 6.1531806 0.9246229 49.122265 0.04307055473327637 0.2353292554616928
Car 0.0 0 1.608123779296875 536.161865234375 202.826171875 576.0610961914062 239.0755157470703 4.229783 1.4514165 1.7506304 -2.5623183 2.9774837 34.581017 1.5341628789901733 0.19544252753257751
