Pedestrian 0.0 0 -1.659930944442749 466.5842590332031 178.50460815429688 488.4508056640625 230.81529235839844 0.88789046 1.7609298 0.664314 -4.6249332 1.9604762 24.915005 -1.8434702157974243 0.2748105823993683
Pedestrian 0.0 0 1.2641733884811401 819.8383178710938 170.62705993652344 843.9691772460938 221.90965270996094 0.7342829 1.7090377 0.5847139 7.457929 1.6351807 24.413221 1.5606567859649658 0.2569303810596466
Pedestrian 0.0 0 -1.9115251302719116 493.3481750488281 181.40272521972656 512.564208984375 220.24766540527344 0.8526511 1.6164485 0.55606985 -4.607054 1.9872017 30.752644 -2.0602293014526367 0.19528189301490784
Pedestrian 0.0 0 0.0617041140794754 662.506591796875 171.01052856445312 677.6067504882812 196.73573303222656 1.0377356 1.8089834 0.47481114 4.2219267 1.6797085 51.044914 0.1442263126373291 0.12752121686935425
Cyclist 0.0 0 -1.1517577171325684 378.5510559082031 179.82937622070312 412.4088134765625 228.4362335205078 1.6611664 1.6401885 0.51561457 -7.5923905 1.8948687 25.447601 -1.4417036771774292 0.17675098776817322
Car 0.0 0 1.3539400100708008 689.8372192382812 166.58200073242188 741.2594604492188 203.0087890625 3.9284577 1.6872373 1.6809801 5.0787654 1.397085 35.43921 1.4962800741195679 0.9412735104560852
Car 0.0 0 -2.742344379425049 263.3736572265625 175.3759002685547 393.5970458984375 228.43499755859375 3.3371649 1.5507909 1.6192036 -8.571389 1.6311271 22.023623 -3.113497734069824 0.9281278848648071
Car 0.0 0 1.559884786605835 540.8160400390625 174.4364013671875 574.8243408203125 204.24606323242188 4.282241 1.4232711 1.6339703 -2.7316825 1.5093551 36.88378 1.4859578609466553 0.8661849498748779
Car 0.0 0 2.080580472946167 310.6704406738281 176.7563018798828 409.4900817871094 223.49053955078125 3.7743938 1.4462622 1.5401863 -8.467213 1.5907538 24.653486 1.7497535943984985 0.15105757117271423
Car 0.0 0 1.442959189414978 707.7328491210938 164.08546447753906 746.6806030273438 196.6876678466797 4.1688895 1.7678688 1.6681532 6.6066303 1.2927488 41.232273 1.6018383502960205 0.1390306055545807
Car 0.0 0 2.143117904663086 523.0751953125 166.8166046142578 585.6951904296875 194.0956573486328 4.3235283 1.5577521 1.6927156 -3.3216977 1.2133487 43.50422 2.0669124126434326 0.12631992995738983
