Pedestrian 0.0 0 0.37302228808403015 365.56976318359375 142.2706756591797 410.0679016113281 211.27908325195312 1.0282515 1.9136556 0.67087054 -6.313983 1.0659152 20.377869 0.07255792617797852 0.32625389099121094
Pedestrian 0.0 0 1.5926406383514404 365.66339111328125 174.96424865722656 375.9046936035156 203.70220947265625 1.2177615 1.6700319 0.5502163 -14.182541 1.7971841 42.687813 1.2718756198883057 0.15045292675495148
Cyclist 0.0 0 1.5926406383514404 365.66339111328125 174.96424865722656 375.9046936035156 203.70220947265625 1.2177615 1.6700319 0.5502163 -14.182541 1.7971841 42.687813 1.2718756198883057 0.3169386386871338
Car 0.0 0 2.112367630004883 59.78523254394531 200.66941833496094 310.4632568359375 329.45098876953125 3.5639162 1.4528202 1.558177 -6.0603886 1.9359431 10.717979 1.597746729850769 0.9620670676231384
Car 0.0 0 -1.799385905265808 708.8447875976562 175.84481811523438 844.3762817382812 268.3638610839844 3.90513 1.5467361 1.6946377 3.0357716 1.6139281 14.154053 -1.5881061553955078 0.9586577415466309
Car 0.0 0 1.9442050457000732 263.19696044921875 193.34494018554688 407.8085021972656 272.8360900878906 4.077932 1.4431571 1.6382672 -6.0145755 1.962224 16.208845 1.5888864994049072 0.9583485722541809
Car 0.0 0 1.8064171075820923 391.9770812988281 178.04893493652344 472.7604675292969 233.02565002441406 4.3238163 1.678556 1.703974 -5.9806433 1.8716366 24.600697 1.5679348707199097 0.8372397422790527
Car 0.0 0 1.6816314458847046 556.75244140625 179.4796142578125 584.170654296875 201.1241455078125 4.005659 1.5972846 1.7146717 -3.086951 2.1357105 56.545708 1.6270934343338013 0.6690338850021362
Car 0.0 0 1.819366455078125 442.0945129394531 184.61529541015625 501.6700134277344 223.85049438476562 3.9403045 1.5252652 1.6146663 -5.9479947 2.0682435 31.270735 1.6314021348953247 0.5710981488227844
Car 0.0 0 -3.222475051879883 822.8317260742188 164.5265655517578 916.1690063476562 199.5439453125 3.8793983 1.5330988 1.551487 11.690191 1.1688727 32.837177 -2.8804609775543213 0.4210744798183441
Car 0.0 0 1.8232454061508179 521.427001953125 180.8134765625 555.5812377929688 202.10931396484375 4.182607 1.5683405 1.6938874 -5.6249003 2.2214487 56.9736 1.7248361110687256 0.3748739957809448
