Pedestrian 0.0 0 2.8914992809295654 669.255859375 178.19021606445312 698.4884033203125 227.46377563476562 0.84635985 1.6562785 0.69088143 2.787128 1.5461029 24.543467 3.0045738220214844 0.8313736915588379
Pedestrian 0.0 0 1.910497784614563 379.8592834472656 171.8809814453125 428.9095458984375 277.3055419921875 0.7499312 1.7127314 0.5799185 -3.3395517 1.5577515 12.061703 1.6403917074203491 0.7833606600761414
Pedestrian 0.0 0 1.3983515501022339 625.802001953125 170.61627197265625 644.1484985351562 216.0211639404297 0.7670753 1.8126539 0.61840975 1.3368176 1.3791561 29.09424 1.4442671537399292 0.7251428365707397
Pedestrian 0.0 0 -1.6792426109313965 977.7744750976562 162.65899658203125 1072.82666015625 336.6398620605469 0.6179604 1.6719377 0.7690701 4.2538085 1.4922498 7.338724 -1.1539291143417358 0.6841318607330322
Pedestrian 0.0 0 2.8872287273406982 514.9010009765625 177.4025421142578 538.69140625 232.34022521972656 0.56975526 1.5786422 0.55367804 -2.2139158 1.4620403 20.998186 2.7821831703186035 0.5517730712890625
Pedestrian 0.0 0 3.136983871459961 573.5737915039062 173.6387481689453 594.7239990234375 218.83981323242188 0.79940146 1.7080957 0.73582137 -0.6843995 1.4120566 27.521952 3.11212158203125 0.42792102694511414
Pedestrian 0.0 0 1.2464152574539185 585.9096069335938 178.28692626953125 605.8797607421875 220.86117553710938 0.6364382 1.7829375 0.67954683 -0.25320068 1.6493579 30.491777 1.2381114959716797 0.3786105811595917
Pedestrian 0.0 0 -1.4458051919937134 411.44439697265625 163.0078582763672 442.93865966796875 236.7904815673828 1.3856331 1.7970525 0.6115561 -4.4366655 1.34785 18.216265 -1.6847089529037476 0.37564221024513245
Pedestrian 0.0 0 3.477332592010498 226.9441680908203 119.30416107177734 356.2730407714844 306.01507568359375 0.9301683 1.6796429 0.7994334 -2.9845352 1.1215117 6.892033 3.0686705112457275 0.3703221082687378
Pedestrian 0.0 0 0.38143694400787354 649.34619140625 172.132080078125 666.4247436523438 201.8805389404297 0.92329323 1.8347158 0.54775864 3.522811 1.2576929 44.75056 0.45999598503112793 0.35043054819107056
Pedestrian 0.0 0 0.15150006115436554 341.96624755859375 187.3400421142578 388.2102966308594 273.4838562011719 0.7773055 1.6528645 0.6945643 -4.7129397 1.7732319 14.242793 -0.1680588573217392 0.3387611508369446
Pedestrian 0.0 0 2.5542807579040527 706.947265625 167.3581085205078 723.8048706054688 199.42315673828125 0.8292816 1.891269 0.54359615 6.788769 1.0579178 42.786316 2.7116358280181885 0.29579535126686096
Pedestrian 0.0 0 -0.29898616671562195 539.3468017578125 167.39439392089844 578.0859375 204.2904510498047 1.7770517 1.7725734 0.65492487 -2.0975637 1.0958104 35.126392 -0.35863009095191956 0.1388661414384842
Cyclist 0.0 0 -0.21482951939105988 536.7496948242188 164.36888122558594 575.3682861328125 201.67320251464844 1.7843242 1.7937901 0.655615 -2.2278543 0.9709378 35.098976 -0.27821797132492065 0.277400404214859
Cyclist 0.0 0 -1.448790192604065 410.6905822753906 162.8358612060547 443.3140869140625 237.3092041015625 1.4971908 1.8086963 0.63023037 -4.441342 1.3566029 18.223495 -1.68784499168396 0.22549138963222504
Cyclist 0.0 0 -1.8842637538909912 1031.43896484375 180.6892852783203 1145.1549072265625 342.06500244140625 1.698212 1.7172837 0.61013347 5.6723146 1.7100161 8.541461 -1.2980458736419678 0.21330933272838593
Cyclist 0.0 0 0.3409421443939209 221.59298706054688 120.41580963134766 363.5015563964844 307.64788818359375 1.0318251 1.6774902 0.83376837 -2.966241 1.1315917 6.8832235 -0.06594710052013397 0.1350785195827484
Cyclist 0.0 0 2.8914992809295654 669.255859375 178.19021606445312 698.4884033203125 227.46377563476562 0.84635985 1.6562785 0.69088143 2.787128 1.5461029 24.543467 3.0045738220214844 0.109969362616539
Car 0.0 0 1.3657071590423584 705.234375 177.50567626953125 798.5117797851562 237.10116577148438 4.3075233 1.5061957 1.7033385 4.0846925 1.4064258 20.3117 1.5641605854034424 0.25609391927719116
Car 0.0 0 1.9869043827056885 97.74053192138672 169.9721221923828 195.81849670410156 215.08226013183594 3.8155608 1.4982822 1.571268 -16.253042 1.1164817 25.857374 1.4257456064224243 0.2029910832643509
