Pedestrian 0.0 0 -1.9502218961715698 589.153564453125 148.4270477294922 623.270263671875 218.63168334960938 1.1047394 1.8438519 0.5523355 -0.16024417 1.2026616 19.563473 -1.9584126472473145 0.20445246994495392
Pedestrian 0.0 0 1.2207934856414795 1113.015869140625 153.6793670654297 1136.0667724609375 195.48016357421875 0.6218533 1.8985159 0.690505 23.602806 1.0279969 33.159588 1.8393913507461548 0.1642669290304184
Pedestrian 0.0 0 1.8625857830047607 213.49803161621094 169.5730438232422 243.35269165039062 225.42913818359375 0.63230556 1.8496313 0.73811114 -12.874653 1.7413429 24.272356 1.3748958110809326 0.14329935610294342
Car 0.0 0 -0.1501545011997223 450.6900329589844 196.49794006347656 529.1617431640625 225.3251190185547 4.3516326 1.5409513 1.7044464 -7.112757 2.982485 42.491135 -0.3160106837749481 0.8054453730583191
Car 0.0 0 1.1444255113601685 1057.23681640625 173.1906280517578 1123.8367919921875 204.1948699951172 3.721655 1.5621177 1.5368553 25.417524 1.5812838 38.352722 1.7296981811523438 0.5274474024772644
Car 0.0 0 1.7055286169052124 255.71231079101562 176.84837341308594 294.2625427246094 206.07839965820312 4.212002 1.7805874 1.7201551 -21.718115 2.052784 46.836014 1.2713358402252197 0.37211480736732483
Car 0.0 0 -3.786799192428589 1153.460693359375 181.27658081054688 1242.0 215.8382568359375 4.28071 1.3741757 1.5121235 25.299314 1.7347907 29.9855 -3.085963249206543 0.2715420424938202
Car 0.0 0 1.2616537809371948 552.71240234375 176.634765625 595.98974609375 202.93360900878906 3.8421838 1.5559787 1.6185904 -2.3191855 1.8049934 45.369186 1.2105801105499268 0.17102767527103424
Car 0.0 0 2.073392391204834 554.2662963867188 175.86534118652344 595.9522094726562 198.7912139892578 3.647106 1.6607875 1.6039466 -2.6383104 1.8980888 54.780033 2.0252676010131836 0.14566685259342194
Car 0.0 0 0.8246613144874573 575.0299682617188 154.77720642089844 656.1201782226562 187.99600219726562 3.8715959 1.475723 1.6213928 0.17436323 0.6730319 34.026535 0.8297855854034424 0.14323465526103973
