Pedestrian 0.0 0 -3.4645113945007324 990.4398193359375 112.85497283935547 1068.6412353515625 246.45584106445312 0.81891865 1.7843653 0.46320632 5.7929635 0.8825742 9.7513 -2.9284629821777344 0.48138654232025146
Pedestrian 0.0 0 -0.00944739580154419 772.8099365234375 157.63180541992188 796.9070434570312 189.52743530273438 1.3303807 1.8103491 0.5087357 10.298129 0.51376915 40.53094 0.23936820030212402 0.44610854983329773
Pedestrian 0.0 0 -2.0152955055236816 116.85767364501953 150.3081817626953 141.8585662841797 190.37942504882812 0.83178633 1.9383738 0.7324886 -23.376278 0.47933978 34.72415 -2.607807159423828 0.3514663279056549
Pedestrian 0.0 0 -3.4118149280548096 988.8848876953125 154.51071166992188 1028.96923828125 224.3594512939453 0.76747847 1.7550296 0.567893 10.312649 1.103613 18.129583 -2.894629955291748 0.22755961120128632
Pedestrian 0.0 0 -0.03685946762561798 510.02459716796875 164.2034912109375 520.7274169921875 186.3417205810547 0.8952365 1.8949828 0.50921357 -7.695415 0.50123316 60.84063 -0.162676140666008 0.22485801577568054
Pedestrian 0.0 0 -1.177889347076416 277.7091979980469 176.9553680419922 321.2004089355469 260.8473815917969 0.6526234 1.6765628 0.615074 -6.280976 1.6073523 14.456717 -1.587751865386963 0.2070658802986145
Cyclist 0.0 0 1.0480247735977173 875.4449462890625 156.6610870361328 907.746826171875 194.00909423828125 1.9113547 1.7198026 0.53363657 13.558111 0.62352306 33.53661 1.432213544845581 0.5758123993873596
Cyclist 0.0 0 0.04482772946357727 773.6080932617188 157.73623657226562 800.6615600585938 189.86012268066406 1.48026 1.8199458 0.50188446 10.428859 0.5316744 40.508595 0.29680395126342773 0.2883971929550171
Car 0.0 0 -0.5342844724655151 964.5045166015625 157.1540985107422 1101.2672119140625 204.31802368164062 3.5582156 1.5109271 1.6122054 14.093477 0.76457417 23.463663 0.006613731384277344 0.9032912850379944
Car 0.0 0 -0.8153172731399536 0.0 209.16253662109375 292.99920654296875 370.0 3.8310385 1.4145081 1.6026392 -3.1836224 1.6305484 3.3647838 -1.5730575323104858 0.8115227818489075
Car 0.0 0 1.7082659006118774 87.80879974365234 178.1524200439453 125.85628509521484 202.46826171875 4.334461 1.5913317 1.5581095 -34.14699 1.4390252 48.550777 1.0953116416931152 0.29639869928359985
Car 0.0 0 2.0542914867401123 72.48002624511719 197.36624145507812 157.0023956298828 233.1072540283203 3.7899792 1.459666 1.6398373 -22.58993 2.2889423 32.71892 1.4500213861465454 0.2822868525981903
