Pedestrian 0.0 0 -1.1250271797180176 993.4627075195312 199.15020751953125 1091.0145263671875 369.6068115234375 1.0842409 1.843226 0.5795437 5.048511 2.17356 8.509151 -0.5895459651947021 0.1814199835062027
Pedestrian 0.0 0 1.9179426431655884 277.70599365234375 187.00494384765625 299.088623046875 219.10670471191406 1.4467164 1.6356435 0.5766345 -17.034433 2.3989747 38.157867 1.4980698823928833 0.14542034268379211
Cyclist 0.0 0 -1.530094861984253 985.7717895507812 199.3736114501953 1051.9871826171875 374.4378967285156 1.6691959 1.786819 0.6159594 4.7875 2.1316483 8.497704 -1.0170314311981201 0.37862247228622437
Cyclist 0.0 0 1.9503246545791626 278.524658203125 188.68472290039062 299.18597412109375 220.7501220703125 1.3149177 1.634467 0.55027586 -16.987495 2.4855402 38.103527 1.530948281288147 0.1984431892633438
Car 0.0 0 2.2452878952026367 0.0 194.64935302734375 145.01406860351562 364.24578857421875 4.0010533 1.5271895 1.5887219 -7.9041877 1.8624239 9.050266 1.5273844003677368 0.8557471632957458
Car 0.0 0 1.7043317556381226 492.9187927246094 178.9193878173828 520.8262329101562 200.08981323242188 3.8791828 1.5255967 1.607544 -7.857765 2.0051353 55.05443 1.5625619888305664 0.6359606981277466
Car 0.0 0 2.2614870071411133 84.53852081298828 189.28684997558594 170.68484497070312 222.89608764648438 3.702057 1.4861149 1.5367422 -23.801691 2.343308 35.699375 1.6734436750411987 0.267204225063324
Car 0.0 0 1.8727725744247437 282.0380554199219 179.75868225097656 343.3815002441406 213.0854949951172 4.0743937 1.4977057 1.6433893 -14.533656 1.8569083 35.395145 1.483151912689209 0.22759413719177246
Car 0.0 0 2.3954923152923584 220.4822540283203 193.04058837890625 304.5797119140625 224.52760314941406 3.7691102 1.4324267 1.7322215 -18.03681 2.5413036 37.548462 1.947679042816162 0.20689329504966736
Car 0.0 0 1.907586932182312 244.6192626953125 195.46762084960938 291.9972839355469 222.68405151367188 3.7602851 1.5479962 1.5912331 -21.86392 3.0587022 46.23514 1.4658653736114502 0.19955582916736603
