Pedestrian 0.0 0 -2.423290729522705 486.973388671875 170.5666961669922 511.7534484863281 218.10865783691406 0.6888228 1.8325223 0.67095983 -4.377121 1.7447155 28.276903 -2.576866626739502 0.27916884422302246
Pedestrian 0.0 0 0.8484053015708923 951.33447265625 116.68035888671875 1009.050537109375 224.092529296875 0.5767924 1.7931691 0.66853845 6.306057 0.85574836 12.405467 1.31869375705719 0.2566007673740387
Pedestrian 0.0 0 -2.119745969772339 985.0370483398438 49.74913787841797 1112.27099609375 288.0855407714844 0.6495835 1.7682942 0.6029554 3.3697615 0.8552976 5.6793904 -1.5842441320419312 0.2254142463207245
Pedestrian 0.0 0 2.5602595806121826 842.0587158203125 114.72847747802734 950.4873657226562 276.82208251953125 1.0130993 1.8274859 0.633033 3.3224092 1.1725214 8.547479 2.9309871196746826 0.1532008796930313
Pedestrian 0.0 0 -0.2926657199859619 809.7863159179688 139.9344482421875 866.625732421875 259.63555908203125 0.715398 1.7955626 0.5039833 3.440711 1.3021146 11.075633 0.008538246154785156 0.1262892186641693
Cyclist 0.0 0 -0.9623290300369263 1052.8787841796875 28.811677932739258 1242.0 299.4501647949219 1.6911951 1.7942102 0.5718226 4.1068163 0.839633 5.306416 -0.3036852777004242 0.1305638700723648
Cyclist 0.0 0 -0.6367543935775757 424.5225524902344 137.7473907470703 468.51812744140625 196.58021545410156 1.313963 1.8361866 0.5445625 -5.2912474 0.7408591 23.192387 -0.8610610961914062 0.10778937488794327
Car 0.0 0 -1.514551043510437 671.3176879882812 165.1079559326172 710.1537475585938 199.38800048828125 3.5744448 1.488759 1.5805366 3.7225537 1.1527121 33.22727 -1.4029831886291504 0.92521071434021
Car 0.0 0 2.1429483890533447 0.0 177.78689575195312 347.0024108886719 375.0 4.2784944 1.5139519 1.6709324 -3.835298 1.5695854 5.9424224 1.569806694984436 0.9195730090141296
Car 0.0 0 1.7480937242507935 609.3720703125 166.77818298339844 643.8594970703125 192.6100616455078 3.9204936 1.568647 1.526572 1.0671861 1.2000496 45.885826 1.771346926689148 0.11985956132411957
Car 0.0 0 -1.2549619674682617 262.8174133300781 194.895751953125 361.4965515136719 254.24581909179688 3.9257379 1.4953436 1.5922858 -8.8627205 2.2198906 21.688507 -1.642891526222229 0.10275615751743317
