Pedestrian 0.0 0 -0.2833073139190674 1167.4847412109375 203.15318298339844 1216.4312744140625 289.4241027832031 0.66296595 1.7652835 0.642793 12.425274 2.433723 15.482969 0.3929636478424072 0.6341390609741211
Pedestrian 0.0 0 1.3133975267410278 711.5198364257812 179.95872497558594 728.1156616210938 212.14544677734375 0.954243 1.7064245 0.66421825 5.892939 2.095709 38.985683 1.4634183645248413 0.44785964488983154
Pedestrian 0.0 0 2.797416925430298 834.5557250976562 169.7200927734375 871.5726318359375 215.45864868164062 1.174832 1.7130463 0.66354096 9.168035 1.5960302 27.364994 3.1206917762756348 0.42649251222610474
Pedestrian 0.0 0 1.104374647140503 734.9884643554688 180.91656494140625 750.301025390625 205.32830810546875 1.1454333 1.6491246 0.5856936 9.119287 2.2129333 49.78984 1.2855224609375 0.14527450501918793
Cyclist 0.0 0 -2.491757392883301 1037.5552978515625 184.61578369140625 1097.056884765625 245.4868927001953 1.5068148 1.6464739 0.38370168 12.974961 1.9950345 20.58526 -1.9293534755706787 0.34069857001304626
Cyclist 0.0 0 -1.4616057872772217 838.9959716796875 168.94618225097656 864.7806396484375 214.47018432617188 1.3029281 1.6813823 0.7932167 9.152383 1.5374088 27.404137 -1.139275074005127 0.31894195079803467
Cyclist 0.0 0 1.104374647140503 734.9884643554688 180.91656494140625 750.301025390625 205.32830810546875 1.1454333 1.6491246 0.5856936 9.119287 2.2129333 49.78984 1.2855224609375 0.28862252831459045
Cyclist 0.0 0 1.1560193300247192 710.2025146484375 179.89279174804688 730.1384887695312 212.05149841308594 1.1723188 1.6953372 0.6453171 5.9079623 2.0822246 38.96982 1.3064771890640259 0.17590881884098053
Car 0.0 0 2.0348989963531494 191.65768432617188 188.6042022705078 288.42340087890625 231.9110107421875 3.9508057 1.435695 1.6657746 -13.929891 2.0761552 27.339891 1.563673973083496 0.9190891981124878
Car 0.0 0 2.035712242126465 155.6221160888672 188.75216674804688 251.49305725097656 228.63697814941406 4.47417 1.4460424 1.6656494 -16.926807 2.1628592 30.241169 1.525431513786316 0.7828870415687561
Car 0.0 0 1.8366590738296509 385.0249328613281 183.40753173828125 424.0539245605469 206.59588623046875 3.8467624 1.4824072 1.6395537 -14.163163 2.2396967 49.81575 1.559657335281372 0.6433530449867249
Car 0.0 0 2.2709460258483887 0.0 187.65115356445312 54.565757751464844 237.46194458007812 4.201856 1.4267163 1.5600489 -20.919104 1.9633281 24.032797 1.5547045469284058 0.48538678884506226
Car 0.0 0 -0.9732393026351929 31.26508140563965 185.0873260498047 122.79315185546875 226.2147216796875 3.0086365 1.5132532 1.530137 -21.35999 2.0311246 28.988964 -1.6082593202590942 0.40219414234161377
Car 0.0 0 -1.0836756229400635 885.2247314453125 192.0370635986328 1008.4261474609375 253.55970764160156 3.7616055 1.5462799 1.6989768 9.830742 2.1551473 21.073563 -0.6471883058547974 0.3375564217567444
