Car 0.0 0 -1.8315317630767822 727.33203125 182.89151000976562 923.5720825195312 311.34356689453125 4.139555 1.4307061 1.5972387 2.7794905 1.6049544 10.427247 -1.571028709411621 0.9566652178764343
Car 0.0 0 -1.6842992305755615 648.5028686523438 174.73388671875 691.1724243164062 208.94825744628906 3.6293979 1.4863915 1.5550878 2.6765757 1.5785309 33.38525 -1.6042979955673218 0.9393575191497803
Car 0.0 0 -1.7587883472442627 673.1851806640625 173.19703674316406 755.8074340820312 237.07772827148438 3.482537 1.5702049 1.5657184 2.6838129 1.5806959 19.531178 -1.6222318410873413 0.9083960652351379
Car 0.0 0 -2.7537550926208496 273.38616943359375 175.120361328125 457.9728698730469 238.29481506347656 4.085696 1.5015994 1.6404781 -6.1117697 1.561994 18.163267 -3.0783445835113525 0.8847578763961792
Car 0.0 0 -2.100278615951538 829.9873046875 174.70980834960938 1242.0 375.0 3.9909735 1.5610301 1.6542914 2.7193687 1.5780895 4.4824543 -1.5549694299697876 0.8115853667259216
Car 0.0 0 -2.3082292079925537 0.0 192.89669799804688 215.4385986328125 363.27008056640625 4.102416 1.4594744 1.6293086 -6.5820084 1.6958095 7.4571085 -3.031374931335449 0.7841485142707825
Car 0.0 0 3.317868709564209 394.1938171386719 177.37384033203125 503.2325134277344 216.99441528320312 3.9915528 1.508034 1.6068745 -6.3580117 1.6928227 28.551147 3.0987555980682373 0.7261962294578552
Car 0.0 0 0.4341566860675812 319.7384338378906 176.54579162597656 473.578125 230.5443878173828 3.9745271 1.4728097 1.5905445 -6.175286 1.5856419 20.902079 0.14688968658447266 0.6315783262252808
Car 0.0 0 0.16349086165428162 430.9418029785156 176.62051391601562 526.2830810546875 214.88693237304688 3.7934742 1.5808282 1.6169316 -5.5962253 1.7464069 30.809011 -0.01619255170226097 0.5773815512657166
Car 0.0 0 0.3052411377429962 314.9826965332031 158.2553253173828 456.5033874511719 210.90093994140625 4.037168 1.6327224 1.658849 -7.1814137 1.1803252 23.2146 0.005229473114013672 0.5767387747764587
Car 0.0 0 -2.1166396141052246 0.0 185.06503295898438 54.4720344543457 375.0 3.975562 1.4487132 1.6359249 -6.3926916 1.5505141 4.95376 -3.028182029724121 0.49014246463775635
