Pedestrian 0.0 0 1.3075175285339355 1053.3284912109375 161.3643798828125 1102.937255859375 258.3651428222656 0.5843975 1.8140529 0.6695807 8.936974 1.5995386 13.871231 1.8798619508743286 0.4372992217540741
Pedestrian 0.0 0 1.0310572385787964 867.4691162109375 161.81007385253906 930.1259155273438 259.70819091796875 1.0028952 1.7759398 0.67779565 5.3884788 1.5759531 13.636352 1.4073803424835205 0.36343181133270264
Pedestrian 0.0 0 2.799126625061035 835.70166015625 146.4207000732422 903.6580810546875 226.6022491455078 1.3410012 1.8274069 0.6628199 5.9725013 1.2253274 16.773397 3.1411986351013184 0.2503862977027893
Cyclist 0.0 0 2.799126625061035 835.70166015625 146.4207000732422 903.6580810546875 226.6022491455078 1.3410012 1.8274069 0.6628199 5.9725013 1.2253274 16.773397 3.1411986351013184 0.16320788860321045
Car 0.0 0 1.7212377786636353 409.5917663574219 185.1458282470703 477.2393798828125 233.8291473388672 3.9657905 1.4720405 1.693704 -5.694994 1.9311407 24.885254 1.496261715888977 0.9257395267486572
Car 0.0 0 1.290557622909546 634.8035278320312 165.2596893310547 714.6347045898438 222.6552734375 3.9194095 1.7648126 1.632459 2.0341609 1.5316592 24.264652 1.3741943836212158 0.8146809935569763
Car 0.0 0 1.7152410745620728 443.7305603027344 182.25747680664062 490.8807373046875 220.43643188476562 3.9038546 1.6153696 1.6019278 -6.5991354 2.0782242 33.495483 1.520716667175293 0.47644874453544617
Car 0.0 0 -2.2542953491210938 1003.406005859375 175.14059448242188 1174.9754638671875 240.37313842773438 3.5895166 1.4493021 1.6602621 11.727103 1.5127507 18.032389 -1.6776844263076782 0.3587035536766052
Car 0.0 0 0.2554761469364166 279.7111511230469 164.53091430664062 400.7380676269531 209.24087524414062 3.6749015 1.5006368 1.5967041 -9.383265 1.2216403 25.19444 -0.10104292631149292 0.27619436383247375
Car 0.0 0 -1.2138267755508423 0.0 200.5623779296875 20.888639450073242 365.1695251464844 3.6245546 1.4737253 1.5908685 -9.076371 1.8997339 9.102394 -1.997793436050415 0.2395246922969818
Car 0.0 0 -1.7153788805007935 540.268310546875 174.1247100830078 569.3404541015625 196.69728088378906 3.9270024 1.6725934 1.6875916 -4.3293467 1.7749248 55.79975 -1.7928109169006348 0.22307568788528442
