Pedestrian 0.0 0 2.2965381145477295 1157.7523193359375 207.11727905273438 1242.0 375.0 0.7386226 1.6918471 0.6221469 5.021194 1.9890893 5.889951 3.0024828910827637 0.5525639653205872
Cyclist 0.0 0 -0.1702815294265747 843.9827880859375 196.52618408203125 934.453369140625 281.65374755859375 1.7600787 1.774587 0.6620215 6.0374374 2.3099225 15.808697 0.19453001022338867 0.13109883666038513
Car 0.0 0 1.71196711063385 449.51446533203125 178.84634399414062 488.5236511230469 210.68910217285156 4.12552 1.6560163 1.5802964 -7.875146 2.0094686 40.41273 1.519511103630066 0.7931073307991028
Car 0.0 0 1.8324161767959595 501.6667175292969 180.8705291748047 531.0426025390625 198.8931121826172 3.8953512 1.4888496 1.6106805 -8.219631 2.216857 63.453102 1.7035948038101196 0.5513966679573059
Car 0.0 0 1.874618649482727 320.7786865234375 186.6592254638672 373.3640441894531 214.77110290527344 4.1004105 1.463507 1.7062138 -15.153408 2.3016083 41.696033 1.5260337591171265 0.17123831808567047
Car 0.0 0 1.5670552253723145 637.6532592773438 187.1508026123047 665.1939086914062 214.18043518066406 3.548494 1.4750187 1.5750707 2.4308774 2.3654182 43.103153 1.6233923435211182 0.16350345313549042
Car 0.0 0 -1.2922552824020386 630.377685546875 179.9560546875 666.8662109375 202.4749298095703 3.849358 1.5026679 1.6075592 2.769923 2.0308416 51.53951 -1.2385632991790771 0.15839171409606934
Car 0.0 0 2.4518299102783203 2.846332550048828 196.8939971923828 81.72229766845703 221.86196899414062 3.933694 1.4529861 1.7335281 -37.8224 3.1278534 48.149532 1.7859810590744019 0.1483563482761383
Car 0.0 0 -1.3261981010437012 450.1811218261719 177.1110382080078 485.1057434082031 199.9659881591797 3.818127 1.5900897 1.6360915 -10.414002 1.913885 52.87006 -1.5206818580627441 0.1413862705230713
Car 0.0 0 1.550743579864502 172.3291015625 186.3885498046875 199.21969604492188 208.86729431152344 4.0120354 1.565911 1.6828123 -32.387505 2.6382885 54.998257 1.0185389518737793 0.13785035908222198
Car 0.0 0 -0.39640098810195923 673.8383178710938 195.6129150390625 734.181396484375 218.783203125 3.775958 1.4690864 1.6189011 6.41361 3.0725024 49.53991 -0.26765361428260803 0.13533063232898712
