Pedestrian 0.0 0 -2.97786545753479 628.53857421875 146.938720703125 721.3829345703125 304.783935546875 0.93032163 1.6451806 0.63473535 0.73330986 1.2970712 7.78981 -2.884005069732666 0.8422333598136902
Pedestrian 0.0 0 -0.43937575817108154 834.5194091796875 173.7981719970703 872.830810546875 242.02593994140625 0.6977635 1.6826007 0.65085423 6.214075 1.5189204 17.79162 -0.10335161536931992 0.28294962644577026
Pedestrian 0.0 0 -0.4709055423736572 664.021484375 162.77273559570312 712.53857421875 261.0916748046875 0.59328026 1.7748846 0.81960785 1.5079871 1.4565072 13.246601 -0.35755395889282227 0.23868466913700104
Pedestrian 0.0 0 2.628124952316284 816.5475463867188 177.88458251953125 868.4765625 266.90545654296875 0.77416986 1.7182823 0.6125241 4.6597567 1.6694323 14.017165 2.949064254760742 0.2275809645652771
Pedestrian 0.0 0 -3.1601312160491943 828.491455078125 130.616943359375 885.158935546875 236.44932556152344 0.92699254 1.8162248 0.58864427 4.4156847 0.961812 12.553999 -2.821911334991455 0.15099549293518066
Pedestrian 0.0 0 1.7231731414794922 755.297119140625 130.15744018554688 803.3577880859375 240.4686737060547 0.7695288 1.853224 0.710112 3.0128736 1.0091205 12.364531 1.9621859788894653 0.14880648255348206
Pedestrian 0.0 0 2.2939858436584473 682.1397094726562 167.5594024658203 726.9906005859375 255.67214965820312 0.68998384 1.7566378 0.61061305 2.0074706 1.5002794 14.547372 2.43111515045166 0.1398841291666031
Pedestrian 0.0 0 2.526050090789795 887.6490478515625 142.71438598632812 947.5540161132812 249.12477111816406 0.71351093 1.7400486 0.58981496 5.217067 1.1238213 11.917611 2.9386796951293945 0.11111462116241455
Pedestrian 0.0 0 -0.017503224313259125 637.0845947265625 164.68638610839844 677.4173583984375 260.67730712890625 0.7190262 1.7131007 0.58920455 0.90472835 1.4325256 12.926384 0.052373647689819336 0.10484077036380768
Pedestrian 0.0 0 0.3956592381000519 441.1609191894531 150.07681274414062 505.7228088378906 238.3451690673828 1.1639824 1.8068677 0.69416636 -2.8098068 1.1857251 14.929026 0.2096245288848877 0.1040697693824768
Pedestrian 0.0 0 -0.16289405524730682 606.1709594726562 158.63134765625 665.7109985351562 229.91322326660156 1.4057684 1.7509459 0.65939057 0.7305376 1.2153687 17.77542 -0.12181897461414337 0.1001482754945755
Cyclist 0.0 0 -2.573819875717163 1136.08251953125 157.0740966796875 1224.0 259.5867614746094 1.4891529 1.6488836 0.5210507 10.039687 1.2737393 12.156296 -1.883494257926941 0.1995684802532196
Cyclist 0.0 0 -1.5986168384552002 639.0252075195312 164.48135375976562 671.987548828125 261.39239501953125 1.2870016 1.6817223 0.5579501 0.8642443 1.405392 12.918512 -1.5318167209625244 0.13786828517913818
Cyclist 0.0 0 -1.70139479637146 872.922607421875 183.31893920898438 937.4780883789062 302.8160705566406 1.5328531 1.5921445 0.6586149 4.2821116 1.6380996 10.280221 -1.3067126274108887 0.13395701348781586
Cyclist 0.0 0 1.3124616146087646 846.3313598632812 132.13853454589844 900.9425659179688 236.83724975585938 1.4077944 1.7119901 0.5375263 4.596338 0.9228556 12.283555 1.6705187559127808 0.11459160596132278
Cyclist 0.0 0 1.4622278213500977 966.7843017578125 145.4398956298828 1012.513916015625 254.3690185546875 1.3363705 1.6627308 0.5046353 6.191257 1.129221 11.501688 1.956037163734436 0.10706079006195068
Car 0.0 0 1.9675356149673462 0.0 176.7403106689453 66.49987030029297 211.9042205810547 3.717711 1.5346473 1.6210192 -26.831516 1.3720357 32.865044 1.282865285873413 0.11236408352851868
