Pedestrian 0.0 0 -1.6245253086090088 781.6304321289062 151.637939453125 799.8722534179688 191.80517578125 0.4482133 2.0123298 0.8703278 9.089798 0.9497886 36.447945 -1.3801196813583374 0.43151772022247314
Cyclist 0.0 0 1.6931878328323364 357.0432434082031 174.06451416015625 401.39520263671875 278.77032470703125 1.8924004 1.7150193 0.52754164 -4.122321 1.7385274 12.817142 1.3820109367370605 0.847086489200592
Cyclist 0.0 0 -1.8195774555206299 1145.947509765625 210.2024688720703 1242.0 375.0 1.7472062 1.63547 0.5652364 4.9641247 1.9938827 6.00401 -1.128706455230713 0.47775736451148987
Car 0.0 0 -1.9267778396606445 648.050537109375 176.02906799316406 804.5943603515625 276.4654235839844 3.4715476 1.5428445 1.6486887 1.890411 1.6089585 13.069875 -1.783135175704956 0.9483475089073181
Car 0.0 0 -1.8167977333068848 550.153564453125 178.91510009765625 611.3176879882812 220.09219360351562 3.3191845 1.4384413 1.5603212 -1.2184556 1.6854832 27.550056 -1.860995888710022 0.9483367800712585
Car 0.0 0 -0.9119054079055786 604.6712036132812 175.2224578857422 670.0216674804688 203.96517944335938 3.8197136 1.4784251 1.5532326 1.5012203 1.6145568 39.39709 -0.8738189935684204 0.689240038394928
Car 0.0 0 2.3778696060180664 495.3809509277344 176.5685272216797 560.8807983398438 204.19772338867188 3.7512362 1.5382658 1.6487579 -4.833873 1.7684292 42.6675 2.265058994293213 0.6402934789657593
Car 0.0 0 -0.7521476745605469 656.9625244140625 170.41835021972656 722.7138671875 195.34100341796875 3.8368113 1.4096074 1.5451115 4.701501 1.2722069 42.574562 -0.6421635150909424 0.513816237449646
Car 0.0 0 2.1097464561462402 712.9940795898438 170.1966552734375 761.263916015625 194.83843994140625 3.3474078 1.5100554 1.5294446 8.095512 1.3475704 45.979385 2.2840285301208496 0.4876156449317932
Car 0.0 0 -0.703586220741272 1147.8416748046875 207.36964416503906 1242.0 375.0 3.6966429 1.5344577 1.5849565 6.421192 1.8425034 5.3278494 0.17460274696350098 0.4766554534435272
Car 0.0 0 -1.1482807397842407 749.91796875 171.72911071777344 795.03125 195.07437133789062 3.7982461 1.5209706 1.5704482 11.036363 1.4480405 48.99642 -0.9267299175262451 0.3813919723033905
