Pedestrian 0.0 0 -0.2075134813785553 807.7221069335938 110.79000091552734 899.1812133789062 249.67034912109375 1.1102417 1.8707714 0.58505076 3.3222325 1.0351034 10.068956 0.11118721961975098 0.3258025348186493
Cyclist 0.0 0 1.0373280048370361 520.0502319335938 182.39791870117188 540.1190185546875 210.71546936035156 1.6207738 1.7746336 0.53629786 -5.196373 2.401709 46.56946 0.9262044429779053 0.27914032340049744
Cyclist 0.0 0 -0.2750933766365051 803.533447265625 109.8144302368164 902.6393432617188 249.90081787109375 1.1920655 1.8938417 0.59900767 3.3197706 1.0419614 10.076732 0.043157339096069336 0.14967001974582672
Car 0.0 0 -2.1519322395324707 838.313232421875 176.8262939453125 1242.0 375.0 4.1106124 1.5035241 1.6543087 3.0895216 1.5433033 5.075369 -1.6051193475723267 0.8974508047103882
Car 0.0 0 -1.679431438446045 470.9425964355469 186.44053649902344 510.3581848144531 218.93862915039062 3.6441882 1.4957489 1.5898359 -6.1706634 2.2266116 36.82265 -1.8454666137695312 0.8656320571899414
Car 0.0 0 -1.696124792098999 676.5635986328125 172.53598022460938 757.8075561523438 242.61373901367188 4.1808414 1.7393486 1.6849518 2.806666 1.7318133 20.008053 -1.5567573308944702 0.834932804107666
Car 0.0 0 -1.7705289125442505 632.8810424804688 181.0623016357422 678.6245727539062 215.68142700195312 3.4197063 1.5193335 1.5130131 2.0868065 1.9305432 34.314335 -1.7097892761230469 0.7258638739585876
Car 0.0 0 -1.733472228050232 573.203857421875 183.8393096923828 604.3712768554688 205.93505859375 3.9063005 1.5063541 1.6859642 -1.6331874 2.350387 53.332935 -1.7640851736068726 0.6887149810791016
Car 0.0 0 1.4198139905929565 665.8446655273438 181.6215362548828 728.384765625 229.85244750976562 3.8122895 1.503483 1.5873442 2.9080422 1.8326726 25.125639 1.535041332244873 0.646997332572937
Car 0.0 0 -1.8253692388534546 606.7646484375 179.27645874023438 645.8534545898438 206.29115295410156 3.197293 1.4377921 1.4527272 0.85307634 1.8179445 40.942234 -1.8045361042022705 0.47874924540519714
