Car 0.0 0 -1.9124011993408203 452.7582702636719 189.6969451904297 580.1341552734375 269.0799865722656 3.633138 1.3989253 1.5596865 -2.1734118 1.8076571 15.520339 -2.051532745361328 0.9496863484382629
Car 0.0 0 -1.6977359056472778 348.1677551269531 182.82281494140625 404.7548522949219 222.54119873046875 3.9030528 1.4276047 1.6796616 -9.523347 1.8596648 29.120499 -2.0138049125671387 0.9424735903739929
Car 0.0 0 1.2827409505844116 1001.5942993164062 158.6346893310547 1168.5128173828125 242.45132446289062 4.2501764 1.4229424 1.6064142 9.24272 1.1819011 14.510821 1.8498899936676025 0.8878979086875916
Car 0.0 0 1.4471675157546997 895.9642944335938 158.2841339111328 988.74658203125 231.49127197265625 3.388341 1.4659618 1.4662826 7.3327475 1.1745602 16.281004 1.8703429698944092 0.8773366808891296
Car 0.0 0 -2.2209174633026123 582.002197265625 131.1028594970703 952.840087890625 325.4324035644531 4.7871366 1.7012026 1.7585038 1.4378552 1.3360621 8.839865 -2.05967378616333 0.8609503507614136
Car 0.0 0 1.6779175996780396 0.0 203.05650329589844 91.830078125 313.80828857421875 3.6961284 1.4651476 1.5515444 -10.165801 2.075362 12.592908 0.9987630844116211 0.8524886965751648
Car 0.0 0 1.8165533542633057 0.0 209.252197265625 57.0262565612793 375.0 4.0894055 1.3946787 1.6598063 -7.772093 1.9212016 8.238163 1.0602576732635498 0.786602795124054
Car 0.0 0 1.7288517951965332 147.57774353027344 186.1904754638672 195.1964569091797 219.67726135253906 3.9557676 1.6495793 1.6184815 -23.905418 2.417361 39.37985 1.1832667589187622 0.7095438838005066
Car 0.0 0 -1.7055773735046387 332.24871826171875 181.5282440185547 381.20428466796875 218.13009643554688 4.1984005 1.5778699 1.6427494 -12.168081 2.0188634 34.407475 -2.045496940612793 0.6479031443595886
Car 0.0 0 -2.870666742324829 524.8123168945312 168.47447204589844 615.6716918945312 207.921875 3.7005868 1.6796145 1.6862701 -1.7734103 1.4934981 31.938534 -2.926135540008545 0.6230123043060303
