Pedestrian 0.0 0 2.139535427093506 610.7646484375 175.81407165527344 653.410888671875 241.3014373779297 0.85423166 1.6607121 0.7776545 0.77314794 1.5177016 18.786663 2.180666208267212 0.7193021774291992
Pedestrian 0.0 0 1.6382390260696411 614.35791015625 162.6055908203125 628.0014038085938 202.89324951171875 0.62652755 1.876927 0.60194886 0.9213686 0.9975928 33.8036 1.665488839149475 0.6262347102165222
Pedestrian 0.0 0 -1.6930879354476929 721.5624389648438 162.93380737304688 735.980712890625 196.38076782226562 0.69817036 1.8207005 0.6989931 6.990721 0.81086653 39.4674 -1.5177797079086304 0.604603111743927
Pedestrian 0.0 0 -0.12759456038475037 499.4330139160156 172.63845825195312 525.3941040039062 236.9973907470703 0.55709 1.5345427 0.56951827 -2.2034385 1.3244512 17.470436 -0.25305595993995667 0.5776870250701904
Pedestrian 0.0 0 1.2242414951324463 642.64208984375 167.1748504638672 659.8966064453125 204.05250549316406 0.7765059 1.8361951 0.6415406 2.5028827 1.1238061 36.22567 1.293223261833191 0.5600613355636597
Pedestrian 0.0 0 -1.6175315380096436 625.2927856445312 164.9459686279297 643.23828125 212.75462341308594 0.64543027 1.6766059 0.6056777 1.1394746 1.0971329 25.51209 -1.5728970766067505 0.5461316108703613
Pedestrian 0.0 0 1.3287255764007568 663.07568359375 167.01182556152344 678.8662109375 203.543212890625 0.7156996 1.8252742 0.6401208 3.5028021 1.1022593 36.28924 1.4249520301818848 0.5270558595657349
Pedestrian 0.0 0 3.4187405109405518 321.2196044921875 162.1944122314453 376.72991943359375 257.5250549316406 0.83508825 1.7254223 0.6246264 -4.715399 1.3772724 13.336641 3.0788912773132324 0.484150767326355
Pedestrian 0.0 0 -1.541460633277893 572.7535400390625 179.68270874023438 589.73095703125 227.11541748046875 0.92304415 1.6666486 0.58232594 -0.7393871 1.6038556 25.699299 -1.5702234506607056 0.410406231880188
Pedestrian 0.0 0 -2.535510540008545 47.39321517944336 166.02667236328125 178.34857177734375 374.0 0.5841684 1.6335889 0.6583586 -3.8738105 1.520115 5.6611724 -3.135606050491333 0.36114275455474854
Pedestrian 0.0 0 1.6913015842437744 712.9456176757812 158.66371154785156 728.0282592773438 196.7119903564453 0.7417608 1.8970618 0.66769636 6.0061693 0.75934094 36.262794 1.855440378189087 0.35535258054733276
Pedestrian 0.0 0 1.1213147640228271 650.8781127929688 168.71043395996094 666.7620239257812 203.10198974609375 0.8086778 1.7604939 0.5202669 2.9664865 1.1066648 37.239803 1.200805902481079 0.32618415355682373
Pedestrian 0.0 0 -2.8430416584014893 545.8602905273438 167.3797607421875 584.0750732421875 224.85328674316406 1.0556676 1.7439551 0.5837971 -1.1507965 1.3166155 22.206264 -2.8948183059692383 0.2922484278678894
Pedestrian 0.0 0 -0.1693217158317566 188.4212188720703 175.3518829345703 264.3202209472656 304.6142578125 0.7743949 1.5849876 0.62229764 -4.8977504 1.5109406 9.288028 -0.6545846462249756 0.2390103042125702
Cyclist 0.0 0 1.1617318391799927 701.9120483398438 178.10342407226562 733.0474853515625 224.06248474121094 1.5976698 1.6130555 0.5181619 4.1710734 1.4949048 26.047375 1.320517897605896 0.5427038669586182
Cyclist 0.0 0 2.019969940185547 306.7290344238281 165.83103942871094 374.7503662109375 263.76123046875 1.5968271 1.7042782 0.54956496 -4.83926 1.4328687 13.3205595 1.6715025901794434 0.40293532609939575
Cyclist 0.0 0 1.7199270725250244 719.3055419921875 165.7594757080078 754.1115112304688 240.4792938232422 1.6874979 1.6995285 0.57972175 3.2271767 1.342717 17.228315 1.9050993919372559 0.23256459832191467
Cyclist 0.0 0 -2.841245174407959 544.0277709960938 168.0056610107422 584.457275390625 226.167236328125 1.1311296 1.7652855 0.57100147 -1.1738791 1.3568325 22.21524 -2.8940372467041016 0.1062396690249443
Car 0.0 0 1.0585764646530151 651.989501953125 174.8478546142578 715.7180786132812 203.3525390625 4.158538 1.470555 1.6233454 4.4344788 1.1282313 39.28748 1.170973300933838 0.43779730796813965
