Pedestrian 0.0 0 0.06108379364013672 853.498779296875 141.3656005859375 905.09521484375 220.1659393310547 1.1307309 1.8438703 0.6302714 6.4471197 1.107423 17.39742 0.4159729480743408 0.1982235610485077
Pedestrian 0.0 0 -1.238847017288208 29.582874298095703 166.06602478027344 59.31902313232422 216.57347106933594 0.6151557 1.8088448 0.6891063 -20.605995 1.566102 26.241455 -1.9045265913009644 0.17546851933002472
Pedestrian 0.0 0 0.24332720041275024 946.4406127929688 167.27273559570312 989.1810913085938 247.8362579345703 0.67179716 1.6122438 0.5747949 7.326215 1.5009089 14.873005 0.7010250091552734 0.14976154267787933
Pedestrian 0.0 0 -0.016907483339309692 708.072998046875 182.44093322753906 732.7777099609375 262.6571350097656 0.5345448 1.750991 0.6462684 2.4217577 1.97119 16.187632 0.13159656524658203 0.14968697726726532
Pedestrian 0.0 0 -1.4610679149627686 182.08450317382812 156.061279296875 203.29673767089844 205.1517333984375 0.54793096 1.8374915 0.64175713 -15.877625 1.2092862 27.385145 -1.9864943027496338 0.14391006529331207
Pedestrian 0.0 0 3.4670703411102295 305.8143005371094 168.30873107910156 342.78485107421875 218.4413604736328 1.0402982 1.7070445 0.63117194 -9.899778 1.5526336 24.90863 3.0887696743011475 0.13691335916519165
Pedestrian 0.0 0 -2.799488067626953 390.8744201660156 149.3156280517578 414.2543029785156 194.20277404785156 0.7703841 1.8983258 0.70669264 -8.916477 0.90322053 30.888052 -3.080518960952759 0.12348499149084091
Pedestrian 0.0 0 2.1651837825775146 244.5645294189453 176.4028778076172 280.5056457519531 230.64688110351562 0.74161196 1.5707526 0.6567756 -10.325949 1.6782163 21.359236 1.7148702144622803 0.12307676672935486
Pedestrian 0.0 0 -1.8255810737609863 772.5744018554688 162.90785217285156 791.192138671875 200.07254028320312 0.7613971 1.6162921 0.624416 7.522255 1.1840923 31.764473 -1.5930511951446533 0.11344414204359055
Pedestrian 0.0 0 2.4406495094299316 307.1462097167969 189.37637329101562 362.2640380859375 270.7546691894531 0.873423 1.7478311 0.7686039 -6.259752 2.1343422 16.29281 2.0738346576690674 0.10263868421316147
Pedestrian 0.0 0 -0.08444663882255554 343.3933410644531 162.3815460205078 365.455078125 194.96142578125 1.1576655 1.863759 0.59769017 -14.836325 1.2650319 41.784595 -0.4256281852722168 0.10044647008180618
Cyclist 0.0 0 -1.272090196609497 99.35214233398438 123.79610443115234 152.25733947753906 212.18678283691406 1.6415374 1.7452552 0.45876652 -10.151492 0.7769752 15.095901 -1.8640974760055542 0.15060214698314667
Car 0.0 0 1.7205817699432373 552.453125 176.20831298828125 589.7039794921875 202.45578002929688 4.074491 1.4921795 1.662591 -2.338358 1.7053337 43.663464 1.6670787334442139 0.7362509369850159
Car 0.0 0 1.7291626930236816 618.2819213867188 178.43014526367188 644.6356811523438 198.07347106933594 3.858231 1.5374205 1.5917767 1.7833006 2.0147653 59.674152 1.759037733078003 0.16697359085083008
Car 0.0 0 2.1601364612579346 343.2587890625 180.30955505371094 394.4764404296875 202.12884521484375 4.0297666 1.4963075 1.6075934 -17.714903 2.0677161 53.107162 1.8381738662719727 0.11589594930410385
