Pedestrian 0.0 0 -2.544534921646118 666.7109985351562 169.15919494628906 688.4135131835938 203.49087524414062 0.99770516 1.8271135 0.6069387 3.6099565 1.6308361 38.94861 -2.4521138668060303 0.6021729707717896
Pedestrian 0.0 0 -2.183300495147705 718.5895385742188 167.31602478027344 738.6642456054688 198.94337463378906 1.0492657 1.7654138 0.63352305 6.6824527 1.4566463 40.883125 -2.0212807655334473 0.2882455289363861
Cyclist 0.0 0 -2.183300495147705 718.5895385742188 167.31602478027344 738.6642456054688 198.94337463378906 1.0492657 1.7654138 0.63352305 6.6824527 1.4566463 40.883125 -2.0212807655334473 0.13422439992427826
Cyclist 0.0 0 -2.7789385318756104 667.245849609375 169.9761199951172 688.3157348632812 204.2648468017578 0.98777604 1.8286114 0.59043694 3.6246967 1.6754922 38.959087 -2.686167001724243 0.1011619120836258
Car 0.0 0 2.0287704467773438 131.16261291503906 185.0924530029297 344.5311279296875 308.4483337402344 3.3380218 1.5277928 1.5263481 -5.4487534 1.7420816 10.937687 1.5665932893753052 0.9711034297943115
Car 0.0 0 -2.1035099029541016 816.966552734375 184.38755798339844 1242.0 375.0 3.9637015 1.4849917 1.6037642 3.2132032 1.6178831 6.263071 -1.6294852495193481 0.955004096031189
Car 0.0 0 -1.8591992855072021 746.7914428710938 179.5974884033203 908.1592407226562 286.56884765625 3.581824 1.4548424 1.5196463 3.3178542 1.5827248 11.8398485 -1.5859793424606323 0.922252357006073
Car 0.0 0 1.9251441955566406 276.33905029296875 181.21414184570312 420.04156494140625 263.4156799316406 3.8916461 1.492769 1.6218582 -5.466903 1.6949148 15.455672 1.5851637125015259 0.9133477807044983
Car 0.0 0 2.650869607925415 580.9883422851562 174.6351776123047 638.30810546875 193.86740112304688 4.3724446 1.503699 1.6818494 -0.041109078 1.652885 58.513206 2.6501669883728027 0.6909268498420715
Car 0.0 0 2.88824462890625 685.6937255859375 173.6690673828125 732.2735595703125 190.5494842529297 3.6654832 1.4138398 1.5325019 8.397435 1.4847761 61.500916 3.02394700050354 0.6516093015670776
Car 0.0 0 0.8936440944671631 472.62750244140625 179.9349365234375 533.731689453125 204.52357482910156 4.130802 1.4476436 1.575066 -6.8176155 1.9149262 45.596867 0.7452242374420166 0.4837760031223297
