Pedestrian 0.0 0 1.1200251579284668 728.6765747070312 174.22348022460938 749.9098510742188 214.20944213867188 0.85604113 1.82208 0.6598797 5.9434614 1.8868114 33.412098 1.296067237854004 0.7651699185371399
Pedestrian 0.0 0 2.574272394180298 890.2125854492188 156.74334716796875 930.7705078125 215.09860229492188 0.90722764 1.7573466 0.71501684 9.17466 1.2725382 22.157015 2.966852903366089 0.5037886500358582
Pedestrian 0.0 0 2.301939010620117 794.062255859375 161.5712890625 818.257080078125 201.68873596191406 0.81580466 1.8300283 0.72181535 9.050049 1.3157054 33.436226 2.5662715435028076 0.32290852069854736
Pedestrian 0.0 0 0.1640739142894745 748.9300537109375 173.31130981445312 765.5654296875 202.31675720214844 0.9286844 1.7770602 0.5683482 9.080671 1.8059907 44.648 0.36472082138061523 0.22661256790161133
Pedestrian 0.0 0 0.07629548013210297 671.3883666992188 173.34640502929688 685.0341186523438 196.43833923339844 1.0481372 1.8296938 0.5024913 5.4146724 1.8695357 57.519135 0.17015576362609863 0.2110733985900879
Pedestrian 0.0 0 1.90059494972229 1197.5167236328125 179.41944885253906 1242.0 262.3461608886719 0.98597413 1.683058 0.6341488 12.970857 1.8269656 15.248838 2.6054446697235107 0.17981597781181335
Cyclist 0.0 0 1.1842591762542725 1197.8193359375 179.07681274414062 1242.0 266.98516845703125 1.3991145 1.7455502 0.56016445 12.97946 1.8833638 15.183125 1.8915684223175049 0.3044986128807068
Cyclist 0.0 0 1.3444803953170776 893.2723999023438 156.4452667236328 928.1781616210938 214.55931091308594 1.0591246 1.7376362 0.76886576 9.175525 1.2473655 22.157448 1.737087368965149 0.19053871929645538
Car 0.0 0 2.2209746837615967 0.0 192.25485229492188 106.34484100341797 266.33050537109375 3.7785108 1.4246833 1.6049979 -13.844181 1.9284115 16.798923 1.5317037105560303 0.7738444209098816
Car 0.0 0 2.461771249771118 316.36700439453125 181.2027587890625 395.0013122558594 210.94076538085938 3.8687186 1.4808216 1.6182913 -13.773062 1.9582958 39.160686 2.123577117919922 0.4511213004589081
Car 0.0 0 2.448204755783081 980.2119750976562 191.7263641357422 1199.2366943359375 269.4578552246094 3.6314776 1.4543555 1.5533984 9.80319 1.8712897 14.947668 3.028670310974121 0.30681124329566956
