Pedestrian 0.0 0 1.5520036220550537 427.8865051269531 177.77911376953125 443.10888671875 215.11581420898438 0.9268393 1.8179927 0.7156739 -8.703388 2.0664957 35.811703 1.3135937452316284 0.48098769783973694
Pedestrian 0.0 0 3.012816905975342 447.3056640625 178.6322021484375 457.7778015136719 202.0122528076172 0.71912307 1.7599373 0.5001122 -11.996195 2.2023745 54.844143 2.797475814819336 0.11814241856336594
Pedestrian 0.0 0 -0.8443299531936646 320.133056640625 187.4461669921875 368.73333740234375 260.5401306152344 0.8121011 1.7031643 0.7618522 -6.4951243 2.0686045 17.532776 -1.199110984802246 0.10949958115816116
Cyclist 0.0 0 1.2055612802505493 970.135009765625 164.1508331298828 995.403076171875 206.0372314453125 1.1029689 1.652408 0.54373395 14.952055 1.3094285 29.039791 1.6810431480407715 0.1156531348824501
Cyclist 0.0 0 -1.1610528230667114 522.23388671875 181.68878173828125 533.85205078125 203.78170776367188 1.4078008 1.6353997 0.34422842 -6.2360787 2.3145418 54.71022 -1.27454674243927 0.11291346698999405
Cyclist 0.0 0 -2.1808958053588867 953.437744140625 164.62843322753906 983.1319580078125 203.6260528564453 1.4533504 1.7606381 0.48066148 16.496714 1.389634 33.327236 -1.7212626934051514 0.10964315384626389
Car 0.0 0 2.956688404083252 350.390869140625 171.97145080566406 423.6549377441406 202.23489379882812 3.4564185 1.5288887 1.5357242 -11.753925 1.4846611 37.93429 2.656219959259033 0.24860332906246185
Car 0.0 0 1.8092344999313354 376.8770751953125 146.41148376464844 440.7378234863281 186.98123168945312 3.526574 1.4674474 1.5879598 -7.739591 0.5113538 27.883997 1.5384862422943115 0.13782288134098053
Car 0.0 0 1.6754010915756226 460.8182067871094 184.36436462402344 498.5819396972656 215.38577270507812 3.6706073 1.5169909 1.6135851 -6.9532013 2.1628864 38.5736 1.4970582723617554 0.10735094547271729
Car 0.0 0 1.3947052955627441 625.2125244140625 172.24627685546875 653.1624755859375 194.6023406982422 4.0543456 1.7631704 1.5927418 2.326983 1.7155983 59.020065 1.4341118335723877 0.10035542398691177
