Pedestrian 0.0 0 0.31885746121406555 309.1468200683594 150.16253662109375 409.60693359375 299.351806640625 0.9977166 1.7188561 0.60362196 -2.965325 1.3710128 8.452174 -0.01856171153485775 0.8688741326332092
Pedestrian 0.0 0 -3.0794827938079834 826.299560546875 134.99325561523438 879.3707885742188 239.7072296142578 0.856353 1.7967048 0.61793214 4.3706465 1.0175371 12.577096 -2.7450294494628906 0.23932777345180511
Pedestrian 0.0 0 2.6583213806152344 743.872314453125 123.5548095703125 815.7936401367188 235.60400390625 1.0004483 1.8859822 0.7197781 3.0031056 0.929145 12.366374 2.8965542316436768 0.19915856420993805
Pedestrian 0.0 0 0.39930856227874756 435.3468322753906 146.1561737060547 508.008056640625 235.53285217285156 1.3484627 1.8271885 0.6845161 -2.84644 1.1266992 14.9255085 0.2108616828918457 0.1560041606426239
Pedestrian 0.0 0 -3.1972880363464355 810.6357421875 162.97109985351562 866.5100708007812 256.8651123046875 1.0145802 1.8013796 0.5979822 4.5607843 1.4667169 13.9791565 -2.881920576095581 0.1330752819776535
Pedestrian 0.0 0 1.7595881223678589 838.4805297851562 173.99098205566406 870.34716796875 243.14706420898438 0.6928006 1.6949617 0.63867366 6.2409678 1.5370289 17.78419 2.0970892906188965 0.11710947751998901
Pedestrian 0.0 0 -1.7960679531097412 78.87467193603516 154.65472412109375 130.4613037109375 251.8484344482422 1.0373116 1.7364287 0.56542236 -9.380375 1.2763283 13.1828785 -2.414508581161499 0.10109267383813858
Cyclist 0.0 0 1.0832033157348633 835.7255249023438 139.74920654296875 910.859619140625 245.21810913085938 1.4674681 1.7208552 0.5969729 4.587252 1.0576081 12.297751 1.4402329921722412 0.16217918694019318
Cyclist 0.0 0 0.39930856227874756 435.3468322753906 146.1561737060547 508.008056640625 235.53285217285156 1.3484627 1.8271885 0.6845161 -2.84644 1.1266992 14.9255085 0.2108616828918457 0.11929091811180115
Cyclist 0.0 0 -2.4845449924468994 1136.62744140625 151.92808532714844 1224.0 257.02313232421875 1.525373 1.6937318 0.47591496 10.043968 1.2349153 12.186477 -1.795227289199829 0.11784480512142181
Car 0.0 0 -2.428022623062134 286.62158203125 201.2443389892578 440.85089111328125 265.01416015625 3.7835727 1.4980621 1.6266774 -6.521481 2.1006122 19.017176 -2.7583813667297363 0.16990575194358826
Car 0.0 0 -3.2190780639648438 786.6085205078125 184.26895141601562 1224.0 363.61029052734375 4.048356 1.4766052 1.6290015 4.067683 1.526425 7.4546156 -2.7195732593536377 0.1180276945233345
Car 0.0 0 -1.2566934823989868 713.4820556640625 148.19241333007812 752.8219604492188 177.80291748046875 4.5707955 2.3162127 1.8662264 10.609324 -0.23021477 58.205055 -1.0763978958129883 0.11427585035562515
