Pedestrian 0.0 0 1.409522533416748 850.4834594726562 131.4043426513672 911.8633422851562 262.09930419921875 0.8098158 1.8476738 0.72421765 3.9358537 1.2620454 10.664493 1.763076663017273 0.45640578866004944
Pedestrian 0.0 0 0.483336478471756 498.8947448730469 157.5843963623047 513.9759521484375 188.05751037597656 0.7776481 1.9259813 0.5667834 -6.6328487 0.96125984 45.997246 0.34012269973754883 0.2372693419456482
Pedestrian 0.0 0 -1.5346546173095703 740.455810546875 166.43374633789062 749.9638061523438 198.03939819335938 1.6091397 1.681047 0.45209855 7.3168893 1.339923 39.209045 -1.3501644134521484 0.11266407370567322
Cyclist 0.0 0 -1.3527222871780396 507.00238037109375 158.78590393066406 525.4942016601562 199.04917907714844 1.807015 1.7994751 0.4655109 -4.3379397 1.1710922 33.165207 -1.4827818870544434 0.6557639837265015
Cyclist 0.0 0 -1.5328359603881836 740.4000854492188 166.1311798095703 749.9246826171875 197.96298217773438 1.6557268 1.6924914 0.44850722 7.3161936 1.3353978 39.218224 -1.348405122756958 0.41879090666770935
Car 0.0 0 1.9751601219177246 259.7516174316406 190.60498046875 466.5448913574219 300.6058654785156 4.3775725 1.4270658 1.7060686 -3.9758067 1.7867644 12.345226 1.663596749305725 0.9387850761413574
Car 0.0 0 -1.713242530822754 760.8173828125 175.59347534179688 880.5289306640625 268.96630859375 3.870326 1.5430897 1.6538963 3.8881943 1.6045445 14.064733 -1.4435288906097412 0.9236121773719788
Car 0.0 0 -1.6717455387115479 753.1937255859375 171.5937042236328 813.7769775390625 221.5375213623047 3.5959136 1.527683 1.5824379 5.635528 1.489491 23.953087 -1.4406743049621582 0.7962754964828491
Car 0.0 0 1.9025527238845825 657.6091918945312 170.19859313964844 697.9703979492188 193.22711181640625 4.0673604 1.6034636 1.6888398 4.94118 1.4189271 52.43846 1.996503472328186 0.6658867001533508
Car 0.0 0 1.651902675628662 745.6410522460938 170.80393981933594 791.9633178710938 211.37098693847656 4.0345607 1.5736878 1.568925 6.6484714 1.4945196 30.146069 1.8689697980880737 0.6518231630325317
