Pedestrian 0.0 0 -2.352327823638916 383.96221923828125 157.45297241210938 427.0982360839844 238.6803741455078 0.65692073 1.7763369 0.66437167 -4.59258 1.1703334 16.167229 -2.6291041374206543 0.20565971732139587
Cyclist 0.0 0 2.034585475921631 176.55177307128906 182.1122589111328 215.36233520507812 228.37681579589844 1.7083716 1.6888707 0.5675811 -15.545589 1.5767124 27.10674 1.5138827562332153 0.44207674264907837
Car 0.0 0 -1.5701929330825806 573.878662109375 175.015625 616.637939453125 214.56234741210938 3.375741 1.5607803 1.6882422 -0.561232 1.1593482 30.069952 -1.5888550281524658 0.9358304142951965
Car 0.0 0 -1.4542299509048462 469.28814697265625 176.76817321777344 518.0315551757812 214.29713439941406 4.1140857 1.5007242 1.5961878 -4.858815 1.1640527 30.82928 -1.6105480194091797 0.9228516221046448
Car 0.0 0 -0.9528289437294006 0.0 176.29873657226562 219.05751037597656 309.8436584472656 3.915744 1.8218251 1.7045001 -8.325365 1.7013105 11.762483 -1.5687638521194458 0.8573900461196899
Car 0.0 0 -0.9928199052810669 195.10726928710938 187.50311279296875 339.0079040527344 250.62779235839844 3.6060789 1.4298179 1.5928968 -8.559348 1.4952704 18.313225 -1.4300377368927002 0.6511200666427612
Car 0.0 0 -1.3313589096069336 345.62432861328125 156.3122100830078 479.53094482421875 263.5185546875 4.8714232 2.059017 1.7769364 -4.2326694 1.5050243 16.25171 -1.5861433744430542 0.42126035690307617
Car 0.0 0 2.25357723236084 0.0 211.0101776123047 80.96255493164062 376.0 3.9348173 1.5156679 1.600542 -4.5823 1.7214087 3.6031895 1.3491291999816895 0.36713773012161255
Car 0.0 0 2.9640088081359863 668.1126708984375 187.84825134277344 741.27294921875 218.44590759277344 3.533651 1.5448531 1.6091795 4.9664307 1.6859303 37.326588 3.096285343170166 0.31991955637931824
Car 0.0 0 -2.5319929122924805 473.4443054199219 180.5557403564453 536.5989379882812 207.89865112304688 3.417252 1.549434 1.5125569 -6.059067 1.286501 42.175888 -2.6746785640716553 0.23623286187648773
