Pedestrian 0.0 0 3.1771230697631836 197.77450561523438 173.56394958496094 221.9687042236328 209.29483032226562 1.036935 1.7579513 0.5826266 -20.001198 1.7942319 36.01143 2.6701338291168213 0.21177980303764343
Pedestrian 0.0 0 -2.930340051651001 1212.66357421875 135.58370971679688 1242.0 226.3097381591797 0.6697235 1.7789981 0.65119845 12.67496 1.0485426 14.608833 -2.2157034873962402 0.14204193651676178
Cyclist 0.0 0 2.239309310913086 9.592073440551758 176.6021728515625 67.4407730102539 228.82606506347656 1.9784881 1.791097 0.51129264 -20.5006 1.9310246 25.875166 1.5692880153656006 0.5734328627586365
Cyclist 0.0 0 2.354956865310669 191.986572265625 176.3765411376953 226.65692138671875 211.1095733642578 1.5857247 1.6808412 0.5513775 -19.971233 1.860678 35.92274 1.8475573062896729 0.35664668679237366
Cyclist 0.0 0 -0.5274288654327393 98.38236999511719 182.8154754638672 137.3055419921875 219.6198272705078 1.4674729 1.6265643 0.40803576 -22.563644 2.093489 33.04183 -1.126573085784912 0.1628641039133072
Car 0.0 0 2.197218179702759 120.1717758178711 189.11624145507812 221.28366088867188 230.35885620117188 3.3456702 1.3311273 1.4739946 -15.989662 1.9649158 26.374622 1.6522144079208374 0.9380227327346802
Car 0.0 0 2.0120015144348145 273.96728515625 171.6748809814453 331.34246826171875 202.47573852539062 4.264202 1.909149 1.7792448 -19.920708 1.8364211 46.88634 1.6102389097213745 0.35768911242485046
Car 0.0 0 1.9370430707931519 375.7984924316406 177.7539520263672 407.7714538574219 195.52178955078125 3.60354 1.5640162 1.635409 -20.060352 2.027861 66.39118 1.6436114311218262 0.26504969596862793
Car 0.0 0 2.6950557231903076 3.374972343444824 180.45431518554688 128.6660919189453 219.50576782226562 4.1412864 1.5689938 1.6496891 -24.092285 1.9305246 32.067665 2.0507261753082275 0.25352081656455994
Car 0.0 0 1.3084933757781982 844.1314697265625 185.427734375 888.8989868164062 212.92453002929688 3.7501266 1.510863 1.6082182 15.316167 2.3002143 43.341694 1.6481777429580688 0.20966605842113495
Car 0.0 0 -1.123061180114746 320.0906982421875 173.8823699951172 361.97607421875 197.60018920898438 3.3729527 1.7015616 1.6198721 -19.986864 1.7809101 53.667007 -1.4795712232589722 0.17596617341041565
