Pedestrian 0.0 0 2.4454753398895264 1009.779296875 153.62547302246094 1136.9564208984375 319.9373779296875 0.99607325 1.740901 0.62585264 5.074139 1.4612778 7.7652645 3.0242655277252197 0.6802447438240051
Pedestrian 0.0 0 1.1483113765716553 835.5794677734375 172.04583740234375 873.55126953125 239.64891052246094 0.8436566 1.6634564 0.6091496 6.25052 1.4570289 17.839127 1.4853270053863525 0.3364564776420593
Pedestrian 0.0 0 -3.460050344467163 830.0595703125 132.58261108398438 890.6322021484375 235.6421356201172 0.87482166 1.795046 0.5882028 4.500397 0.9620869 12.614708 -3.117367744445801 0.19843487441539764
Pedestrian 0.0 0 2.802259922027588 746.96435546875 128.31564331054688 815.870849609375 237.07955932617188 0.99624515 1.8401653 0.6798225 3.0229976 0.958912 12.3450775 3.0424089431762695 0.15980875492095947
Pedestrian 0.0 0 2.662428379058838 816.5474243164062 181.72877502441406 869.2733154296875 271.138671875 0.7920272 1.7244067 0.62160766 4.664702 1.7510321 14.010806 2.983821392059326 0.15599797666072845
Pedestrian 0.0 0 1.9329155683517456 68.9607162475586 153.1761932373047 127.55351257324219 251.19203186035156 0.9071339 1.7555548 0.60775226 -9.46843 1.2678019 13.175549 1.309791088104248 0.13517732918262482
Pedestrian 0.0 0 0.842836856842041 20.0874080657959 165.43479919433594 84.19581604003906 258.2524719238281 0.7768664 1.8439701 0.6912135 -11.332473 1.5463047 14.450525 0.17778873443603516 0.12407764792442322
Pedestrian 0.0 0 0.37128564715385437 438.3355712890625 151.367919921875 508.41400146484375 239.5973663330078 1.2880023 1.8068697 0.70873815 -2.8121655 1.2118924 14.941759 0.18525338172912598 0.10792763531208038
Cyclist 0.0 0 -2.510580539703369 1137.76513671875 161.21029663085938 1224.0 262.46441650390625 1.3990796 1.6527436 0.45540157 10.068544 1.3395354 12.270242 -1.8234245777130127 0.11484982073307037
Cyclist 0.0 0 1.5025585889816284 868.3463745117188 146.9781036376953 911.880126953125 258.1061096191406 1.5149014 1.7204086 0.55984294 4.6692133 1.2031032 11.747816 1.8808679580688477 0.1080995500087738
Car 0.0 0 0.6272892355918884 284.4156799316406 204.3050994873047 438.30419921875 268.0303039550781 3.6668673 1.5074733 1.6015486 -6.5558734 2.1923127 18.990177 0.2948751449584961 0.16383682191371918
