Pedestrian 0.0 0 1.5619990825653076 369.1223449707031 150.09849548339844 399.2378234863281 226.26734924316406 0.9213605 1.876387 0.7125855 -5.7867346 1.316173 18.320374 1.2560529708862305 0.33464697003364563
Pedestrian 0.0 0 0.6559311151504517 962.5100708007812 159.72547912597656 994.8107299804688 219.17691040039062 0.6740019 1.8061279 0.5849193 11.369359 1.4076431 22.347473 1.1265571117401123 0.29612860083580017
Pedestrian 0.0 0 1.0873314142227173 268.54248046875 156.2845916748047 303.4825439453125 219.6545867919922 0.7582942 1.7404459 0.6134709 -9.158868 1.2857281 20.289309 0.6633026599884033 0.27570226788520813
Pedestrian 0.0 0 0.9043079614639282 313.6184997558594 125.45359802246094 366.8497619628906 225.04457092285156 0.70618427 1.8667016 0.67463183 -5.280002 0.97860134 13.992831 0.5434906482696533 0.19620278477668762
Pedestrian 0.0 0 2.362062931060791 928.5053100585938 109.35382080078125 1006.5765991210938 248.61831665039062 0.84294504 1.8712461 0.53924406 4.9370613 1.0183753 10.082118 2.8174245357513428 0.17394614219665527
Pedestrian 0.0 0 -3.1996777057647705 996.1983642578125 140.6715850830078 1018.36474609375 183.44712829589844 0.81986296 1.8622317 0.6625269 17.509644 0.4615294 31.884632 -2.6974825859069824 0.13221710920333862
Cyclist 0.0 0 -2.010596990585327 1179.19189453125 185.91653442382812 1242.0 292.5807189941406 1.616059 1.5700864 0.35469896 9.755756 1.7963159 11.647219 -1.3133436441421509 0.25928619503974915
Cyclist 0.0 0 -1.810720682144165 1183.439453125 115.39265441894531 1242.0 215.2345733642578 1.7456207 1.6563625 0.59843236 10.799251 0.7034452 12.882646 -1.1130707263946533 0.16604480147361755
Cyclist 0.0 0 0.6188255548477173 306.2201843261719 125.47704315185547 375.3848876953125 228.8622589111328 1.0150408 1.9345857 0.74116784 -5.259865 1.0484068 13.987217 0.259136438369751 0.10954653471708298
Car 0.0 0 -0.13681569695472717 665.5693359375 181.47154235839844 755.966064453125 212.63400268554688 4.0447717 1.4180659 1.591553 4.669546 1.8348726 34.06904 -0.0006031449884176254 0.8954266905784607
Car 0.0 0 0.06198311597108841 641.7305908203125 182.49005126953125 691.4505004882812 202.37432861328125 3.7792692 1.4954665 1.5141363 4.4038763 2.260726 56.258854 0.14010262489318848 0.5076097249984741
Car 0.0 0 1.663390040397644 215.26988220214844 175.9685516357422 257.8253479003906 208.69287109375 3.4297426 1.5444108 1.5919421 -18.770275 1.7096121 36.297604 1.1861391067504883 0.24476809799671173
Car 0.0 0 1.6342957019805908 645.4149169921875 174.73480224609375 666.8756103515625 193.26991271972656 3.9724953 1.5246918 1.5887321 3.9609513 1.6916552 61.842113 1.6982578039169312 0.1970207393169403
