Pedestrian 0.0 0 0.18423864245414734 544.7977905273438 156.1211395263672 571.1207275390625 199.495361328125 1.0420591 1.8527324 0.6051463 -2.285153 1.138345 31.176237 0.11107158660888672 0.32505789399147034
Cyclist 0.0 0 1.5968945026397705 369.56103515625 173.4454345703125 404.6991271972656 263.06695556640625 1.7231375 1.7223417 0.6478557 -4.5986223 1.7355791 14.793015 1.29550039768219 0.8995827436447144
Cyclist 0.0 0 0.18423864245414734 544.7977905273438 156.1211395263672 571.1207275390625 199.495361328125 1.0420591 1.8527324 0.6051463 -2.285153 1.138345 31.176237 0.11107158660888672 0.21128948032855988
Car 0.0 0 -1.9370485544204712 629.4306030273438 176.57009887695312 771.646240234375 264.97857666015625 3.457866 1.4776683 1.5842746 1.5716228 1.5602399 14.087445 -1.8259459733963013 0.9748287200927734
Car 0.0 0 -1.760815978050232 540.84814453125 176.8070831298828 595.9310913085938 217.7757110595703 3.4077814 1.5020468 1.5559815 -1.7503941 1.6694905 28.650799 -1.8218342065811157 0.9546140432357788
Car 0.0 0 -0.6338689923286438 1050.8089599609375 199.20169067382812 1242.0 375.0 3.766341 1.5476911 1.6008294 6.359311 1.82636 6.572155 0.1350712776184082 0.6924440264701843
Car 0.0 0 -0.6642364859580994 588.4263916015625 170.48745727539062 661.4202880859375 199.0951385498047 3.9325736 1.5372095 1.6409645 0.83133054 1.4104036 40.604935 -0.6437656879425049 0.641542375087738
Car 0.0 0 2.3212838172912598 485.5107421875 174.56637573242188 547.45166015625 200.89637756347656 3.7059424 1.5085937 1.6177644 -5.6366434 1.6170585 43.572685 2.192636489868164 0.47553491592407227
Car 0.0 0 2.345197916030884 694.4291381835938 170.0673065185547 748.3427734375 193.87811279296875 3.3657558 1.5025467 1.5820153 7.2654777 1.3270541 47.171474 2.4980196952819824 0.40195438265800476
Car 0.0 0 -0.7272621989250183 642.5197143554688 165.73321533203125 705.7462768554688 191.49835205078125 3.742128 1.504878 1.5582361 3.889045 1.089329 43.88166 -0.6388673782348633 0.38285157084465027
Car 0.0 0 2.1170878410339355 194.78050231933594 161.8822784423828 252.42791748046875 190.6430206298828 4.230202 2.0006192 1.7432903 -27.980223 1.2377754 52.348114 1.6262203454971313 0.37310072779655457
