Pedestrian 0.0 0 0.11473532766103745 420.56207275390625 141.9253387451172 518.1151733398438 292.7655334472656 1.1035024 1.7569947 0.5919245 -1.6710463 1.3093582 8.568749 -0.07786370068788528 0.7477539777755737
Pedestrian 0.0 0 -0.9312912225723267 834.5333862304688 175.2232208251953 874.9403686523438 243.98435974121094 0.6915779 1.6846179 0.6809697 6.2465754 1.5569373 17.793081 -0.5936655402183533 0.22320249676704407
Pedestrian 0.0 0 2.748236894607544 816.4863891601562 182.2616729736328 867.6746826171875 269.2286071777344 0.78977555 1.6822139 0.6036633 4.648849 1.7195933 14.014743 3.0685269832611084 0.200596883893013
Pedestrian 0.0 0 1.500820279121399 689.0755004882812 163.9207305908203 722.38232421875 251.36463928222656 0.81849813 1.743715 0.6180749 2.018095 1.4147369 14.523584 1.638889193534851 0.15850301086902618
Pedestrian 0.0 0 1.6282497644424438 755.3280029296875 131.2672576904297 802.626953125 244.89816284179688 0.86091447 1.90291 0.7577121 3.0076866 1.0800878 12.357853 1.8669906854629517 0.13829398155212402
Pedestrian 0.0 0 2.218029499053955 1091.8096923828125 201.3106689453125 1224.0 370.0 1.3869575 1.6262153 0.588452 5.261491 1.8331101 6.513636 2.8974876403808594 0.1316714882850647
Pedestrian 0.0 0 -2.6586573123931885 1149.2581787109375 170.45347595214844 1224.0 268.55731201171875 1.0888584 1.603819 0.5132107 10.073522 1.4412289 12.155258 -1.966637372970581 0.12043190002441406
Pedestrian 0.0 0 3.363372802734375 229.4065399169922 160.8927764892578 313.0701904296875 253.50706481933594 1.3419716 1.7228025 0.6883245 -6.4505434 1.3597081 13.629928 2.921342372894287 0.11756905913352966
Cyclist 0.0 0 2.1770665645599365 1102.3677978515625 201.6382293701172 1224.0 370.0 1.2691544 1.6110778 0.5572393 5.2786064 1.8207074 6.505521 2.858722686767578 0.13450364768505096
Car 0.0 0 -2.3941526412963867 205.05313110351562 202.62648010253906 366.96417236328125 262.65374755859375 4.065225 1.4569237 1.6404604 -8.876687 2.1173573 19.626682 -2.8188979625701904 0.11896637082099915
