Pedestrian 0.0 0 0.8613366484642029 978.039794921875 144.8498077392578 1029.427734375 213.80691528320312 1.1234851 1.8622394 0.6776495 11.063836 0.9010602 19.706821 1.3729065656661987 0.3815903663635254
Pedestrian 0.0 0 -2.4094552993774414 923.662109375 135.82981872558594 961.269287109375 191.9832305908203 0.93498605 1.7940153 0.6199588 11.005664 0.36842054 23.134895 -1.9654220342636108 0.3793494701385498
Pedestrian 0.0 0 -1.9718742370605469 857.5736083984375 138.93780517578125 883.3180541992188 186.3563995361328 1.0083196 1.8672805 0.620463 10.614454 0.23211634 28.35468 -1.6136772632598877 0.3437979519367218
Pedestrian 0.0 0 3.1455748081207275 456.3940734863281 173.30853271484375 472.84979248046875 199.83828735351562 1.1223099 1.8402162 0.5165891 -9.803093 1.3426878 49.39954 2.9496748447418213 0.33546847105026245
Pedestrian 0.0 0 -0.09870065003633499 587.22119140625 169.163818359375 602.6178588867188 193.63491821289062 1.0590787 1.7454703 0.51293385 -0.72015816 0.9381745 50.741795 -0.11289229989051819 0.3207903802394867
Pedestrian 0.0 0 -2.187347888946533 488.2156982421875 168.5103302001953 504.975341796875 204.2664337158203 0.5411437 1.8306854 0.66841674 -5.6280956 1.2182454 36.622253 -2.339834690093994 0.2797870635986328
Pedestrian 0.0 0 -2.617493152618408 462.8194885253906 172.93264770507812 475.22406005859375 197.54359436035156 0.69824857 1.7431147 0.52924496 -9.694737 1.2084361 50.437546 -2.807389736175537 0.25055989623069763
Pedestrian 0.0 0 0.2401280254125595 525.8328247070312 164.3795623779297 539.1923217773438 190.72264099121094 0.8656555 1.8785863 0.47459602 -5.1923666 0.73028994 50.711 0.1380922794342041 0.2055511474609375
Cyclist 0.0 0 -0.9875036478042603 402.3277893066406 175.5251922607422 426.09271240234375 207.5004119873047 1.6312841 1.7253842 0.4417823 -10.520649 1.4583471 38.99117 -1.2510489225387573 0.6634677052497864
Cyclist 0.0 0 0.04928114265203476 614.7596435546875 164.75392150878906 640.19580078125 188.9396209716797 1.7604437 1.6887356 0.6366804 1.5904428 0.5905843 49.75256 0.0812373161315918 0.6496992111206055
Cyclist 0.0 0 3.043933868408203 564.1766967773438 166.46585083007812 589.6499633789062 190.05160522460938 1.8292923 1.7281312 0.60829854 -2.0706272 0.7011235 52.227074 3.004307985305786 0.5567774772644043
Cyclist 0.0 0 -2.306155204772949 919.6949462890625 138.00070190429688 964.3410034179688 194.00978088378906 1.3870081 1.7772436 0.52322084 10.997564 0.4302339 23.170116 -1.862997055053711 0.42276090383529663
Cyclist 0.0 0 0.8756545782089233 973.6118774414062 153.0146942138672 1035.0384521484375 219.56761169433594 1.4614695 1.7782445 0.715265 11.049006 1.045441 19.670544 1.3874385356903076 0.3970635235309601
Cyclist 0.0 0 -0.12025561928749084 587.605224609375 170.25265502929688 602.5872802734375 194.15745544433594 1.0192287 1.7040954 0.5209486 -0.70714194 0.9748857 50.7246 -0.13419552147388458 0.12855680286884308
Cyclist 0.0 0 0.0656304657459259 455.7696228027344 172.7591094970703 473.76495361328125 199.5519561767578 1.2023132 1.8591456 0.523486 -9.7896185 1.323311 49.394394 -0.1300269067287445 0.11476495862007141
Car 0.0 0 -1.4627364873886108 529.6864624023438 170.89820861816406 561.6884765625 195.2756805419922 4.0793386 1.4762936 1.5950012 -3.7211592 0.89617175 44.87293 -1.5454738140106201 0.8425096869468689
Car 0.0 0 2.5943026542663574 867.3865356445312 143.8239288330078 968.7523193359375 179.9990997314453 3.7382033 1.5132309 1.5824053 13.505668 -0.020969551 30.6306 3.009580612182617 0.44510358572006226
Car 0.0 0 -1.9526888132095337 951.7298583984375 155.74818420410156 1008.1653442382812 181.0301055908203 3.983355 1.4353883 1.5971979 22.294235 0.031482507 42.201824 -1.4666767120361328 0.3209858536720276
