Pedestrian 0.0 0 1.035266637802124 452.2447814941406 181.68211364746094 481.2654724121094 221.2667694091797 1.4701288 1.7307425 0.6229093 -6.5264006 2.1396744 32.63605 0.8378949165344238 0.15187634527683258
Cyclist 0.0 0 1.0708746910095215 452.564208984375 181.51840209960938 481.4122314453125 221.30587768554688 1.5456069 1.7372252 0.6119701 -6.5165896 2.1389682 32.634075 0.8737804889678955 0.6321763396263123
Car 0.0 0 -3.3234894275665283 834.3324584960938 179.94834899902344 1029.014892578125 258.5636291503906 3.6236963 1.5572345 1.6462656 6.794514 1.7240279 15.716251 -2.915431499481201 0.9433255195617676
Car 0.0 0 -1.8897262811660767 642.3807983398438 180.21946716308594 725.1248168945312 233.21592712402344 3.534658 1.5406275 1.6261809 2.2585566 1.7993599 23.404942 -1.793524980545044 0.911756157875061
Car 0.0 0 -1.8314567804336548 573.4418334960938 181.0402069091797 620.4097290039062 212.11920166015625 3.5422704 1.5083369 1.6029799 -0.7725652 1.9611456 37.952637 -1.8518099784851074 0.9081670045852661
Car 0.0 0 -3.693923234939575 1056.591064453125 181.30604553222656 1242.0 261.74188232421875 4.011835 1.517855 1.6149431 11.688035 1.7043905 14.860237 -3.027449369430542 0.874169647693634
Car 0.0 0 -2.3759241104125977 0.0 0.0 1242.0 375.0 3.8010795 1.4799665 1.5740495 2.7971346 1.7089252 1.8769608 -1.396144986152649 0.6078405976295471
Car 0.0 0 2.2722766399383545 527.1915283203125 180.15216064453125 578.1025390625 202.26522827148438 3.8553445 1.5206058 1.6245333 -4.2019625 2.077704 52.999996 2.193159818649292 0.4404031038284302
Car 0.0 0 2.227426290512085 701.0062866210938 175.1752471923828 748.6111450195312 194.6731719970703 3.9545956 1.4602017 1.5957888 8.9799385 1.6483465 56.431904 2.3852319717407227 0.4030386507511139
Car 0.0 0 -0.9357859492301941 613.142822265625 176.5226593017578 666.5248413085938 199.86024475097656 4.0201035 1.5274888 1.6258019 2.0753348 1.7923989 49.952293 -0.894263505935669 0.32834553718566895
