Pedestrian 0.0 0 -2.69716215133667 446.86358642578125 172.67137145996094 463.7936096191406 203.42440795898438 0.84000224 1.8306464 0.5502079 -8.990202 1.3659958 42.449356 -2.905864715576172 0.5189095139503479
Pedestrian 0.0 0 -1.7281031608581543 940.9442749023438 132.1022491455078 965.8724975585938 191.75343322753906 1.1503259 1.778336 0.50941026 10.651378 0.33705303 21.698425 -1.2717760801315308 0.4081672728061676
Pedestrian 0.0 0 3.0175304412841797 559.5510864257812 168.01397705078125 573.9526977539062 198.0117645263672 0.82640046 1.845861 0.5777768 -2.3784935 1.0789094 43.859596 2.9633538722991943 0.3815561830997467
Pedestrian 0.0 0 -3.40269136428833 1055.1900634765625 122.72724151611328 1107.0477294921875 202.18048095703125 0.88042927 1.7958854 0.5614728 10.98238 0.49165577 16.384535 -2.8121848106384277 0.3140908479690552
Pedestrian 0.0 0 -2.7473690509796143 451.6394348144531 176.6165313720703 467.89129638671875 205.9170684814453 0.8379534 1.7856295 0.53279793 -8.922926 1.5503216 43.425232 -2.950026273727417 0.2616501450538635
Pedestrian 0.0 0 0.5713055729866028 503.6074523925781 168.31024169921875 520.2721557617188 197.8037109375 0.9441442 1.8615099 0.47785515 -5.930283 1.0934844 45.03849 0.4403872489929199 0.2579497992992401
Pedestrian 0.0 0 -0.2591254711151123 591.13623046875 167.83518981933594 620.6455078125 195.68136596679688 1.802773 1.7823242 0.6589037 0.054907225 0.9730377 45.798904 -0.2579265832901001 0.12844102084636688
Cyclist 0.0 0 -0.04492238163948059 647.0918579101562 165.43702697753906 681.44384765625 193.56092834472656 2.0434253 1.6887095 0.7131884 3.5775144 0.78561246 42.845554 0.03838229179382324 0.7512882351875305
Cyclist 0.0 0 -1.1276341676712036 380.85113525390625 178.40997314453125 405.5576477050781 213.58595275878906 1.7220992 1.6881489 0.4751114 -10.431105 1.5892879 34.814487 -1.4187419414520264 0.7490749359130859
Cyclist 0.0 0 -0.16490812599658966 590.7748413085938 169.148681640625 622.6307983398438 196.36293029785156 1.9750626 1.7443668 0.70658875 0.105197586 1.0181116 45.82367 -0.1626124233007431 0.6349332332611084
Cyclist 0.0 0 -1.7281031608581543 940.9442749023438 132.1022491455078 965.8724975585938 191.75343322753906 1.1503259 1.778336 0.50941026 10.651378 0.33705303 21.698425 -1.2717760801315308 0.2638566493988037
Car 0.0 0 -1.465153694152832 515.3870239257812 176.97103881835938 551.7606811523438 203.26220703125 3.632352 1.3393202 1.5639995 -3.7872148 1.1609722 37.834152 -1.5649217367172241 0.9069907665252686
Car 0.0 0 2.6225943565368652 941.8024291992188 137.8213348388672 1081.30419921875 183.04371643066406 3.8055782 1.4748936 1.5588946 13.601783 0.084505394 23.835169 3.1411609649658203 0.7333195209503174
Car 0.0 0 -3.416788101196289 820.4049072265625 159.5377655029297 878.5048217773438 179.851806640625 3.9052653 1.5230436 1.5855832 18.632954 -0.049060196 53.967464 -3.0843398571014404 0.36516469717025757
Car 0.0 0 -0.37026458978652954 878.851318359375 152.54078674316406 947.3128662109375 173.32601928710938 4.497764 1.5476047 1.7130893 23.600113 -0.5587389 54.239494 0.040137529373168945 0.3510330021381378
Car 0.0 0 1.2411233186721802 1096.8150634765625 146.81053161621094 1174.207763671875 182.25038146972656 3.6362808 1.4548879 1.6125193 23.134224 0.07334575 30.998758 1.882249116897583 0.279661625623703
Car 0.0 0 -1.5442821979522705 597.2998657226562 178.23599243164062 621.8390502929688 201.58998107910156 3.5329044 1.5139976 1.5620713 0.33940694 1.3685577 47.623466 -1.5371553897857666 0.25038841366767883
