Pedestrian 0.0 0 -0.02774256467819214 1091.6446533203125 118.92894744873047 1119.1182861328125 184.18345642089844 0.6702392 1.9457755 0.6574715 15.030602 0.3381827 21.970089 0.5722591876983643 0.22126635909080505
Pedestrian 0.0 0 -1.368104100227356 809.3880615234375 140.95443725585938 830.5206298828125 194.5754852294922 0.5602545 1.8359342 0.6060944 7.258876 0.7440814 25.09104 -1.0864911079406738 0.2050715535879135
Pedestrian 0.0 0 0.87851482629776 1204.2974853515625 132.0478973388672 1242.0 214.28550720214844 0.6848519 1.8901316 0.6683172 14.511436 0.95261085 16.928774 1.5871771574020386 0.1666288673877716
Cyclist 0.0 0 -2.0184175968170166 827.8179931640625 155.9923858642578 881.8883056640625 233.6730194091797 1.5601467 1.8070884 0.63045406 5.8953304 1.4151939 17.595564 -1.6951260566711426 0.15298035740852356
Car 0.0 0 -1.4599601030349731 591.9398193359375 181.87001037597656 623.7463989257812 206.83822631835938 4.180125 1.5510354 1.689823 -0.13155825 2.1852517 48.555004 -1.4626696109771729 0.6988851428031921
Car 0.0 0 1.7083755731582642 440.9866027832031 182.94207763671875 483.5783386230469 215.53485107421875 3.677378 1.4625968 1.5600213 -7.236104 1.9846706 35.427643 1.5068966150283813 0.3396162986755371
Car 0.0 0 -0.8621092438697815 0.0 184.74501037597656 177.72344970703125 365.211669921875 4.019913 1.4323726 1.5818746 -6.8446703 1.5977498 7.99981 -1.569847822189331 0.2889513075351715
Car 0.0 0 1.5230916738510132 709.8048706054688 170.37086486816406 742.3668823242188 202.21371459960938 3.797895 1.7184495 1.6344092 6.5033803 1.5848011 40.91331 1.6807279586791992 0.27314966917037964
Car 0.0 0 -2.0940098762512207 806.3563232421875 161.40667724609375 851.0821533203125 181.921875 3.909385 1.5527147 1.6217644 17.108513 0.68666893 56.695774 -1.8009393215179443 0.2670974135398865
Car 0.0 0 1.828782558441162 358.48309326171875 180.7308807373047 440.45623779296875 231.51040649414062 4.3480825 1.5379966 1.6327708 -7.134796 1.8322166 24.723328 1.54783034324646 0.25359591841697693
Car 0.0 0 -1.1326467990875244 107.64472961425781 190.22695922851562 312.86212158203125 296.7979736328125 4.0895557 1.5103652 1.6075875 -6.952357 1.8736955 12.987583 -1.6241402626037598 0.17993126809597015
Car 0.0 0 1.7755035161972046 479.29766845703125 182.114501953125 507.2187805175781 201.43399047851562 3.745144 1.5127541 1.5739121 -9.732591 2.310593 60.227768 1.6152920722961426 0.16280238330364227
Car 0.0 0 -2.594325065612793 441.18487548828125 183.84915161132812 511.8602600097656 210.96212768554688 4.058861 1.5788536 1.6095091 -8.297612 2.2826245 44.6836 -2.777930736541748 0.1626681089401245
