Pedestrian 0.0 0 -0.10554521530866623 621.7772827148438 138.207275390625 720.3688354492188 290.190673828125 1.1615227 1.833228 0.70065296 0.75830907 1.3247726 8.885573 -0.020409898832440376 0.8768066167831421
Pedestrian 0.0 0 0.08136177062988281 823.46923828125 132.09170532226562 884.8563232421875 237.5748291015625 0.9860641 1.8063805 0.60885054 4.3946667 0.97904384 12.581279 0.41741466522216797 0.2940880358219147
Pedestrian 0.0 0 1.6292178630828857 667.3319091796875 168.43582153320312 705.0280151367188 262.8329772949219 0.8204131 1.6934918 0.65227693 1.4750533 1.4787011 13.13906 1.7410144805908203 0.2667551040649414
Pedestrian 0.0 0 1.7514772415161133 839.1052856445312 173.11361694335938 871.2535400390625 241.68124389648438 0.68253237 1.6813315 0.65197736 6.262381 1.5018096 17.79046 2.089939594268799 0.1967470645904541
Pedestrian 0.0 0 -0.09003093838691711 807.5096435546875 165.13954162597656 868.8583374023438 259.0741882324219 1.099069 1.8020173 0.6072827 4.550899 1.5089799 13.977333 0.22473573684692383 0.14492172002792358
Pedestrian 0.0 0 2.900768280029297 748.5353393554688 126.58470916748047 812.6565551757812 236.1042022705078 0.94769174 1.8608602 0.6902877 3.0094976 0.9464264 12.354624 3.139707565307617 0.14312800765037537
Pedestrian 0.0 0 2.0449328422546387 195.12184143066406 164.07159423828125 258.9005126953125 251.89572143554688 1.2513957 1.6649603 0.61522007 -7.5169954 1.3551472 14.030231 1.5530792474746704 0.1171756312251091
Cyclist 0.0 0 -2.4964752197265625 1133.095947265625 157.57810974121094 1224.0 260.3890075683594 1.5747087 1.6643882 0.45651478 10.056411 1.2949628 12.26032 -1.8095139265060425 0.186483234167099
Cyclist 0.0 0 0.9325746297836304 829.8760375976562 135.55081176757812 909.8258666992188 243.71629333496094 1.4349139 1.7776438 0.5614101 4.5613403 1.0405788 12.382465 1.2855209112167358 0.1403849571943283
Car 0.0 0 0.6373411417007446 280.0866394042969 205.25701904296875 438.4717712402344 269.49981689453125 3.8152218 1.5134599 1.6116091 -6.624627 2.2279656 19.019167 0.3021697998046875 0.1407669335603714
Car 0.0 0 -3.1899983882904053 788.4442138671875 188.1298370361328 1224.0 369.7356872558594 4.0211353 1.4687854 1.6298608 4.0892115 1.5684334 7.4614477 -2.68865704536438 0.11549979448318481
