Pedestrian 0.0 0 -1.7591171264648438 328.091552734375 147.85147094726562 354.54473876953125 207.98892211914062 0.73479486 1.9033692 0.6745324 -8.734163 1.1123893 23.323324 -2.117433547973633 0.4942253828048706
Pedestrian 0.0 0 -1.807760238647461 458.2387390136719 177.30905151367188 474.1395263671875 212.90460205078125 0.7090377 1.658382 0.58764374 -6.8522167 1.8724858 34.17017 -2.0056674480438232 0.2903221547603607
Pedestrian 0.0 0 -1.7633283138275146 936.3159790039062 143.98509216308594 964.1380615234375 201.36297607421875 0.8935129 1.8759211 0.68041587 11.311764 0.93243456 24.103525 -1.3245415687561035 0.259032666683197
Cyclist 0.0 0 2.0554635524749756 284.0047912597656 184.5286102294922 347.3685607910156 260.8458557128906 1.8964927 1.6199718 0.52726257 -6.7730684 1.9043093 16.579044 1.6676238775253296 0.4087372124195099
Car 0.0 0 -1.5180156230926514 603.186767578125 176.21058654785156 649.7723388671875 217.53744506835938 3.357127 1.4657811 1.6080462 0.63962686 1.6026411 27.60527 -1.4948493242263794 0.920940637588501
Car 0.0 0 2.1425538063049316 0.0 210.99380493164062 365.759521484375 375.0 4.354388 1.4318336 1.7055753 -3.905136 1.8926134 6.5049715 1.6018908023834229 0.9164254069328308
Car 0.0 0 1.8064911365509033 307.57208251953125 186.20782470703125 458.8069152832031 286.8086242675781 4.2332 1.4447128 1.6324074 -3.9417639 1.7273868 13.091944 1.5140409469604492 0.885871171951294
Car 0.0 0 1.7142149209976196 454.5357971191406 183.42730712890625 519.8418579101562 231.43389892578125 4.227751 1.4657173 1.6470448 -4.2204614 1.8651547 25.098633 1.5476185083389282 0.8576754331588745
Car 0.0 0 1.7038969993591309 509.6177673339844 175.9545135498047 546.395751953125 205.2289276123047 3.8100867 1.5380477 1.5470237 -4.5594187 1.7195551 40.2332 1.5910536050796509 0.8473324179649353
Car 0.0 0 -1.1655019521713257 336.3314208984375 155.84848022460938 395.5690612792969 193.83900451660156 3.2694824 1.7830771 1.6067947 -12.001119 0.98528457 35.55605 -1.4910218715667725 0.25257986783981323
Car 0.0 0 1.786988615989685 456.1022644042969 173.1191864013672 499.2104187011719 200.09779357910156 4.017676 1.4711316 1.6101025 -7.572862 1.4874617 41.41846 1.6061482429504395 0.25232627987861633
