Car 0.0 0 -1.6787887811660767 656.2610473632812 177.26573181152344 705.014404296875 216.6114501953125 3.3632941 1.4292091 1.5352395 2.669652 1.6128327 28.278255 -1.5846612453460693 0.951555073261261
Car 0.0 0 -1.811484456062317 693.1544799804688 173.68719482421875 814.5668334960938 260.2555236816406 3.3256736 1.5394381 1.6214901 2.7181075 1.5585903 14.566907 -1.6270111799240112 0.9387736320495605
Car 0.0 0 -2.039975166320801 809.5916137695312 189.35238647460938 1242.0 375.0 4.023515 1.511072 1.6118174 2.7972527 1.6817211 5.427639 -1.564105749130249 0.9218993186950684
Car 0.0 0 0.47642672061920166 143.3295440673828 177.63446044921875 410.4998474121094 263.40472412109375 4.195239 1.4599226 1.6258986 -6.059031 1.554441 13.295025 0.0488123893737793 0.9125674962997437
Car 0.0 0 -0.14636126160621643 699.3093872070312 172.04876708984375 792.1616821289062 207.08609008789062 4.0365615 1.5837845 1.6555127 6.2078247 1.5477438 33.514214 0.03679251670837402 0.8334844708442688
Car 0.0 0 3.507145881652832 226.90570068359375 177.0296173095703 432.81427001953125 247.34133911132812 3.917123 1.4605442 1.583507 -6.101065 1.557381 15.874153 3.140212297439575 0.8263642191886902
Car 0.0 0 0.2857323884963989 361.064697265625 174.48556518554688 486.2451171875 223.55970764160156 3.6758032 1.54747 1.5951056 -6.094298 1.6032912 23.66586 0.03369402885437012 0.7921362519264221
Car 0.0 0 3.314331531524658 385.2452392578125 178.1259765625 506.32489013671875 223.50601196289062 4.02243 1.5597169 1.6216797 -5.866997 1.7561176 25.91814 3.091716766357422 0.5926949977874756
Car 0.0 0 0.5057103633880615 285.9260559082031 174.01829528808594 443.15179443359375 226.28775024414062 4.0550413 1.4359225 1.6370544 -7.1552224 1.4721068 21.035158 0.17783260345458984 0.5443028211593628
Car 0.0 0 3.4366352558135986 244.14694213867188 153.91648864746094 419.4261169433594 226.80023193359375 3.8307507 1.7485951 1.623127 -6.972627 1.2946126 18.251389 3.0717132091522217 0.5405964255332947
