Pedestrian 0.0 0 -1.7709581851959229 841.0498657226562 169.22955322265625 964.4110717773438 375.0 0.63808554 1.5887256 0.75192875 2.1408288 1.5633781 5.493085 -1.3993351459503174 0.6612906455993652
Pedestrian 0.0 0 -1.562809705734253 624.9025268554688 185.11756896972656 640.5929565429688 229.85882568359375 0.6995867 1.6697497 0.58981913 0.8254332 2.1434102 27.483658 -1.532785177230835 0.18722398579120636
Pedestrian 0.0 0 0.3845488429069519 386.4197082519531 194.4982147216797 449.8296203613281 297.7882995605469 0.9123578 1.7713184 0.67550486 -3.4775393 2.1711998 12.925241 0.12172245979309082 0.1702890545129776
Pedestrian 0.0 0 3.6018471717834473 148.08319091796875 154.10569763183594 259.9161376953125 302.1360168457031 1.1494521 1.8822608 0.56809795 -5.369375 1.6442269 9.486959 3.086822271347046 0.15452904999256134
Pedestrian 0.0 0 1.7336570024490356 433.9544982910156 179.49658203125 478.9987487792969 275.9971923828125 0.58313936 1.8188951 0.7692921 -3.0104475 1.9505625 13.9502125 1.521116852760315 0.14590710401535034
Cyclist 0.0 0 0.5488173961639404 1012.6124267578125 129.7283477783203 1118.61376953125 223.08792114257812 1.6965151 1.7684312 0.69381535 9.112056 0.9518964 14.578595 1.107438087463379 0.18959860503673553
Cyclist 0.0 0 -3.1912388801574707 653.7750854492188 168.98118591308594 682.6856079101562 201.47386169433594 1.5504266 1.7671585 0.62897 3.151736 1.5568886 39.576538 -3.1117701530456543 0.189580500125885
Car 0.0 0 -1.6761889457702637 804.4802856445312 176.65016174316406 872.4819946289062 226.84115600585938 4.181181 1.411298 1.5937835 7.078762 1.5433614 22.824986 -1.3754627704620361 0.9368031024932861
Car 0.0 0 -2.6197071075439453 314.4075012207031 182.36434936523438 513.7110595703125 264.0228576660156 3.7548146 1.5561987 1.6704205 -4.1686816 1.7755895 15.330976 -2.8852005004882812 0.7433304786682129
Car 0.0 0 -1.6101555824279785 792.0714721679688 164.65097045898438 827.22900390625 198.53514099121094 3.9347034 1.7263002 1.6611041 10.666498 1.3087382 38.861866 -1.3422802686691284 0.577267050743103
Car 0.0 0 -1.8678045272827148 882.6882934570312 179.21670532226562 1242.0 375.0 3.5939531 1.4285667 1.5792311 3.0023234 1.4917614 5.194414 -1.3437254428863525 0.538261890411377
Car 0.0 0 0.24250465631484985 632.906005859375 173.57003784179688 679.0508422851562 192.40455627441406 3.5178869 1.5158498 1.5826185 3.7721705 1.5764807 59.450294 0.30587053298950195 0.17120839655399323
