Pedestrian 0.0 0 -1.5954043865203857 635.7002563476562 155.2283477783203 666.6834716796875 244.64805603027344 0.74494684 1.7763737 0.6090154 0.9683722 1.2557193 14.652275 -1.5294101238250732 0.80079185962677
Pedestrian 0.0 0 -3.110163450241089 615.9558715820312 161.9136505126953 640.8896484375 218.74085998535156 0.7774281 1.7866994 0.6102525 0.83937293 1.1719927 22.913347 -3.07354736328125 0.7904894948005676
Pedestrian 0.0 0 1.0638701915740967 699.1410522460938 167.3391876220703 738.5286254882812 239.95591735839844 0.83746845 1.6878684 0.5969073 2.7669926 1.3599275 17.18934 1.2234724760055542 0.7317513823509216
Pedestrian 0.0 0 1.4839766025543213 751.2451782226562 156.86973571777344 775.9140014648438 218.82591247558594 0.98079723 1.8203344 0.6390853 4.84594 1.0978037 21.631372 1.7043615579605103 0.7223167419433594
Pedestrian 0.0 0 -1.9623278379440308 717.5556030273438 156.91064453125 755.3351440429688 227.7041778564453 1.0152353 1.7857361 0.62244153 3.4670677 1.1666623 18.678015 -1.7787938117980957 0.693665087223053
Pedestrian 0.0 0 1.5867974758148193 281.0331115722656 134.24237060546875 395.5433044433594 374.0 0.74196136 1.6582243 0.64863527 -1.7562435 1.3818772 4.677993 1.2276527881622314 0.6714675426483154
Pedestrian 0.0 0 2.0519864559173584 447.45172119140625 163.3499298095703 471.64300537109375 218.17266845703125 0.70512307 1.6973294 0.47716492 -4.4951997 1.1365095 22.642714 1.8560073375701904 0.648883044719696
Pedestrian 0.0 0 1.54771888256073 664.9749755859375 168.49530029296875 689.9828491210938 240.5678253173828 0.7410231 1.718026 0.5866549 1.8131744 1.409226 17.513458 1.6508816480636597 0.6255670785903931
Pedestrian 0.0 0 -2.512939453125 275.60870361328125 163.78797912597656 322.2298889160156 248.62181091308594 0.66931903 1.648341 0.5342234 -6.0523567 1.3054447 14.290651 -2.9135546684265137 0.5196284651756287
Pedestrian 0.0 0 0.996828019618988 670.2530517578125 157.10826110839844 712.9666137695312 244.3128662109375 0.7552276 1.7017399 0.5264453 1.7714027 1.2270026 14.469887 1.1186418533325195 0.4460645914077759
Pedestrian 0.0 0 -0.035366952419281006 738.2731323242188 161.95599365234375 762.87744140625 215.03225708007812 0.77074224 1.716656 0.50856304 4.858233 1.0856353 23.545813 0.16810870170593262 0.4366447329521179
Pedestrian 0.0 0 -0.1847667545080185 536.8724975585938 172.6690216064453 561.1831665039062 210.2689208984375 1.1315154 1.8792888 0.6207407 -2.6612756 1.4387858 36.345036 -0.25785884261131287 0.39483800530433655
Pedestrian 0.0 0 2.2585699558258057 459.1716003417969 166.5001220703125 490.34686279296875 226.21371459960938 0.7092802 1.7938497 0.63743514 -3.9118633 1.344363 22.042137 2.0829267501831055 0.39180710911750793
Pedestrian 0.0 0 1.2008755207061768 1050.8509521484375 98.38505554199219 1172.2337646484375 284.1324157714844 0.80209076 1.7379999 0.74748254 5.0228834 0.9616858 7.196929 1.8102043867111206 0.3817068338394165
Pedestrian 0.0 0 1.2128125429153442 694.3175048828125 161.60220336914062 725.7256469726562 229.8883819580078 0.7819458 1.7385372 0.56988144 2.7917929 1.2331266 18.727669 1.3607959747314453 0.3632736802101135
Pedestrian 0.0 0 2.786147356033325 678.4542236328125 165.82150268554688 718.923095703125 245.7203369140625 0.72238755 1.7251381 0.59761405 2.1075459 1.3878413 15.878766 2.9181034564971924 0.31234243512153625
Pedestrian 0.0 0 -0.32895511388778687 655.8728637695312 162.77377319335938 680.7352294921875 204.6781005859375 0.9374513 1.8152078 0.6146091 2.9175339 1.004988 31.522795 -0.23666490614414215 0.3089354634284973
Pedestrian 0.0 0 -3.2185280323028564 712.4666137695312 162.12118530273438 739.1800537109375 215.2022705078125 0.8218414 1.7178377 0.55129015 4.0483923 1.0917856 23.55723 -3.048336982727051 0.3054848313331604
Cyclist 0.0 0 1.3808891773223877 899.4199829101562 141.0986328125 951.9450073242188 243.1772918701172 1.7911513 1.6509585 0.4963132 5.5878644 0.9988233 12.543836 1.7999670505523682 0.5049312710762024
Cyclist 0.0 0 2.8493268489837646 501.10113525390625 170.24684143066406 550.2813720703125 218.6577911376953 1.7201247 1.7697296 0.636805 -2.8542738 1.3593981 26.884003 2.7435531616210938 0.3465174436569214
Cyclist 0.0 0 -0.1847667545080185 536.8724975585938 172.6690216064453 561.1831665039062 210.2689208984375 1.1315154 1.8792888 0.6207407 -2.6612756 1.4387858 36.345036 -0.25785884261131287 0.18425717949867249
Cyclist 0.0 0 -2.0051722526550293 716.1510620117188 155.37586975097656 756.102294921875 227.29486083984375 0.9947708 1.8158315 0.6626196 3.462868 1.1574237 18.69825 -1.822049617767334 0.12491573393344879
Car 0.0 0 1.6896944046020508 551.5372314453125 170.43487548828125 588.8450317382812 199.19566345214844 4.219248 1.5631537 1.6501635 -1.7391359 0.9625888 41.20567 1.6475132703781128 0.8007403612136841
Car 0.0 0 1.1663707494735718 731.9595947265625 190.13323974609375 932.066162109375 302.833984375 3.4485157 1.342074 1.5223163 3.142017 1.4927695 10.628432 1.4538078308105469 0.5975039601325989
