Pedestrian 0.0 0 1.796028733253479 409.9828186035156 153.65609741210938 514.0493774414062 370.0 0.77220446 1.6545378 0.63596904 -1.130819 1.4636365 5.461046 1.5918444395065308 0.7461199760437012
Pedestrian 0.0 0 -3.107327699661255 824.0535888671875 132.5496063232422 877.6409912109375 238.21096801757812 0.8811328 1.8157349 0.60858816 4.338101 0.99337935 12.58715 -2.7754311561584473 0.28601571917533875
Pedestrian 0.0 0 2.763432502746582 747.4617919921875 126.59567260742188 819.1041870117188 237.29441833496094 1.036066 1.8737754 0.6805587 3.0624957 0.962996 12.370226 3.006122589111328 0.12000101059675217
Pedestrian 0.0 0 -3.2282066345214844 804.7784423828125 161.4821319580078 870.2201538085938 256.0222473144531 1.1801507 1.8138721 0.5905866 4.5373487 1.4506238 13.981275 -2.9143996238708496 0.11943135410547256
Pedestrian 0.0 0 -0.6336966753005981 835.0337524414062 172.5102081298828 873.8588256835938 241.7216033935547 0.6611673 1.7013811 0.6546668 6.233222 1.5065705 17.785643 -0.2966088056564331 0.11029097437858582
Pedestrian 0.0 0 2.5384681224823 8.003591537475586 172.33856201171875 74.97657012939453 261.06842041015625 0.830266 1.731868 0.6620348 -11.419458 1.5742009 14.288649 1.8642164468765259 0.10150507092475891
Cyclist 0.0 0 -2.4962196350097656 1131.66357421875 157.63864135742188 1224.0 261.59716796875 1.624688 1.6774681 0.4228085 10.028182 1.3102323 12.243221 -1.8099520206451416 0.2847958505153656
Cyclist 0.0 0 0.436482310295105 437.5421142578125 136.690673828125 510.3073425292969 226.5451202392578 1.3256954 1.8300966 0.73088884 -2.7971473 0.9394427 14.9144125 0.25108933448791504 0.1051492765545845
Car 0.0 0 -1.3353626728057861 412.8782043457031 187.87965393066406 518.1238403320312 264.6869201660156 3.5046456 1.4865656 1.5219778 -3.0320563 1.671838 15.80779 -1.5248688459396362 0.14712752401828766
Car 0.0 0 -2.5416853427886963 277.98602294921875 207.3491668701172 438.5512390136719 270.7578430175781 3.8741217 1.4992496 1.5719547 -6.655075 2.272262 19.046473 -2.8778367042541504 0.11582474410533905
