Pedestrian 0.0 0 2.3910701274871826 519.0027465820312 164.83750915527344 535.7506103515625 197.82669067382812 0.8046036 1.9116699 0.56845146 -4.738205 0.7319178 42.14321 2.279109239578247 0.4912741184234619
Pedestrian 0.0 0 -0.06866499781608582 447.4695129394531 182.6098175048828 460.6826477050781 212.9100341796875 0.7032296 1.7301178 0.6212001 -8.888907 1.5824558 41.437984 -0.2799738049507141 0.39441442489624023
Pedestrian 0.0 0 -3.653289794921875 1059.48046875 139.52296447753906 1164.15478515625 286.8060302734375 0.8279997 1.6732147 0.5931871 5.8830805 1.1552517 8.496913 -3.047697067260742 0.3004702031612396
Cyclist 0.0 0 3.285266637802124 454.65496826171875 163.45579528808594 507.4877624511719 209.86611938476562 1.8232324 1.6812754 0.7816362 -4.687037 0.89412546 26.45722 3.1099305152893066 0.47853490710258484
Cyclist 0.0 0 -3.653289794921875 1059.48046875 139.52296447753906 1164.15478515625 286.8060302734375 0.8279997 1.6732147 0.5931871 5.8830805 1.1552517 8.496913 -3.047697067260742 0.10092367231845856
Car 0.0 0 -1.2965989112854004 305.5311584472656 189.76344299316406 446.4136047363281 284.66680908203125 3.4103832 1.4440031 1.5044461 -4.0174556 1.5372227 12.825985 -1.600146770477295 0.9418045878410339
Car 0.0 0 -1.5579322576522827 561.8970947265625 177.57147216796875 600.9611206054688 213.5354766845703 3.8622746 1.5313524 1.6634858 -1.2036532 1.2069918 32.555824 -1.594887375831604 0.9172173738479614
Car 0.0 0 -1.059840202331543 0.0 200.4016571044922 362.7518310546875 376.0 4.0197024 1.4696847 1.616104 -3.1835763 1.6210563 5.0599656 -1.6214323043823242 0.901474118232727
Car 0.0 0 -1.2647850513458252 241.3480224609375 185.0070343017578 342.9443664550781 243.8050537109375 3.6662633 1.5238048 1.6202157 -8.925792 1.5195282 20.533379 -1.6748402118682861 0.8693407773971558
Car 0.0 0 -1.0629816055297852 0.0 183.00347900390625 150.36239624023438 246.9920196533203 3.748552 1.3914297 1.5203801 -12.993715 1.3444563 17.584015 -1.699373483657837 0.7951712012290955
Car 0.0 0 -0.991083562374115 33.5693473815918 179.67410278320312 267.8442687988281 273.7359313964844 4.153689 1.4496473 1.5675898 -8.093158 1.3653733 13.1735325 -1.541987657546997 0.6591887474060059
Car 0.0 0 -1.1340125799179077 307.9428405761719 176.55519104003906 370.6058349609375 208.56578063964844 3.5178585 1.4635689 1.4829829 -12.911343 1.0687304 34.67609 -1.490450382232666 0.31384846568107605
Car 0.0 0 -1.0890337228775024 205.62014770507812 179.71044921875 300.1139221191406 226.57749938964844 3.7523308 1.6118407 1.5743202 -13.058284 1.4236367 26.614662 -1.545167326927185 0.3016408681869507
Car 0.0 0 -2.644057035446167 343.2843322753906 174.27447509765625 447.7747802734375 212.2906494140625 4.1352215 1.6182711 1.693263 -9.412057 1.1536574 31.855982 -2.931340217590332 0.2903027832508087
