Car 0.0 0 -1.919682502746582 705.2759399414062 189.27621459960938 861.0641479492188 291.88385009765625 3.3545346 1.4855672 1.5873946 2.8461185 1.8169332 12.774828 -1.7004715204238892 0.9667955040931702
Car 0.0 0 0.6261100172996521 0.0 198.31275939941406 289.182373046875 326.8858947753906 3.9136534 1.3589897 1.5441563 -6.23052 1.6946276 8.716681 0.005532503128051758 0.9429975152015686
Car 0.0 0 -1.7283782958984375 653.7579345703125 180.2428741455078 726.7860717773438 234.18898010253906 4.2477136 1.4759848 1.5874523 2.3515656 1.7288783 22.494577 -1.6242173910140991 0.9225537776947021
Car 0.0 0 -2.656463384628296 202.2347869873047 188.815185546875 410.8072814941406 262.37359619140625 3.902725 1.4626344 1.5879139 -6.577007 1.8322858 15.727117 -3.052556276321411 0.9074059724807739
Car 0.0 0 -2.5997185707092285 131.70419311523438 193.99990844726562 371.51788330078125 280.1075439453125 3.736632 1.439169 1.5626262 -6.630814 1.8612202 13.451114 -3.05771541595459 0.8629270792007446
Car 0.0 0 0.3894810974597931 249.1553192138672 187.2760772705078 421.3088073730469 248.73960876464844 3.7495463 1.4476565 1.566017 -6.899824 1.8288683 18.217274 0.027425289154052734 0.8483429551124573
Car 0.0 0 -2.8719265460968018 365.63330078125 185.5845184326172 495.8876037597656 229.85809326171875 4.301878 1.520208 1.6402937 -6.4731617 1.9975817 26.15543 -3.114539861679077 0.8470470905303955
Car 0.0 0 0.5676656365394592 39.97251892089844 190.79783630371094 333.64141845703125 296.5992126464844 3.6819682 1.4771899 1.5661707 -6.4953303 1.7782054 11.225272 0.04310417175292969 0.8408707976341248
Car 0.0 0 -1.6787878274917603 645.3316040039062 179.88755798339844 689.0203857421875 213.6695556640625 3.9460714 1.4279171 1.5821915 2.5424812 1.7726191 33.32453 -1.6026407480239868 0.6847076416015625
Car 0.0 0 0.4179703891277313 299.5009765625 182.81118774414062 444.32415771484375 239.83856201171875 3.596986 1.5250254 1.5731027 -6.7818427 1.8228394 20.590296 0.09979033470153809 0.6754345297813416
Car 0.0 0 3.312387466430664 403.74664306640625 169.6078338623047 492.8729248046875 209.5141143798828 3.531572 1.6751646 1.6548151 -6.9763875 1.5392572 31.198832 3.0923960208892822 0.5746049284934998
