Pedestrian 0.0 0 -1.5978355407714844 714.6058959960938 179.14781188964844 730.6878662109375 219.64410400390625 0.65385634 1.6773602 0.64989024 4.695226 1.9457719 30.362246 -1.4444105625152588 0.3826944828033447
Pedestrian 0.0 0 1.5642582178115845 757.5061645507812 141.5098876953125 777.7260131835938 197.7740478515625 0.8434108 1.9027114 0.66985506 5.3858495 0.84309083 24.87929 1.7774478197097778 0.23416173458099365
Cyclist 0.0 0 -1.9503836631774902 701.57861328125 165.72642517089844 721.5151977539062 199.0334014892578 1.671695 1.7514409 0.47365725 5.4154363 1.3769968 38.807392 -1.811732530593872 0.3104349374771118
Car 0.0 0 -1.767404556274414 688.9046630859375 182.66690063476562 807.1251831054688 265.63812255859375 3.7067873 1.4360406 1.643916 2.629811 1.663118 14.797777 -1.5915242433547974 0.9729750156402588
Car 0.0 0 1.6638637781143188 527.4021606445312 177.06539916992188 575.9547119140625 212.9990692138672 4.4482384 1.4615366 1.7458413 -2.5610018 1.6623422 32.1042 1.5842608213424683 0.8524896502494812
Car 0.0 0 1.3925977945327759 651.5439453125 178.5015411376953 709.8734130859375 221.0459442138672 3.7374063 1.4876297 1.5724266 2.596069 1.7196587 27.667383 1.4861552715301514 0.8495956063270569
Car 0.0 0 1.9792650938034058 0.0 196.57455444335938 441.7747497558594 375.0 4.417689 1.4850363 1.7222689 -2.6153686 1.7376678 5.42911 1.5303394794464111 0.799462616443634
Car 0.0 0 1.5644053220748901 562.6347045898438 177.91232299804688 587.2373046875 202.7592315673828 3.5950184 1.5430766 1.5531635 -2.3477342 1.8885919 47.39367 1.5149089097976685 0.5450209379196167
Car 0.0 0 -1.6724421977996826 705.528564453125 167.90771484375 743.8340454101562 202.71566772460938 3.948296 1.8167429 1.677625 6.2169423 1.5589378 39.6731 -1.5170021057128906 0.3277954161167145
Car 0.0 0 -1.5073530673980713 643.7559814453125 174.76910400390625 668.3139038085938 199.6156463623047 2.848211 1.5648783 1.4268717 3.0015013 1.6944448 47.1756 -1.4438146352767944 0.2745111584663391
