Pedestrian 0.0 0 -1.1814554929733276 437.1661682128906 157.37826538085938 452.39373779296875 191.7360076904297 0.52042 2.011015 0.73301643 -9.774836 1.1055528 42.54645 -1.407281756401062 0.3505803942680359
Pedestrian 0.0 0 0.7908324003219604 1121.6929931640625 166.7328643798828 1156.0374755859375 225.65823364257812 0.5558047 1.737632 0.6162518 15.77839 1.5574856 21.59501 1.421833872795105 0.32330214977264404
Pedestrian 0.0 0 2.0151219367980957 1150.7076416015625 195.08799743652344 1242.0 371.7154235839844 0.9081055 1.6281326 0.6198136 5.981468 1.8662378 7.239969 2.7056195735931396 0.3201086223125458
Pedestrian 0.0 0 2.2655513286590576 822.1475830078125 166.45860290527344 860.4298706054688 235.9704132080078 0.80706406 1.7274115 0.5367009 5.840911 1.5688399 18.371246 2.5733823776245117 0.30998295545578003
Pedestrian 0.0 0 -1.3677647113800049 417.2669677734375 146.4117889404297 439.54022216796875 196.62913513183594 0.6104073 1.9618541 0.7466649 -7.212892 0.9291873 28.507372 -1.6155822277069092 0.2765795588493347
Pedestrian 0.0 0 -2.0360703468322754 957.2008666992188 177.40972900390625 1046.094482421875 292.93829345703125 1.2232838 1.6923475 0.7416385 6.009575 1.7675924 11.236866 -1.5449649095535278 0.24336419999599457
Pedestrian 0.0 0 -2.246767997741699 1058.8458251953125 143.57308959960938 1114.5877685546875 228.10287475585938 0.8381367 1.762546 0.60623646 10.169336 1.1523625 15.488092 -1.6657735109329224 0.22372041642665863
Pedestrian 0.0 0 -2.0016112327575684 1137.2752685546875 138.8897705078125 1187.964111328125 230.86744689941406 0.6685263 1.8069268 0.5852537 11.09047 1.1400479 14.562142 -1.3507299423217773 0.21741937100887299
Pedestrian 0.0 0 2.3317201137542725 1080.8812255859375 159.91525268554688 1195.8382568359375 307.6150817871094 1.1095898 1.8037266 0.578219 6.6654735 1.6460749 9.193781 2.959027051925659 0.2171459048986435
Pedestrian 0.0 0 -2.3423705101013184 913.5144653320312 146.1370391845703 952.8251953125 208.6467742919922 0.9505973 1.7818804 0.5379436 9.396977 1.0206543 21.104103 -1.9234588146209717 0.20382755994796753
Pedestrian 0.0 0 -0.4839032292366028 1147.0765380859375 111.84822082519531 1242.0 257.3788146972656 0.90679276 1.8438345 0.49539486 7.640099 1.0712652 9.469788 0.1949622631072998 0.18387769162654877
Pedestrian 0.0 0 -0.05097535252571106 866.4273071289062 161.41648864746094 900.8959350585938 243.98912048339844 0.6736827 1.7669282 0.63934696 5.9503446 1.5225408 15.843868 0.3082873821258545 0.17601493000984192
Pedestrian 0.0 0 -1.9491808414459229 1114.9088134765625 139.30123901367188 1152.76806640625 196.62181091308594 1.1824101 1.8605018 0.6275221 17.412449 0.77180994 24.066929 -1.322855830192566 0.1754102110862732
Cyclist 0.0 0 -1.6224840879440308 1030.5865478515625 137.42709350585938 1061.3807373046875 226.4516143798828 1.7591839 1.7794782 0.46233782 9.18019 1.0717007 15.304984 -1.0821990966796875 0.4321879744529724
Cyclist 0.0 0 1.333113193511963 1155.791259765625 195.56080627441406 1242.0 375.0 1.2294433 1.6429449 0.61014515 5.977211 1.8939595 7.2759666 2.020827531814575 0.39147236943244934
Cyclist 0.0 0 -2.0360703468322754 957.2008666992188 177.40972900390625 1046.094482421875 292.93829345703125 1.2232838 1.6923475 0.7416385 6.009575 1.7675924 11.236866 -1.5449649095535278 0.14397652447223663
Cyclist 0.0 0 -2.1127090454101562 906.2124633789062 144.7368621826172 944.3970947265625 207.31320190429688 1.0502352 1.7939752 0.5679043 9.2235155 0.9882548 21.240698 -1.7030398845672607 0.13844870030879974
Cyclist 0.0 0 -1.9491808414459229 1114.9088134765625 139.30123901367188 1152.76806640625 196.62181091308594 1.1824101 1.8605018 0.6275221 17.412449 0.77180994 24.066929 -1.322855830192566 0.13108795881271362
Car 0.0 0 -1.797947883605957 683.8941040039062 179.88150024414062 803.4622192382812 258.343017578125 4.060306 1.4142909 1.593446 2.647778 1.5853084 15.446942 -1.628186583518982 0.9287431836128235
