Pedestrian 0.0 0 1.295544147491455 1046.762451171875 156.47076416015625 1076.716796875 214.19549560546875 0.70448685 1.7928278 0.6346817 14.242641 1.2843516 22.833668 1.8532485961914062 0.21344128251075745
Pedestrian 0.0 0 2.159994125366211 1207.0462646484375 162.7188720703125 1242.0 232.63064575195312 0.535997 1.8382592 0.7077857 16.56849 1.5721245 19.382612 2.8672752380371094 0.19221119582653046
Pedestrian 0.0 0 2.5259897708892822 1058.30322265625 131.20538330078125 1111.6719970703125 222.9021453857422 0.77337146 1.8734856 0.512384 9.822719 1.0229073 15.009201 3.1054844856262207 0.1564950793981552
Pedestrian 0.0 0 -1.5979957580566406 751.8560180664062 167.5470428466797 764.0331420898438 202.61000061035156 0.8473193 1.8373322 0.6086461 7.8083625 1.5596008 38.27648 -1.396757960319519 0.14437375962734222
Pedestrian 0.0 0 1.5242003202438354 862.81591796875 150.34532165527344 881.220458984375 201.8354949951172 0.5580098 1.8521544 0.60421646 9.50597 1.0428524 26.30756 1.8709415197372437 0.12739184498786926
Pedestrian 0.0 0 0.8061102628707886 1077.0274658203125 153.94822692871094 1109.6173095703125 213.17169189453125 0.56307286 1.808693 0.6227243 14.931711 1.2316661 22.364822 1.3947882652282715 0.11088819056749344
Pedestrian 0.0 0 -2.4142513275146484 1031.632568359375 146.0952606201172 1059.9329833984375 200.89102172851562 0.5365285 1.8930421 0.6740132 15.222773 0.9689598 25.280619 -1.872251033782959 0.10425656288862228
Cyclist 0.0 0 1.7210482358932495 1144.947021484375 187.0173797607422 1180.0692138671875 248.55410766601562 1.7102444 1.8018882 0.61543286 17.052929 2.2563512 22.315722 2.3735544681549072 0.13588646054267883
Car 0.0 0 1.8322827816009521 527.8169555664062 176.28976440429688 557.0791015625 194.34347534179688 3.8643007 1.5150886 1.6161162 -5.9180136 1.8269062 63.366276 1.739159107208252 0.4620426595211029
Car 0.0 0 1.3593864440917969 481.8486633300781 180.47769165039062 509.200927734375 198.45082092285156 3.8394983 1.4834856 1.5990936 -10.107915 2.1756618 63.394924 1.201273798942566 0.1282593160867691
Car 0.0 0 1.1942625045776367 394.2430114746094 186.2718505859375 458.15301513671875 222.08042907714844 3.696984 1.473932 1.5875101 -8.525067 2.1269014 33.129112 0.9423983097076416 0.12156523764133453
Car 0.0 0 1.4436290264129639 1157.8216552734375 186.8755645751953 1199.0614013671875 210.08251953125 3.9654858 1.4631667 1.76115 39.495647 2.481838 50.245247 2.1098103523254395 0.11688429117202759
