Pedestrian 0.0 0 1.641018033027649 374.62725830078125 177.88084411621094 394.06658935546875 231.60130310058594 0.66385055 1.6681186 0.54414237 -7.19096 1.8304517 22.86064 1.3362607955932617 0.568372368812561
Pedestrian 0.0 0 1.4048147201538086 430.4452819824219 189.51779174804688 449.1458740234375 233.8568878173828 0.68516356 1.6581649 0.5935253 -6.588787 2.3090942 27.735819 1.1715826988220215 0.3276383578777313
Pedestrian 0.0 0 -1.2305419445037842 0.0 99.94491577148438 105.27874755859375 298.69732666015625 1.6446173 1.8091406 0.6552145 -5.9277477 1.1458448 7.449218 -1.90268874168396 0.2891350984573364
Cyclist 0.0 0 -1.2305419445037842 0.0 99.94491577148438 105.27874755859375 298.69732666015625 1.6446173 1.8091406 0.6552145 -5.9277477 1.1458448 7.449218 -1.90268874168396 0.369455486536026
Car 0.0 0 -1.4827547073364258 441.2108154296875 180.83090209960938 520.3727416992188 249.5166015625 4.1990237 1.5423553 1.662959 -3.3083599 1.7752142 18.86484 -1.6563611030578613 0.9226064085960388
Car 0.0 0 -1.7390406131744385 639.8544311523438 170.20907592773438 726.8297729492188 238.59701538085938 3.803747 1.6221839 1.642829 1.7799579 1.5598035 19.070553 -1.64597487449646 0.8898952007293701
Car 0.0 0 -1.7398056983947754 622.2150268554688 181.56654357910156 677.4874877929688 220.5742645263672 3.9340236 1.4178877 1.5769571 1.4987334 1.7953837 29.184301 -1.688496708869934 0.7399114370346069
Car 0.0 0 1.6258829832077026 500.87890625 180.90164184570312 538.8118286132812 216.2467803955078 3.5186372 1.4542342 1.4958252 -4.0304694 1.835181 32.313503 1.501793622970581 0.6764794588088989
Car 0.0 0 2.5891754627227783 0.0 212.62171936035156 235.3213348388672 375.0 3.8127844 1.4852275 1.5652193 -2.985617 1.7071532 2.0713944 1.624925971031189 0.43323075771331787
Car 0.0 0 -1.5456393957138062 605.6024780273438 176.7384490966797 625.7940063476562 195.38197326660156 3.5411448 1.4667652 1.5731982 0.46916932 1.7960908 59.307594 -1.5377287864685059 0.3685799837112427
Car 0.0 0 1.5759902000427246 529.3760986328125 178.91465759277344 551.1199340820312 200.61683654785156 3.8165193 1.5270414 1.558136 -5.2227583 1.996216 53.839794 1.4792872667312622 0.3633382320404053
Car 0.0 0 1.59925377368927 485.13946533203125 184.8624725341797 527.730712890625 227.1799774169922 3.6647577 1.482672 1.5462819 -4.0456057 1.9853117 28.268948 1.457107663154602 0.29481297731399536
