Pedestrian 0.0 0 -0.046385765075683594 131.05133056640625 185.8350830078125 152.3179473876953 223.17247009277344 0.82996213 1.7546253 0.64278185 -22.60043 2.3894105 34.75801 -0.6229171752929688 0.15551473200321198
Pedestrian 0.0 0 0.5931049585342407 224.4158935546875 169.16722106933594 246.3983154296875 203.74179077148438 0.8417308 1.8147798 0.60065424 -19.874313 1.6216235 38.216026 0.11354494094848633 0.1455361396074295
Pedestrian 0.0 0 -0.2507251501083374 340.4035949707031 175.2409210205078 354.41943359375 200.1696319580078 0.87853926 1.8367476 0.5212895 -19.575104 2.0163317 53.712082 -0.6002102494239807 0.12814709544181824
Cyclist 0.0 0 2.1554768085479736 61.49490737915039 179.23617553710938 108.10965728759766 225.39744567871094 1.7931422 1.7282227 0.5794524 -20.520369 1.9858196 28.170702 1.5259244441986084 0.46704328060150146
Cyclist 0.0 0 -1.045856237411499 96.97074127197266 170.5900421142578 131.2567901611328 210.8188934326172 1.6354154 1.7554643 0.517129 -22.233297 1.6570301 32.31826 -1.6484479904174805 0.18516474962234497
Cyclist 0.0 0 -0.6898380517959595 123.3818359375 185.24327087402344 161.39195251464844 221.64852905273438 1.5831196 1.6857606 0.50052214 -22.577917 2.2980194 34.80357 -1.2653158903121948 0.1701057404279709
Cyclist 0.0 0 -0.712792158126831 1012.3138427734375 129.76466369628906 1113.8878173828125 212.87266540527344 1.7482418 1.6945155 0.7543953 9.489988 0.81631106 15.216665 -0.15515877306461334 0.15302874147891998
Cyclist 0.0 0 1.8877815008163452 25.04237174987793 177.29510498046875 55.73350143432617 219.46945190429688 1.5486764 1.7033145 0.5524074 -23.81482 1.8942238 30.13356 1.2189778089523315 0.12601502239704132
Cyclist 0.0 0 -1.379453182220459 53.746280670166016 189.8701934814453 70.64300537109375 227.34976196289062 1.5277946 1.6413918 0.333545 -25.120722 2.4390004 33.04428 -2.029459238052368 0.12588052451610565
Car 0.0 0 2.135093927383423 175.0625 185.79734802246094 265.2881164550781 226.21078491210938 3.6270149 1.4905581 1.5651293 -15.962226 2.0566063 29.667912 1.6414871215820312 0.9059356451034546
Car 0.0 0 1.7273974418640137 382.4505920410156 178.02537536621094 406.691162109375 195.46035766601562 3.9127324 1.5694344 1.606844 -20.349134 2.073322 68.20687 1.4374603033065796 0.2528626322746277
Car 0.0 0 2.026672124862671 287.055419921875 175.1908721923828 340.4660339355469 203.00216674804688 4.0657015 1.7730714 1.7006029 -19.843643 1.9370544 48.433586 1.637824535369873 0.21217593550682068
Car 0.0 0 1.5617542266845703 747.1729736328125 162.0321502685547 773.6439819335938 187.54754638671875 3.994193 1.6442679 1.6756878 10.07998 0.94724166 48.616505 1.7661941051483154 0.1844606250524521
Car 0.0 0 2.5447561740875244 38.086544036865234 183.34967041015625 144.7324676513672 219.6841583251953 3.8154058 1.5435024 1.6291964 -24.306595 2.0673978 33.916866 1.9229414463043213 0.17273327708244324
Car 0.0 0 2.0418028831481934 228.59100341796875 178.17799377441406 292.3262939453125 206.46556091308594 4.6002374 1.6535271 1.7028946 -21.908878 2.0057337 45.36414 1.5918833017349243 0.12597109377384186
