Pedestrian 0.0 0 1.6238802671432495 139.1786346435547 173.51959228515625 162.22828674316406 230.1775665283203 0.84888095 1.7973808 0.58831465 -14.942806 1.8198135 23.413195 1.0558297634124756 0.6410233378410339
Pedestrian 0.0 0 2.386042356491089 780.2010498046875 163.61610412597656 815.4268798828125 226.24777221679688 0.7596101 1.7597597 0.6219699 5.346216 1.500561 20.725845 2.638488531112671 0.6383650302886963
Pedestrian 0.0 0 2.88869047164917 706.1353149414062 166.49642944335938 723.9964599609375 196.68917846679688 0.9554264 1.805562 0.55744594 6.2949076 1.4257299 43.475166 3.032484292984009 0.3516673147678375
Pedestrian 0.0 0 -0.6883405447006226 233.25296020507812 182.41085815429688 258.586181640625 223.27244567871094 0.6827606 1.6536895 0.64303476 -15.100201 2.0552619 29.846853 -1.1567150354385376 0.24161043763160706
Pedestrian 0.0 0 2.421034336090088 777.2745361328125 171.09646606445312 796.8031005859375 205.385498046875 0.79295206 1.7998731 0.6240041 9.368155 1.7079759 38.331657 2.6607329845428467 0.22537821531295776
Pedestrian 0.0 0 -1.992544412612915 1077.9156494140625 157.2249298095703 1129.447021484375 246.1739044189453 0.76515627 1.771143 0.6107164 10.05816 1.4602962 14.794418 -1.3954622745513916 0.18928149342536926
Car 0.0 0 1.9415889978408813 287.5854187011719 185.6614990234375 372.2134094238281 229.07093811035156 4.3173857 1.5238988 1.6895565 -11.082884 2.073228 28.763517 1.5738098621368408 0.8312640190124512
Car 0.0 0 -1.5764787197113037 599.866943359375 177.38307189941406 625.9821166992188 202.19032287597656 3.8403792 1.4857564 1.5895988 0.13997358 1.7859079 45.83581 -1.5734249353408813 0.6729249954223633
Car 0.0 0 1.6805574893951416 458.6622619628906 180.68035888671875 498.7549743652344 214.129638671875 3.8610375 1.5509942 1.5752337 -6.5994735 1.9672725 36.361546 1.5010159015655518 0.21244387328624725
Car 0.0 0 1.9118852615356445 323.62890625 174.435302734375 428.1618957519531 230.74415588378906 4.23348 1.4938978 1.6136942 -6.840035 1.5458574 21.401499 1.6025402545928955 0.20287814736366272
Car 0.0 0 2.2261264324188232 0.0 187.66819763183594 47.66366958618164 262.50299072265625 4.0035048 1.4965441 1.5823406 -15.763073 1.8945295 17.30323 1.4872725009918213 0.1814936250448227
