Pedestrian 0.0 0 1.2470614910125732 980.2993774414062 113.54686737060547 1038.7508544921875 227.6820526123047 0.81889004 1.8344936 0.6232017 6.6041465 0.8816085 12.052561 1.7483259439468384 0.30634522438049316
Pedestrian 0.0 0 -2.5059335231781006 1213.921875 139.4676513671875 1241.6905517578125 191.84832763671875 0.4063253 2.038084 0.8465601 24.245111 0.7394103 28.365152 -1.798688292503357 0.2678754925727844
Pedestrian 0.0 0 1.1345305442810059 1111.7406005859375 112.86736297607422 1172.51806640625 205.42599487304688 1.0157135 1.8660449 0.653709 11.068134 0.65703136 15.10575 1.766873836517334 0.18169906735420227
Pedestrian 0.0 0 -1.5701007843017578 936.345947265625 122.6368179321289 964.3446044921875 192.322021484375 0.601186 1.8979249 0.6947096 9.41649 0.5305834 20.068636 -1.1313836574554443 0.15852703154087067
Cyclist 0.0 0 -0.648647129535675 1095.7371826171875 112.40972900390625 1184.1837158203125 199.30911254882812 1.4478432 1.7859555 0.56508297 11.041647 0.544063 15.121782 -0.017950940877199173 0.1592034101486206
Car 0.0 0 1.8803281784057617 389.6441650390625 180.50830078125 432.9087219238281 207.05816650390625 3.78573 1.5990354 1.6117209 -12.780043 2.1129947 46.48787 1.6120444536209106 0.7238197922706604
Car 0.0 0 1.8868088722229004 405.39105224609375 184.26783752441406 459.4382019042969 215.36373901367188 3.8626494 1.4622409 1.5966072 -9.165499 2.085216 37.37057 1.646296501159668 0.657403826713562
Car 0.0 0 -1.5041499137878418 584.0228881835938 177.31272888183594 611.9776000976562 201.90933227539062 3.837688 1.570251 1.6375784 -0.8041828 1.8838322 48.7275 -1.5206520557403564 0.46659207344055176
Car 0.0 0 1.7042533159255981 429.9930114746094 180.9423065185547 475.0303955078125 215.26324462890625 3.9564164 1.492212 1.5833362 -7.47637 1.9006289 34.36351 1.4900248050689697 0.2595335841178894
Car 0.0 0 1.6362806558609009 487.8398132324219 180.1980743408203 506.852783203125 197.47531127929688 3.6846995 1.5584592 1.5503811 -10.7046 2.2765124 68.60508 1.4814965724945068 0.23245643079280853
