Pedestrian 0.0 0 -0.9771168828010559 39.85712814331055 199.4036102294922 101.57005310058594 288.11199951171875 0.8647415 1.7243282 0.63591397 -11.049248 2.2835612 14.738165 -1.6204279661178589 0.4296419024467468
Pedestrian 0.0 0 0.747538149356842 233.16744995117188 149.93060302734375 288.1495056152344 234.8199462890625 0.85335827 1.8490397 0.71203613 -7.875891 1.3500857 16.178156 0.29448795318603516 0.2670730948448181
Pedestrian 0.0 0 0.4508812427520752 1142.369873046875 143.16539001464844 1242.0 375.0 0.45899448 1.7669133 0.7378914 3.3996286 1.6157348 4.040214 1.1503891944885254 0.2459118515253067
Pedestrian 0.0 0 3.373401641845703 198.7052459716797 139.8531494140625 271.1063232421875 245.271240234375 1.0444217 1.8379865 0.62267035 -6.794015 1.2629676 13.0080595 2.8920793533325195 0.19315128028392792
Cyclist 0.0 0 1.951094388961792 323.9814147949219 137.62295532226562 377.5843811035156 225.90737915039062 1.5674154 1.7732531 0.5270219 -5.5129213 1.065971 15.282065 1.6048798561096191 0.21090474724769592
Cyclist 0.0 0 -0.8716682195663452 905.5735473632812 165.19471740722656 997.0401000976562 262.50146484375 1.7273779 1.7513855 0.589612 6.395339 1.6138868 13.613587 -0.4324907064437866 0.18767838180065155
Cyclist 0.0 0 2.1578590869903564 40.34794616699219 198.93309020996094 102.21759033203125 288.1893310546875 0.86630374 1.7370268 0.6425199 -11.048329 2.286982 14.752745 1.5150623321533203 0.1435505896806717
Car 0.0 0 1.7274703979492188 406.2547607421875 186.83551025390625 496.32769775390625 257.61260986328125 3.7879486 1.4516166 1.5499575 -3.7770746 1.8285058 17.494368 1.5148319005966187 0.9329889416694641
Car 0.0 0 1.7114930152893066 456.57623291015625 175.7750701904297 525.4154052734375 232.57192993164062 4.0430493 1.6720438 1.6549698 -3.822377 1.775746 23.486423 1.5501590967178345 0.8441091179847717
Car 0.0 0 1.7836614847183228 531.45556640625 177.45266723632812 573.1455078125 205.6343536376953 3.8636715 1.5221492 1.6201737 -3.3131855 1.800877 41.651447 1.7042831182479858 0.5742505788803101
Car 0.0 0 -0.18686076998710632 645.654296875 174.9165802001953 712.754150390625 201.1024627685547 3.782655 1.5341873 1.6103213 4.1005173 1.6614126 43.401546 -0.0926617830991745 0.4900522232055664
Car 0.0 0 -2.890828847885132 385.0301513671875 175.4614715576172 466.6005859375 206.28146362304688 3.6825469 1.5046833 1.588049 -9.222718 1.638581 36.15444 -3.140594482421875 0.19176386296749115
