Pedestrian 0.0 0 1.3159105777740479 515.7578125 169.54843139648438 543.9259033203125 218.4350128173828 0.89917994 1.7346697 0.814651 -2.6238308 1.3116426 26.049664 1.2155249118804932 0.5577351450920105
Pedestrian 0.0 0 2.975351572036743 295.3006286621094 161.37405395507812 354.6859130859375 271.2825927734375 0.83796614 1.7634195 0.588023 -4.658935 1.4418039 11.989593 2.604727268218994 0.5045924186706543
Pedestrian 0.0 0 -1.592049241065979 714.4537963867188 173.30972290039062 738.5494384765625 235.7174530029297 0.78667974 1.6722019 0.63120025 3.3886077 1.4539076 19.680914 -1.4215435981750488 0.45351386070251465
Pedestrian 0.0 0 3.2297821044921875 287.09368896484375 168.01144409179688 336.1878662109375 271.2239685058594 0.7605517 1.7704989 0.5619712 -5.15271 1.5403972 12.699685 2.844341278076172 0.3830963671207428
Pedestrian 0.0 0 2.2053580284118652 1188.3245849609375 114.13085174560547 1238.0 243.76905822753906 0.8585705 1.7750803 0.47243252 8.838428 0.8539458 10.157503 2.9214274883270264 0.2975503206253052
Pedestrian 0.0 0 2.2550597190856934 251.50779724121094 131.8107147216797 311.6072692871094 232.26101684570312 0.7698895 1.8424 0.7186739 -6.1024585 0.93229437 13.637916 1.834317922592163 0.2706001400947571
Pedestrian 0.0 0 1.967457890510559 422.7363586425781 181.0129852294922 476.68621826171875 283.1218566894531 0.9305294 1.7178026 0.6166003 -2.6875253 1.7108936 12.596462 1.7572540044784546 0.24950405955314636
Pedestrian 0.0 0 -0.5607582926750183 103.28517150878906 121.32872772216797 181.46725463867188 266.93939208984375 0.5814516 1.840202 0.709799 -6.105806 1.0811031 9.48944 -1.1325021982192993 0.22810927033424377
Pedestrian 0.0 0 -1.546260952949524 661.2240600585938 175.62158203125 681.557861328125 223.17909240722656 0.78185385 1.6877985 0.71290916 2.507556 1.4802321 25.921911 -1.4498260021209717 0.21955938637256622
Pedestrian 0.0 0 0.8274997472763062 1067.593017578125 124.13398742675781 1238.0 374.0 0.64410776 1.6802199 0.66058785 2.6739216 1.4405755 3.360964 1.4995408058166504 0.21236233413219452
Pedestrian 0.0 0 1.0640573501586914 634.5396118164062 169.68594360351562 659.2804565429688 202.4564208984375 1.4812406 1.5794781 0.56761354 2.2242491 1.0109633 35.41056 1.1267881393432617 0.14741338789463043
Cyclist 0.0 0 -0.24144813418388367 655.799560546875 166.69578552246094 691.1104125976562 198.20196533203125 1.8449044 1.7313286 0.67511594 3.9975784 0.9186262 39.935776 -0.1416802853345871 0.3811550438404083
Cyclist 0.0 0 -2.7835326194763184 393.2557373046875 182.58184814453125 505.5897521972656 290.3426208496094 1.6772555 1.7118664 0.71361375 -2.5420938 1.7317803 11.894353 -2.9940876960754395 0.31371966004371643
Cyclist 0.0 0 2.5043559074401855 690.7019653320312 153.50941467285156 725.4345092773438 189.7654266357422 1.6438471 1.7188317 0.56894076 5.1440015 0.3927597 34.690178 2.651567220687866 0.26563966274261475
Cyclist 0.0 0 1.0765926837921143 633.9274291992188 169.61473083496094 659.686767578125 202.80633544921875 1.5793824 1.5977865 0.5862953 2.2183278 1.0265524 35.416683 1.139146089553833 0.2566238045692444
Cyclist 0.0 0 1.3370493650436401 515.4404907226562 169.31605529785156 544.551025390625 219.23388671875 1.0183814 1.7660692 0.8347153 -2.6177745 1.3360652 26.029612 1.2368172407150269 0.10589916259050369
Car 0.0 0 -1.8997979164123535 756.3027954101562 142.94857788085938 1006.625244140625 311.8724060058594 3.833897 1.6588588 1.6448132 3.1174583 1.2816476 8.972895 -1.5654139518737793 0.8418076038360596
Car 0.0 0 -2.2359819412231445 987.6112670898438 192.59385681152344 1238.0 331.4420471191406 3.6116805 1.4378028 1.5207517 6.887146 1.6151992 9.564461 -1.611908197402954 0.4640572965145111
Car 0.0 0 -0.1387978345155716 476.4298095703125 173.24697875976562 540.2581787109375 196.2764892578125 4.0851398 1.5125055 1.6511406 -6.2876143 0.97116154 48.511803 -0.2676892876625061 0.34851717948913574
Car 0.0 0 -2.0511112213134766 637.072021484375 158.8694610595703 681.7132568359375 182.60601806640625 3.935644 1.6926973 1.6703252 4.277275 0.07949132 53.360893 -1.9711246490478516 0.29348012804985046
Car 0.0 0 -0.4200183153152466 650.9068603515625 180.840087890625 755.1138916015625 221.97015380859375 3.5617375 1.4804889 1.5705473 3.7935338 1.4577858 27.102333 -0.2809510827064514 0.27271002531051636
Car 0.0 0 2.6755318641662598 462.8451232910156 159.75247192382812 522.6547241210938 183.9047393798828 3.8806624 1.6608027 1.6668923 -7.712994 0.16600855 51.19379 2.525993824005127 0.241399347782135
