Pedestrian 0.0 0 -1.349880337715149 121.5226058959961 194.96788024902344 169.08880615234375 274.7430114746094 0.8094081 1.5751117 0.6662444 -9.540194 1.8863485 14.630546 -1.9277119636535645 0.5388787984848022
Pedestrian 0.0 0 1.1818276643753052 275.1960144042969 180.37535095214844 325.0963134765625 266.1255798339844 0.7943332 1.6928105 0.6872969 -6.286535 1.6919796 14.4762945 0.7721364498138428 0.48026883602142334
Pedestrian 0.0 0 -1.28828763961792 788.7072143554688 162.88951110839844 806.3147583007812 196.18618774414062 0.6746834 1.757221 0.7501939 10.281108 0.8292449 37.79268 -1.0226757526397705 0.43049389123916626
Pedestrian 0.0 0 -0.08672153949737549 994.944091796875 110.10208892822266 1061.8885498046875 243.9524383544922 0.7548039 1.7825407 0.46915177 5.7978506 0.8466946 9.786025 0.4481370449066162 0.3126213550567627
Pedestrian 0.0 0 3.628329277038574 127.53010559082031 109.88941955566406 211.01963806152344 248.58901977539062 0.77476186 1.8531469 0.64352727 -6.0629063 0.91140026 9.789078 3.0738003253936768 0.2633521258831024
Pedestrian 0.0 0 2.111732006072998 116.04537200927734 155.4315948486328 138.19717407226562 193.9264373779297 0.77721894 1.8694042 0.58617926 -23.488865 0.65346014 34.734837 1.5171352624893188 0.2184613049030304
Pedestrian 0.0 0 -3.369060516357422 981.905029296875 147.20396423339844 1027.79541015625 215.4029998779297 0.9246749 1.7259783 0.5836389 10.301339 0.8849165 18.299124 -2.8563356399536133 0.21626460552215576
Pedestrian 0.0 0 0.12863877415657043 767.8001708984375 152.33819580078125 799.3894653320312 185.69154357910156 1.7020468 1.8876902 0.5443443 10.241679 0.29521093 40.577255 0.37587451934814453 0.15456311404705048
Cyclist 0.0 0 1.1452889442443848 877.6099243164062 158.18527221679688 907.164794921875 195.62771606445312 1.8623439 1.7229553 0.57546675 13.571166 0.697575 33.472687 1.5304760932922363 0.6209084391593933
Cyclist 0.0 0 -2.0291709899902344 977.0786743164062 144.2992706298828 1028.0853271484375 213.10223388671875 1.7593353 1.712506 0.4217991 10.327366 0.813065 18.482786 -1.5196304321289062 0.5200967788696289
Cyclist 0.0 0 -0.09291680157184601 768.6922607421875 155.5861053466797 800.4246826171875 187.5948486328125 1.7192001 1.8174014 0.54874593 10.280806 0.4042188 40.544197 0.15541934967041016 0.5056201219558716
Car 0.0 0 0.902186930179596 530.2313232421875 170.57830810546875 617.9197998046875 209.32333374023438 3.639192 1.4358501 1.5500921 -1.3059978 1.0696775 28.079569 0.8557097911834717 0.7495699524879456
Car 0.0 0 -0.8092464804649353 0.0 207.8330841064453 290.62933349609375 370.0 4.053165 1.449375 1.5722827 -3.1396356 1.6536576 3.1971345 -1.585571050643921 0.7010596990585327
Car 0.0 0 2.1944611072540283 0.0 195.8708953857422 68.97274017333984 294.6101379394531 4.0207596 1.4725653 1.6166813 -12.261348 1.8086119 13.284917 1.4491088390350342 0.6610503792762756
