Pedestrian 0.0 0 -2.5967063903808594 223.0297393798828 159.42550659179688 323.99664306640625 302.2702941894531 1.0608903 1.7686025 0.51051325 -4.283338 1.5093515 9.057723 -3.0384345054626465 0.7880241870880127
Pedestrian 0.0 0 1.3007018566131592 837.9940795898438 168.8687286376953 872.1299438476562 239.4639892578125 0.6945884 1.7427689 0.6473845 6.257308 1.4572273 17.818161 1.6384238004684448 0.2611965835094452
Pedestrian 0.0 0 2.608509063720703 53.92888259887695 192.1521453857422 97.03411102294922 254.34898376464844 0.7692094 1.7319233 0.65089273 -15.266061 2.076738 20.343245 1.9647367000579834 0.19876350462436676
Pedestrian 0.0 0 1.6419702768325806 972.4744262695312 192.48004150390625 1068.90087890625 370.0 0.65620583 1.578876 0.58861184 3.1034029 1.6787555 5.352343 2.1674203872680664 0.16835284233093262
Pedestrian 0.0 0 -0.002908170223236084 817.8553466796875 178.94610595703125 861.3646240234375 267.7923278808594 0.8020978 1.7107453 0.6017517 4.6052427 1.6824579 14.019515 0.31447529792785645 0.16677021980285645
Pedestrian 0.0 0 -2.017068862915039 1164.9822998046875 152.70582580566406 1224.0 259.21600341796875 0.8072295 1.7473063 0.5854592 10.060456 1.292993 12.0575285 -1.3217182159423828 0.1502593755722046
Pedestrian 0.0 0 -0.3959500789642334 1115.34521484375 181.35629272460938 1224.0 370.0 0.63826585 1.6916753 0.6152636 4.2951794 1.7003073 5.3289566 0.2824432849884033 0.11598442494869232
Cyclist 0.0 0 0.26297682523727417 227.55355834960938 160.84193420410156 326.0466003417969 252.16534423828125 1.6181892 1.7023791 0.6147212 -6.335057 1.3375659 13.616932 -0.17247305810451508 0.16874246299266815
Cyclist 0.0 0 -1.4778783321380615 1169.479736328125 185.6853485107422 1224.0 370.0 1.6768326 1.6649437 0.50003815 5.6593823 1.7205049 6.5783916 -0.767435610294342 0.14590610563755035
Cyclist 0.0 0 1.8008862733840942 845.2473754882812 161.22181701660156 905.2250366210938 270.8578186035156 1.648572 1.6601186 0.5571788 4.3895636 1.3698667 11.540341 2.164353847503662 0.1260327696800232
Car 0.0 0 2.176170587539673 0.0 185.68402099609375 118.97579193115234 237.31488037109375 4.18466 1.5437938 1.6465222 -18.492582 1.7347796 23.70058 1.5135835409164429 0.2614540159702301
Car 0.0 0 -1.5217442512512207 784.5852661132812 146.03021240234375 815.4510498046875 176.39662170410156 4.226123 1.9192637 1.7989928 13.166933 -0.28821066 47.591034 -1.251827597618103 0.16196277737617493
Car 0.0 0 1.9234596490859985 477.57025146484375 138.04246520996094 580.8665161132812 205.18043518066406 4.146317 1.7614783 1.6770455 -2.1277628 0.64911956 20.761974 1.821332573890686 0.13281972706317902
Car 0.0 0 1.8857638835906982 554.0375366210938 160.50843811035156 616.9725952148438 200.22422790527344 3.938177 1.6463814 1.6571772 -0.8128337 0.81913584 31.428694 1.8599069118499756 0.1122792586684227
