Pedestrian 0.0 0 -1.137964129447937 645.0357055664062 170.5691375732422 666.82763671875 212.32345581054688 0.7175303 1.7309272 0.6773553 2.2819839 1.2787713 30.254223 -1.0626797676086426 0.6859683394432068
Pedestrian 0.0 0 -1.5942736864089966 480.9786071777344 165.71005249023438 521.4903564453125 245.48085021972656 0.76958895 1.6871669 0.85284185 -2.2276943 1.3544381 15.639899 -1.7357585430145264 0.4335039258003235
Pedestrian 0.0 0 1.4182426929473877 858.862060546875 183.7233123779297 923.5114135742188 317.152587890625 0.70472914 1.6369357 0.6675736 3.663777 1.6681666 9.241827 1.7956713438034058 0.28985756635665894
Pedestrian 0.0 0 1.2822706699371338 354.8910827636719 152.63352966308594 392.94964599609375 236.70242309570312 0.7220276 1.8537304 0.64397085 -5.2077465 1.2184414 16.316378 0.9733180999755859 0.24637500941753387
Pedestrian 0.0 0 -1.3895556926727295 669.64453125 166.5313720703125 695.6776733398438 216.83074951171875 1.0425222 1.7079269 0.7257852 2.8101044 1.2007389 24.99251 -1.277588129043579 0.2319583147764206
Pedestrian 0.0 0 -1.8742387294769287 702.2888793945312 189.02639770507812 741.4515991210938 259.7343444824219 1.1256047 1.5596522 0.57683027 2.7282739 1.7407184 16.566786 -1.7110203504562378 0.1881030797958374
Pedestrian 0.0 0 -1.4228053092956543 715.9644165039062 184.25343322753906 750.42578125 264.3116760253906 0.79726166 1.6581678 0.61740327 2.7917616 1.7201972 15.384946 -1.2432979345321655 0.1876986175775528
Pedestrian 0.0 0 -1.62086021900177 690.5192260742188 180.3525390625 715.639892578125 242.09107971191406 0.7955088 1.6915401 0.6545911 2.8071384 1.6612567 20.103825 -1.482125163078308 0.16424523293972015
Pedestrian 0.0 0 2.833984375 746.8312377929688 143.61424255371094 775.3681640625 193.7143096923828 0.9000847 1.8271776 0.5601295 5.868132 0.44650802 26.514757 3.0517892837524414 0.16045016050338745
Pedestrian 0.0 0 -3.354976177215576 793.7359008789062 186.68177795410156 870.2462158203125 318.97027587890625 0.8123259 1.6211659 0.6299936 2.8816457 1.6912496 9.178354 -3.0507607460021973 0.1581554114818573
Pedestrian 0.0 0 -1.6583040952682495 732.1753540039062 152.50955200195312 752.6615600585938 198.54147338867188 1.665554 1.7255431 0.6303265 5.4223266 0.63984525 27.786018 -1.4655803442001343 0.14586099982261658
Cyclist 0.0 0 -1.7865229845046997 730.96533203125 154.1476593017578 755.366943359375 199.4251251220703 1.8354028 1.7014912 0.5456196 5.473758 0.6746426 27.91536 -1.5928955078125 0.5024740695953369
Cyclist 0.0 0 0.3428010940551758 497.6081848144531 169.27804565429688 551.798583984375 220.78550720214844 1.6536381 1.6318072 0.5483299 -2.503191 1.2457067 23.21439 0.23538684844970703 0.2800956666469574
Cyclist 0.0 0 -3.0815348625183105 702.5211181640625 178.37689208984375 788.9013671875 252.7019500732422 1.9019585 1.6419902 0.7608724 3.2815824 1.5742145 16.476233 -2.884936809539795 0.21810831129550934
Cyclist 0.0 0 -2.2836050987243652 747.3656005859375 146.1860809326172 799.5414428710938 200.69349670410156 1.9005319 1.762574 0.6126201 5.748192 0.6217443 24.21013 -2.050492286682129 0.21744021773338318
Cyclist 0.0 0 -1.4623658657073975 671.1749877929688 164.3044891357422 693.9351196289062 214.36895751953125 1.4143686 1.7028005 0.64639175 2.8317037 1.1190188 25.190237 -1.3504230976104736 0.19949045777320862
Cyclist 0.0 0 1.6662418842315674 209.74154663085938 202.54441833496094 341.06817626953125 374.0 1.5484943 1.5743108 0.6351144 -2.1123562 1.7380341 4.7031164 1.2441036701202393 0.17881189286708832
Cyclist 0.0 0 -1.222090482711792 644.7061157226562 171.18057250976562 666.8929443359375 213.7783966064453 0.9928934 1.756531 0.6300475 2.2749813 1.3319938 30.200174 -1.1469024419784546 0.1279960721731186
Car 0.0 0 -0.13205066323280334 450.420654296875 176.95233154296875 532.9246826171875 207.31979370117188 4.155862 1.5577712 1.6717522 -5.858852 1.3253517 38.230927 -0.28411659598350525 0.4459041655063629
Car 0.0 0 2.6596078872680664 585.2682495117188 154.9161376953125 657.9356079101562 183.478271484375 4.138489 1.6841452 1.6936125 1.2476567 0.11741717 44.02149 2.6879422664642334 0.1603650152683258
