Pedestrian 0.0 0 2.025782585144043 1103.2738037109375 141.29518127441406 1213.83935546875 308.1850280761719 0.88222456 1.7751052 0.68150234 6.1547947 1.4397913 8.175504 2.6710946559906006 0.4849798381328583
Pedestrian 0.0 0 0.029174426570534706 605.4099731445312 172.2021026611328 615.9008178710938 196.4365692138672 0.7931347 1.8572319 0.5432506 0.02646889 1.8076313 55.576286 0.02965068817138672 0.20182478427886963
Pedestrian 0.0 0 2.425290584564209 826.112548828125 147.44601440429688 848.744873046875 189.04867553710938 0.749271 1.9724708 0.71941876 10.892586 0.76818186 34.686535 2.7295680046081543 0.15098664164543152
Pedestrian 0.0 0 3.169665813446045 192.08082580566406 184.15228271484375 205.25619506835938 209.57723999023438 0.8224393 1.8287451 0.5113556 -30.061153 2.6607192 52.68725 2.6511759757995605 0.14249058067798615
Cyclist 0.0 0 -1.009333848953247 1091.4307861328125 142.76568603515625 1231.144287109375 310.3683776855469 1.3728384 1.7788162 0.6304977 6.20181 1.4598383 8.19272 -0.3613739013671875 0.17487291991710663
Car 0.0 0 1.507216215133667 530.6433715820312 173.55393981933594 551.129150390625 190.9080352783203 4.2349725 1.5689635 1.6405338 -6.524758 1.6370842 67.63079 1.4110376834869385 0.1910686045885086
Car 0.0 0 1.8644856214523315 299.98748779296875 177.9751434326172 347.499267578125 205.86062622070312 3.8100026 1.5626535 1.6054032 -17.076174 1.8830116 43.118034 1.4874035120010376 0.1869587004184723
Car 0.0 0 1.508751392364502 302.81610107421875 177.35592651367188 326.6300048828125 196.3850555419922 3.9869013 1.5123812 1.5996839 -24.8063 1.9036034 60.499607 1.119633436203003 0.17271986603736877
Car 0.0 0 -0.6093000769615173 415.4130554199219 176.37005615234375 467.37432861328125 196.40951538085938 3.9751918 1.5855039 1.6359501 -13.969013 1.8872466 59.82035 -0.83870530128479 0.13732104003429413
Car 0.0 0 1.0551620721817017 813.4642944335938 180.30552673339844 857.3428955078125 201.16403198242188 3.8393896 1.5233942 1.5676163 17.478668 2.125226 56.19616 1.3567067384719849 0.12617269158363342
Car 0.0 0 1.6634407043457031 35.80845642089844 175.9796905517578 78.25365447998047 204.35879516601562 4.0791254 1.5949016 1.6468964 -33.07137 1.7917473 43.189625 1.0099513530731201 0.12103188782930374
