Pedestrian 0.0 0 1.5710530281066895 802.8233642578125 182.06365966796875 827.2626953125 243.09153747558594 0.77297056 1.7408489 0.6780459 5.9711685 2.0175502 21.18354 1.8458021879196167 0.3126832842826843
Pedestrian 0.0 0 -0.9953805804252625 0.0 156.6630859375 37.61237716674805 228.18955993652344 0.75705934 1.8874578 0.6473372 -16.085651 1.4605663 19.45069 -1.686367392539978 0.24078476428985596
Pedestrian 0.0 0 -1.2547060251235962 815.4653930664062 160.49075317382812 830.4678344726562 194.48739624023438 0.6209304 1.8938869 0.64990443 11.959522 1.2055117 40.63265 -0.968456506729126 0.21993935108184814
Pedestrian 0.0 0 -2.7097511291503906 959.3809204101562 149.67266845703125 1009.6713256835938 215.3182830810547 1.0569781 1.7144741 0.5794919 10.034056 1.1094027 19.436659 -2.2331929206848145 0.21677668392658234
Cyclist 0.0 0 -2.2283995151519775 1038.19873046875 111.59294128417969 1154.7633056640625 234.1259307861328 1.7568122 1.7858747 0.56408656 7.572609 0.89337444 11.409754 -1.642456293106079 0.22055411338806152
Cyclist 0.0 0 -2.7097511291503906 959.3809204101562 149.67266845703125 1009.6713256835938 215.3182830810547 1.0569781 1.7144741 0.5794919 10.034056 1.1094027 19.436659 -2.2331929206848145 0.13640138506889343
Cyclist 0.0 0 1.4077831506729126 799.5731201171875 183.03121948242188 829.6011962890625 244.7383270263672 1.0274171 1.7484694 0.6872406 5.94548 2.055225 21.171484 1.6815565824508667 0.10434159636497498
Car 0.0 0 -1.7019646167755127 689.7299194335938 186.86456298828125 769.1734008789062 251.99996948242188 3.59664 1.5108464 1.6168412 3.0531223 1.9219899 19.334208 -1.5453449487686157 0.940274715423584
Car 0.0 0 -1.6933733224868774 669.69091796875 187.71389770507812 730.1871948242188 238.36155700683594 3.6423998 1.5209713 1.5914047 2.9405804 2.0647454 24.559496 -1.5742076635360718 0.8745532631874084
Car 0.0 0 1.606745719909668 527.8924560546875 181.393310546875 561.334228515625 212.8605194091797 3.8042786 1.4792738 1.5698586 -3.3376136 1.9395015 36.912567 1.5165715217590332 0.531419038772583
Car 0.0 0 -1.6992648839950562 643.1337280273438 181.317138671875 679.4574584960938 209.12306213378906 4.100757 1.5308806 1.642372 2.9799664 2.0613034 43.093296 -1.630223274230957 0.5279468297958374
Car 0.0 0 2.5009944438934326 0.0 196.17575073242188 211.9282989501953 375.0 3.8414576 1.4840034 1.5635984 -3.0071006 1.6150172 2.0946486 1.53861665725708 0.461920827627182
Car 0.0 0 1.5959669351577759 544.1906127929688 178.45513916015625 568.95947265625 203.05381774902344 3.7962675 1.5866566 1.596735 -3.65099 1.985174 49.353474 1.5221251249313354 0.19913047552108765
