Car 0.0 0 -1.823182225227356 715.6598510742188 176.5937042236328 872.263671875 284.0322570800781 3.4351203 1.4466491 1.5671076 2.712757 1.5159663 11.567837 -1.5928360223770142 0.9274699687957764
Car 0.0 0 -1.6978206634521484 661.1726684570312 176.9856719970703 718.8517456054688 222.4249267578125 3.4474745 1.4627895 1.5685772 2.691152 1.6178924 25.281343 -1.5917718410491943 0.9145856499671936
Car 0.0 0 0.6316255331039429 0.0 179.2171173095703 354.1327209472656 297.1139221191406 4.317194 1.4998467 1.6454983 -6.154165 1.6001225 10.306957 0.09334969520568848 0.8608077168464661
Car 0.0 0 3.4235589504241943 311.7581787109375 178.2046356201172 472.1272888183594 232.23861694335938 4.1192355 1.4765215 1.6145843 -6.213307 1.6365695 20.704603 3.132016897201538 0.7918968796730042
Car 0.0 0 0.5057728290557861 138.60166931152344 184.85609436035156 390.28485107421875 274.3868408203125 3.7801006 1.4594159 1.5535146 -6.1134205 1.6891534 12.892799 0.06299924850463867 0.7852672338485718
Car 0.0 0 -0.11930155754089355 709.5204467773438 172.2643280029297 813.0880737304688 211.4544219970703 4.1020613 1.5992703 1.6783015 6.2721996 1.5755646 30.44973 0.08384251594543457 0.7640262842178345
Car 0.0 0 3.514310121536255 169.68687438964844 150.7464599609375 384.6423645019531 229.60203552246094 3.8062859 1.5728134 1.6448101 -6.978114 1.1322256 15.3141575 3.0867557525634766 0.7640187740325928
Car 0.0 0 -2.407015323638916 912.651611328125 214.2813262939453 1242.0 375.0 4.249642 1.4550692 1.615001 2.7740333 1.7283804 2.6103878 -1.5912339687347412 0.6957863569259644
Car 0.0 0 0.2753528952598572 356.3663330078125 176.54415893554688 494.90496826171875 226.4906005859375 3.9616146 1.5139613 1.6210145 -5.8143687 1.6356456 22.85795 0.026265859603881836 0.6936390995979309
Car 0.0 0 0.3098730444908142 388.68121337890625 171.10772705078125 508.7408752441406 213.5714874267578 4.198919 1.5731742 1.6657165 -6.1927176 1.5088377 27.747162 0.09028792381286621 0.652524471282959
Car 0.0 0 3.7544498443603516 0.0 165.77711486816406 203.26168823242188 375.0 3.8983588 1.4906267 1.6138824 -5.5043254 1.4495224 5.3752832 2.957191228866577 0.6470712423324585
