Pedestrian 0.0 0 3.485658645629883 166.47885131835938 162.05682373046875 223.16159057617188 259.4087829589844 0.7726 1.7806059 0.5825947 -7.836144 1.5834792 13.550292 2.9613473415374756 0.3045547604560852
Pedestrian 0.0 0 3.7477669715881348 39.989261627197266 82.82058715820312 159.34169006347656 288.0195007324219 0.6773453 1.7989484 0.59502363 -4.7183237 1.0099968 6.624663 3.128875970840454 0.2030012607574463
Pedestrian 0.0 0 -3.0876216888427734 667.9564819335938 160.54165649414062 683.5718994140625 189.34779357910156 0.9801114 1.8498262 0.5074929 4.223048 1.0595294 46.65336 -2.9973480701446533 0.20085065066814423
Pedestrian 0.0 0 -0.2560163736343384 473.4468994140625 187.74334716796875 503.3274841308594 218.09054565429688 1.7064948 1.8223922 0.6785856 -7.5551744 2.7574837 44.634407 -0.4236949384212494 0.11773225665092468
Cyclist 0.0 0 -0.2560163736343384 473.4468994140625 187.74334716796875 503.3274841308594 218.09054565429688 1.7064948 1.8223922 0.6785856 -7.5551744 2.7574837 44.634407 -0.4236949384212494 0.30074623227119446
Car 0.0 0 1.9087358713150024 127.61292266845703 198.4813690185547 401.1599426269531 375.0 4.1136775 1.4730191 1.5984932 -3.825556 1.8576815 8.705691 1.494705319404602 0.9171894192695618
Car 0.0 0 1.8025494813919067 352.27850341796875 172.71511840820312 484.0711975097656 279.0139465332031 4.0739245 1.865346 1.6781803 -3.7753239 1.8632666 14.711788 1.5513509511947632 0.9001686573028564
Car 0.0 0 1.723564863204956 507.6785888671875 181.1619415283203 559.3927001953125 218.61062622070312 4.1391177 1.4889276 1.6494343 -3.3303127 1.8788848 31.726667 1.6189789772033691 0.7870370745658875
Car 0.0 0 -2.695352792739868 334.6212158203125 180.63912963867188 455.52337646484375 224.53652954101562 4.0839224 1.573168 1.6609904 -8.163118 1.8814609 27.39818 -2.984922170639038 0.4005844295024872
Car 0.0 0 -0.10799417644739151 656.5823364257812 182.2274169921875 739.53466796875 214.47158813476562 3.787782 1.4854897 1.5793054 4.127925 1.9448609 34.520203 0.011020660400390625 0.3440225124359131
Car 0.0 0 1.635977029800415 471.0896911621094 190.23745727539062 509.18975830078125 223.1098175048828 4.3427277 1.5620031 1.7479295 -6.440241 2.5539024 38.906273 1.4719324111938477 0.2395855188369751
Car 0.0 0 -1.3892464637756348 922.39404296875 37.717350006103516 1242.0 333.7170715332031 4.1601276 1.5917826 1.674161 4.218698 0.86542296 5.9269857 -0.7706594467163086 0.20998044312000275
Car 0.0 0 -1.2431961297988892 649.978759765625 166.01251220703125 681.2587280273438 184.0733184814453 4.1559305 1.636848 1.6763623 5.229107 1.0171616 67.63027 -1.1660306453704834 0.19381092488765717
