Pedestrian 0.0 0 -0.9759728908538818 227.78163146972656 183.28330993652344 258.90325927734375 235.58404541015625 0.63232833 1.5794547 0.6073152 -11.362697 1.906945 22.278402 -1.4476138353347778 0.2981480658054352
Pedestrian 0.0 0 -1.7543950080871582 245.01133728027344 162.37452697753906 264.0102233886719 200.31356811523438 0.6216818 1.8350891 0.7337846 -17.464346 1.3285613 35.366287 -2.213081121444702 0.15577396750450134
Pedestrian 0.0 0 3.162440776824951 484.7032470703125 181.55479431152344 494.0978088378906 202.66758728027344 0.78168815 1.7881501 0.55843896 -10.335636 2.5367541 61.715008 2.996507167816162 0.1224822849035263
Pedestrian 0.0 0 -2.837820291519165 415.95703125 180.97705078125 427.6364440917969 210.0574493408203 0.48536965 1.6649454 0.64434075 -10.942583 2.1399777 41.827282 -3.0936992168426514 0.1213654950261116
Pedestrian 0.0 0 2.13955020904541 9.735877990722656 170.99696350097656 43.46076202392578 221.2758331298828 0.76763463 1.8311653 0.66169286 -21.619648 1.7638905 26.694174 1.458801031112671 0.10233568400144577
Cyclist 0.0 0 -0.6920543909072876 929.065185546875 209.29275512695312 1006.5611572265625 286.8384704589844 1.6512841 1.831871 0.74087507 8.92574 2.7749672 18.112843 -0.2341952621936798 0.15620321035385132
Cyclist 0.0 0 3.076559543609619 574.6157836914062 150.97877502441406 627.9635620117188 217.302734375 1.4482267 1.8121299 0.5372363 -0.29728907 1.2148043 20.03693 3.061723470687866 0.10108022391796112
Car 0.0 0 1.6228388547897339 205.05795288085938 186.21969604492188 234.64486694335938 210.20265197753906 3.8246262 1.5176598 1.6098053 -27.04563 2.4833918 50.039658 1.127331018447876 0.2131594717502594
Car 0.0 0 -1.841779351234436 382.7682189941406 178.8878631591797 427.8551025390625 206.65328979492188 3.8212352 1.5405403 1.6130375 -12.2629385 1.917434 42.973186 -2.119753837585449 0.1986352503299713
Car 0.0 0 -2.4873099327087402 305.74163818359375 167.25997924804688 369.30792236328125 189.7914581298828 4.0058727 1.5333706 1.6092236 -19.073015 1.1530291 50.44976 -2.8487601280212402 0.14002135396003723
Car 0.0 0 -1.7094053030014038 562.9244384765625 157.9462890625 634.2667846679688 213.7361602783203 3.5742009 1.4688567 1.5636675 -0.45824477 1.0767192 20.883278 -1.7313449382781982 0.11877493560314178
Car 0.0 0 2.186427116394043 123.66571807861328 181.53045654296875 234.61209106445312 227.5943145751953 3.9599562 1.5568084 1.590423 -16.13291 1.9086264 27.187586 1.6508803367614746 0.10606199502944946
