Cyclist 0.0 0 -2.0817086696624756 766.2678833007812 149.7861328125 805.8216552734375 205.2955780029297 1.7614418 1.7318099 0.43720892 5.6464634 1.0124859 23.415138 -1.8450806140899658 0.5284031629562378
Cyclist 0.0 0 2.055257797241211 141.94464111328125 130.50003051757812 229.73733520507812 240.15492248535156 1.7944494 1.7416103 0.52261275 -7.267853 1.0692749 12.365672 1.5238984823226929 0.3605317771434784
Car 0.0 0 -1.8704971075057983 732.9838256835938 187.09323120117188 937.8951416015625 323.05987548828125 4.1495233 1.533868 1.6371459 2.9904127 1.7862402 10.671739 -1.597286343574524 0.9242640137672424
Car 0.0 0 1.8790056705474854 294.14544677734375 185.13058471679688 452.97845458984375 291.9249267578125 4.060552 1.6262196 1.630233 -4.248041 1.8906434 13.484606 1.573818564414978 0.9042925834655762
Car 0.0 0 2.0442090034484863 1.0300445556640625 187.93463134765625 338.4744567871094 375.0 3.7103972 1.6564498 1.5693368 -4.470455 1.8625277 7.955967 1.5322757959365845 0.9017130136489868
Car 0.0 0 -1.7912167310714722 698.4598999023438 182.42295837402344 808.9789428710938 259.8536682128906 4.078585 1.5116475 1.6054499 3.1155674 1.7604028 16.660849 -1.60635244846344 0.8846920728683472
Car 0.0 0 1.462863802909851 652.7085571289062 181.31341552734375 700.4483642578125 219.87222290039062 4.056598 1.5247357 1.630578 2.7968397 1.918039 31.469467 1.5515055656433105 0.6137440204620361
Car 0.0 0 -2.442751407623291 0.0 0.0 1242.0 375.0 3.7736359 1.5060476 1.5793878 2.7854247 1.4870142 1.6538665 -1.4077717065811157 0.5952399373054504
Car 0.0 0 -1.8600648641586304 496.11029052734375 184.77757263183594 535.766845703125 209.15289306640625 3.8175967 1.4919415 1.6013163 -6.3602037 2.3239567 48.254375 -1.9911152124404907 0.58564293384552
Car 0.0 0 -1.5517548322677612 624.6243896484375 179.25477600097656 650.727783203125 204.96334838867188 3.8159058 1.5435065 1.6014303 1.7757337 1.9713848 46.23949 -1.5133707523345947 0.3607310354709625
