Car 0.0 0 -1.7993196249008179 705.8892822265625 187.15785217285156 834.5822143554688 271.5068054199219 4.255708 1.4077412 1.6155277 3.0743082 1.7464099 14.915291 -1.5960484743118286 0.910104513168335
Car 0.0 0 3.6601638793945312 2.084681272506714 181.00379943847656 328.57513427734375 290.3203430175781 3.7462072 1.4390174 1.5709165 -6.307501 1.5668303 10.450368 3.1171255111694336 0.8510087728500366
Car 0.0 0 -1.6510711908340454 659.586181640625 177.7745819091797 702.412841796875 215.70753479003906 4.4532795 1.66286 1.6674646 3.2845871 1.9134159 34.4467 -1.556005835533142 0.8242232799530029
Car 0.0 0 0.7051250338554382 0.0 185.11965942382812 314.879638671875 344.86431884765625 4.2360864 1.4973195 1.6549437 -5.733485 1.6488419 7.9009256 0.07737612724304199 0.8150870203971863
Car 0.0 0 -2.2041168212890625 842.7449951171875 194.69480895996094 1242.0 375.0 4.0462165 1.4331846 1.5665125 2.6931722 1.6138264 3.907559 -1.6006616353988647 0.8058751821517944
Car 0.0 0 0.2458193302154541 396.69219970703125 174.7931671142578 505.096923828125 212.94863891601562 3.9898117 1.4852446 1.605223 -6.3886304 1.5659474 29.031935 0.029216289520263672 0.571000337600708
Car 0.0 0 3.611086368560791 88.52965545654297 163.6097412109375 367.8396911621094 257.7933044433594 4.117698 1.5755955 1.6659822 -6.72609 1.421306 12.922251 3.1311700344085693 0.5223435163497925
Car 0.0 0 0.1367543786764145 461.78460693359375 166.22364807128906 548.3549194335938 198.12518310546875 4.6770372 1.7756999 1.789243 -5.953245 1.4069993 41.070824 -0.007193777710199356 0.4388766884803772
Car 0.0 0 -2.2690210342407227 689.3243408203125 186.30824279785156 843.4573364257812 252.82518005371094 4.1396174 1.4572333 1.6515917 3.8991177 1.8515961 18.913662 -2.065715789794922 0.43662822246551514
Car 0.0 0 3.8055505752563477 0.0 140.0657958984375 85.398681640625 198.0046844482422 4.251468 1.5632586 1.6410812 -17.627157 0.6789528 20.388702 3.0926668643951416 0.43648862838745117
Car 0.0 0 0.2138265073299408 421.1756286621094 178.3134002685547 526.843017578125 215.1334991455078 4.266898 1.5461118 1.7009308 -5.915503 1.7915275 31.475155 0.02805161476135254 0.4339033365249634
