Pedestrian 0.0 0 -0.6531178951263428 104.73291778564453 173.2960968017578 150.9868621826172 246.8851318359375 0.62313807 1.6326143 0.6247244 -11.007472 1.6432679 16.405056 -1.2441010475158691 0.3186972439289093
Pedestrian 0.0 0 2.860805034637451 199.93833923339844 166.25372314453125 259.2099304199219 285.2457275390625 0.6255092 1.6647424 0.58468086 -5.600845 1.5727596 10.519428 2.3715522289276123 0.3012094795703888
Pedestrian 0.0 0 1.5258221626281738 697.083740234375 168.28057861328125 725.2232666015625 244.3422393798828 0.44527036 1.6094148 0.5780389 2.1198921 1.513002 15.512456 1.6616382598876953 0.294199675321579
Pedestrian 0.0 0 -0.08000263571739197 315.67242431640625 165.7677764892578 349.8182373046875 241.50132751464844 0.71016026 1.7515358 0.57605195 -6.6231017 1.5880067 17.098412 -0.4495581388473511 0.2872323989868164
Pedestrian 0.0 0 -1.0641748905181885 0.0 145.17230224609375 34.64096450805664 220.05360412597656 0.7355544 1.8581774 0.5876163 -15.2097025 1.1716149 18.318033 -1.757128119468689 0.21048827469348907
Pedestrian 0.0 0 -0.452053040266037 207.9728546142578 167.58412170410156 237.63088989257812 224.90029907226562 0.5902719 1.6848 0.57600725 -11.645667 1.5302508 21.614569 -0.9462473392486572 0.20819394290447235
Pedestrian 0.0 0 -1.4890732765197754 685.4962768554688 168.06924438476562 699.739990234375 203.94126892089844 0.7706455 1.7693671 0.64694613 4.0908184 1.5337198 36.02734 -1.3760099411010742 0.17450426518917084
Pedestrian 0.0 0 -3.0949223041534424 783.5597534179688 168.1902313232422 835.092529296875 305.5797424316406 0.55954796 1.5447388 0.6315778 2.3008509 1.4926594 8.49614 -2.8304543495178223 0.17023533582687378
Cyclist 0.0 0 1.5053797960281372 663.8784790039062 168.73501586914062 678.8370361328125 206.23672485351562 1.6508185 1.7192453 0.5905587 2.8357928 1.5307704 33.90633 1.5888216495513916 0.3039940595626831
Car 0.0 0 -1.5611121654510498 577.9779663085938 168.83090209960938 609.3792724609375 198.42543029785156 3.1121178 1.5542744 1.6493123 -0.91489315 1.3433439 39.458736 -1.584294080734253 0.6183213591575623
Car 0.0 0 -1.5860227346420288 541.26611328125 167.70022583007812 566.8287963867188 192.00929260253906 3.8002276 1.5516608 1.6298103 -3.785887 1.2230511 48.02156 -1.664697289466858 0.5168231129646301
Car 0.0 0 1.2294859886169434 153.14666748046875 180.3345947265625 218.17733764648438 213.84591674804688 3.70422 1.5215751 1.5948699 -20.862305 1.9072398 35.36198 0.6964783668518066 0.38280975818634033
Car 0.0 0 2.0430078506469727 188.91973876953125 184.40284729003906 284.8980407714844 228.86900329589844 3.7885108 1.4481056 1.5600034 -13.557714 1.9010371 26.37645 1.5682164430618286 0.17236144840717316
