Pedestrian 0.0 0 1.5119450092315674 1103.2642822265625 158.5898895263672 1127.0487060546875 209.66481018066406 0.65865105 1.8853569 0.6929449 18.91962 1.3591754 27.093718 2.1215310096740723 0.42175236344337463
Pedestrian 0.0 0 1.4944078922271729 873.2786254882812 129.46897888183594 905.1721801757812 210.0275115966797 0.86950636 1.8620871 0.64094424 6.5902987 0.859613 17.183596 1.8606294393539429 0.38772302865982056
Pedestrian 0.0 0 2.5171167850494385 825.6553344726562 160.59408569335938 868.7372436523438 231.2349395751953 0.84511197 1.7292975 0.58007264 5.886499 1.4295311 18.065542 2.8321094512939453 0.20219498872756958
Pedestrian 0.0 0 -0.40959984064102173 1037.3670654296875 124.56919860839844 1125.4981689453125 262.8293762207031 0.81735724 1.8007777 0.6219613 6.30751 1.1722472 9.768407 0.16375017166137695 0.15498508512973785
Pedestrian 0.0 0 1.066529393196106 1116.1163330078125 105.36058807373047 1220.8212890625 251.7838134765625 1.0335398 1.8110121 0.6681177 7.2463994 0.9765885 9.481931 1.719077229499817 0.14783495664596558
Pedestrian 0.0 0 -0.4840013384819031 1123.333740234375 172.27284240722656 1160.293212890625 203.99945068359375 1.6127304 1.775755 0.5450021 30.008636 1.7435857 40.77243 0.1504814624786377 0.12198415398597717
Cyclist 0.0 0 1.4328203201293945 645.590087890625 173.2984161376953 660.5729370117188 206.37937927246094 1.8158115 1.7537209 0.56520027 2.2956748 1.7787962 39.200516 1.4913158416748047 0.6943157315254211
Cyclist 0.0 0 -1.7167036533355713 1220.7584228515625 147.3811492919922 1242.0 212.9696502685547 1.5568078 1.6600975 0.45137548 16.49875 1.0157173 19.037493 -1.0026252269744873 0.2649524211883545
Cyclist 0.0 0 -0.4840013384819031 1123.333740234375 172.27284240722656 1160.293212890625 203.99945068359375 1.6127304 1.775755 0.5450021 30.008636 1.7435857 40.77243 0.1504814624786377 0.21133606135845184
Car 0.0 0 -1.5781159400939941 580.1622924804688 179.73941040039062 605.8290405273438 204.4503631591797 4.0073304 1.521075 1.6206785 -1.169405 1.9947641 47.57023 -1.6026936769485474 0.7141477465629578
Car 0.0 0 1.482858657836914 654.06884765625 168.00184631347656 676.8423461914062 187.23243713378906 3.6902344 1.5653061 1.5833992 4.604625 1.1707137 60.582508 1.5587186813354492 0.2827845513820648
Car 0.0 0 1.1594853401184082 654.1744384765625 180.45257568359375 691.4658813476562 202.637939453125 3.5528708 1.6035749 1.5576671 4.761093 2.2077992 55.40639 1.2452051639556885 0.21083888411521912
Car 0.0 0 -2.971468210220337 853.9243774414062 180.4074249267578 909.7418823242188 202.08456420898438 3.5249085 1.4716195 1.5626929 19.417994 2.0289457 51.63659 -2.611776351928711 0.1639540046453476
