Pedestrian 0.0 0 -1.5894873142242432 493.6739807128906 149.18243408203125 558.3565673828125 318.6977844238281 0.8480687 1.7088767 0.65245557 -0.90862095 1.3948593 7.5875983 -1.7086706161499023 0.7909308075904846
Pedestrian 0.0 0 -1.957001805305481 837.2162475585938 169.34425354003906 872.2221069335938 238.68032836914062 0.72156465 1.7089524 0.60177094 6.2414994 1.4355897 17.797 -1.6196990013122559 0.2744792103767395
Pedestrian 0.0 0 -0.05311715602874756 819.744140625 183.47349548339844 863.7283935546875 272.1757507324219 0.7917401 1.7038476 0.6216375 4.636908 1.7661026 14.007608 0.266556978225708 0.1516209989786148
Pedestrian 0.0 0 0.5012750029563904 1160.5914306640625 149.67559814453125 1224.0 256.22186279296875 0.7896392 1.742044 0.60843277 10.044525 1.2397134 12.034029 1.1968055963516235 0.14309151470661163
Pedestrian 0.0 0 0.23973941802978516 440.70977783203125 145.06333923339844 506.10546875 233.4996795654297 1.2635076 1.8289642 0.55421096 -2.8091285 1.0977174 14.928245 0.053739070892333984 0.1379247009754181
Pedestrian 0.0 0 1.8671464920043945 519.5831909179688 157.2027130126953 568.0574951171875 259.29486083984375 0.8934944 1.7958194 0.6541038 -1.1507946 1.3876598 12.936712 1.7784242630004883 0.13283434510231018
Pedestrian 0.0 0 3.472724437713623 52.96527099609375 191.93898010253906 95.4085464477539 255.81509399414062 0.8104808 1.7848029 0.6503854 -15.295584 2.122562 20.340956 2.827970027923584 0.1320713460445404
Pedestrian 0.0 0 -0.790169358253479 966.7205200195312 187.05886840820312 1113.9410400390625 370.0 0.7301671 1.6274673 0.6162803 3.228059 1.6825455 5.360149 -0.24810943007469177 0.11208141595125198
Pedestrian 0.0 0 -2.603616952896118 227.8150177001953 160.0419464111328 321.7345886230469 254.585205078125 1.5690477 1.7768602 0.57711947 -6.405498 1.3940046 13.648223 -3.0424275398254395 0.10708155483007431
Cyclist 0.0 0 0.21262872219085693 0.0 174.58937072753906 89.84927368164062 261.7437744140625 1.6314394 1.6796511 0.67647696 -11.520223 1.5673736 14.289981 -0.4658660292625427 0.1916622519493103
Cyclist 0.0 0 2.4841434955596924 628.7184448242188 166.08285522460938 724.1431274414062 269.84478759765625 1.7250433 1.8120129 0.64182127 1.2901504 1.5618886 13.071879 2.582521438598633 0.1566140055656433
Cyclist 0.0 0 -3.2757699489593506 699.1826171875 150.6925506591797 767.5493774414062 220.5078125 1.6425939 1.7426109 0.6093291 3.212165 1.0002027 17.982548 -3.0990073680877686 0.13733169436454773
Cyclist 0.0 0 -2.603616952896118 227.8150177001953 160.0419464111328 321.7345886230469 254.585205078125 1.5690477 1.7768602 0.57711947 -6.405498 1.3940046 13.648223 -3.0424275398254395 0.12998399138450623
Cyclist 0.0 0 1.3344841003417969 839.44873046875 145.40428161621094 896.0653686523438 249.8787078857422 1.6389786 1.7271779 0.56293434 4.5803337 1.1486243 12.530218 1.6849380731582642 0.10792582482099533
Car 0.0 0 0.009728234261274338 500.87542724609375 150.5390167236328 659.4705810546875 215.9092559814453 3.950077 1.6241667 1.650528 -0.67239857 0.88136214 18.439865 -0.026720013469457626 0.13494814932346344
Car 0.0 0 2.308797597885132 1151.73486328125 160.70216369628906 1224.0 224.2700653076172 3.9075024 1.5118899 1.6076214 16.224873 1.0426239 17.794073 3.0481011867523193 0.1255590319633484
Car 0.0 0 1.8595490455627441 555.224853515625 161.78485107421875 615.7408447265625 200.58372497558594 3.9217527 1.6094218 1.639588 -0.815443 0.8345818 31.430763 1.8336107730865479 0.11417093127965927
