Pedestrian 0.0 0 1.448179841041565 1100.157958984375 169.5535430908203 1157.5443115234375 287.65533447265625 0.6387681 1.6581405 0.6051789 7.5199137 1.6121601 10.552549 2.0673227310180664 0.31213244795799255
Pedestrian 0.0 0 2.3020312786102295 977.489013671875 174.7392120361328 1048.964599609375 285.1241149902344 0.7789467 1.6814927 0.6297431 6.326772 1.7128274 11.428092 2.8076462745666504 0.24657192826271057
Pedestrian 0.0 0 -1.4539175033569336 816.419921875 153.09854125976562 876.6575927734375 283.84857177734375 1.3225988 1.8002707 0.70200264 3.4675274 1.5286195 10.679417 -1.1399636268615723 0.2165849208831787
Pedestrian 0.0 0 -0.6464211940765381 932.79248046875 132.76539611816406 1017.9318237304688 265.326171875 0.884223 1.7827014 0.5888725 5.0347257 1.2439404 10.070529 -0.18281640112400055 0.20556604862213135
Pedestrian 0.0 0 -2.8203301429748535 661.1375122070312 151.00247192382812 678.9070434570312 195.3051300048828 0.58893037 1.9118953 0.6865625 2.5880578 0.96924376 31.566729 -2.7385263442993164 0.2005969136953354
Pedestrian 0.0 0 -1.2518173456192017 277.9705810546875 149.21194458007812 327.7770690917969 239.40025329589844 1.4168674 1.8298073 0.56271714 -6.5670977 1.3504976 15.366088 -1.6556987762451172 0.19374489784240723
Pedestrian 0.0 0 2.4019980430603027 889.7432861328125 127.72268676757812 984.2024536132812 255.75851440429688 1.13939 1.8106314 0.6439039 4.781737 1.1727604 10.6852455 2.8227779865264893 0.17777509987354279
Pedestrian 0.0 0 2.1422460079193115 51.49549102783203 179.22975158691406 114.87046813964844 270.19952392578125 0.79646677 1.832147 0.7548185 -10.992374 1.968864 15.008473 1.5100971460342407 0.17719261348247528
Pedestrian 0.0 0 -2.215134859085083 935.8204956054688 145.6280975341797 987.4860229492188 216.0105743408203 1.2148091 1.7142845 0.5513449 8.813317 1.0515097 18.220655 -1.7646126747131348 0.16958335041999817
Cyclist 0.0 0 -1.2478114366531372 811.6618041992188 163.7706298828125 891.4046630859375 290.3570251464844 1.667864 1.7389129 0.635716 3.5781138 1.6144929 10.76677 -0.9269647598266602 0.281406432390213
Cyclist 0.0 0 -1.2518173456192017 277.9705810546875 149.21194458007812 327.7770690917969 239.40025329589844 1.4168674 1.8298073 0.56271714 -6.5670977 1.3504976 15.366088 -1.6556987762451172 0.2577914297580719
Cyclist 0.0 0 2.152578830718994 0.0 162.63824462890625 99.82289123535156 293.5052795410156 1.7852256 1.6828865 0.55522263 -8.102416 1.5518746 10.189829 1.4808038473129272 0.22231659293174744
Cyclist 0.0 0 -2.0795812606811523 622.3898315429688 159.12274169921875 645.003173828125 192.9105224609375 1.650178 1.758562 0.45399788 1.2145792 1.0442455 38.3885 -2.047952651977539 0.18836519122123718
Cyclist 0.0 0 -2.215134859085083 935.8204956054688 145.6280975341797 987.4860229492188 216.0105743408203 1.2148091 1.7142845 0.5513449 8.813317 1.0515097 18.220655 -1.7646126747131348 0.10545217245817184
Car 0.0 0 1.7911062240600586 275.660400390625 191.7880096435547 423.5084533691406 289.0137634277344 4.4393206 1.4255933 1.6818068 -4.7880335 1.8478577 13.774222 1.4565637111663818 0.8981473445892334
Car 0.0 0 -1.5736125707626343 414.5427551269531 178.2171173095703 444.68792724609375 207.23330688476562 3.9203863 1.6184758 1.6713831 -10.820307 1.955066 43.12739 -1.8194303512573242 0.7235261797904968
Car 0.0 0 -2.1021761894226074 523.2228393554688 159.00750732421875 595.2490844726562 201.9195556640625 4.919221 2.3203182 1.8990949 -3.0338073 1.5719755 41.57545 -2.175018310546875 0.36188578605651855
Car 0.0 0 2.6474063396453857 674.2762451171875 170.3084716796875 810.5855102539062 226.1907501220703 3.953114 1.6690826 1.655502 4.1500754 1.5934116 22.947865 2.8263206481933594 0.20032383501529694
