Pedestrian 0.0 0 -2.540600538253784 589.050537109375 157.5724334716797 630.8133544921875 229.3545379638672 0.81814384 1.7545841 0.6641108 -0.0492063 1.381412 18.138725 -2.5433132648468018 0.6441888809204102
Pedestrian 0.0 0 -0.4189608097076416 707.6813354492188 167.21958923339844 746.6077880859375 238.68284606933594 0.7767897 1.7240982 0.5822063 2.8342516 1.5885226 17.786278 -0.2609389126300812 0.20401866734027863
Pedestrian 0.0 0 2.0367558002471924 292.164306640625 136.3201446533203 338.6612548828125 219.08517456054688 0.81452954 1.8590875 0.70301044 -6.8312907 1.0388137 16.63749 1.6471481323242188 0.19381512701511383
Pedestrian 0.0 0 -1.6296312808990479 679.1693115234375 161.34255981445312 694.97900390625 205.96498107910156 1.1005186 1.7492831 0.56234187 3.0331545 1.2983708 28.84549 -1.5248645544052124 0.15219692885875702
Cyclist 0.0 0 -1.9012603759765625 1093.387939453125 62.09557342529297 1242.0 375.0 1.6791621 1.7064509 0.5610047 3.3408685 1.1963507 4.207696 -1.2301948070526123 0.6314808130264282
Cyclist 0.0 0 -1.917921543121338 837.0304565429688 158.27761840820312 943.9609985351562 329.1452941894531 1.760655 1.7508451 0.5582424 3.0973344 1.6018418 8.274061 -1.5597271919250488 0.41687703132629395
Car 0.0 0 -1.639792561531067 618.1902465820312 163.29486083984375 689.7619018554688 231.30516052246094 3.864611 1.5370142 1.5124179 0.96841204 1.3213387 18.247953 -1.5867726802825928 0.8719027638435364
Car 0.0 0 2.425525426864624 0.0 193.5564422607422 146.38674926757812 375.0 3.9861445 1.4729564 1.5699605 -3.6489003 1.6073008 2.6082199 1.4753164052963257 0.6323034167289734
Car 0.0 0 -1.4548108577728271 605.7310791015625 155.61318969726562 635.4515380859375 180.80035400390625 4.0251465 1.7638329 1.7150732 0.7837236 0.55683315 52.63317 -1.4399216175079346 0.23371213674545288
Car 0.0 0 -1.4360235929489136 502.663330078125 165.11514282226562 531.4798583984375 188.00343322753906 3.6507795 1.6267706 1.6297665 -6.831704 1.0770936 53.11099 -1.563951849937439 0.1889370083808899
Car 0.0 0 -1.5385997295379639 614.759765625 160.36184692382812 649.84375 193.18991088867188 3.8404737 1.5473695 1.6272475 1.1194952 0.95890236 35.975197 -1.5074912309646606 0.188555046916008
Car 0.0 0 1.733332633972168 465.6997985839844 163.52407836914062 505.77972412109375 194.6844024658203 3.877887 1.6709193 1.6190901 -6.9792147 1.1709763 40.63349 1.5632323026657104 0.14054644107818604
