Pedestrian 0.0 0 -3.151005506515503 807.123046875 153.51243591308594 886.6044311523438 302.3140869140625 0.8548114 1.6640579 0.5235508 2.77323 1.3639406 8.282874 -2.8279221057891846 0.6748912334442139
Pedestrian 0.0 0 1.3106180429458618 839.8545532226562 169.17445373535156 871.2958984375 238.27145385742188 0.68115205 1.7011684 0.5873605 6.252192 1.4239308 17.765066 1.6490178108215332 0.21287904679775238
Pedestrian 0.0 0 0.3906767964363098 226.19589233398438 161.8628692626953 322.6637878417969 254.9279327392578 1.5924683 1.7543541 0.56484383 -6.402172 1.4046644 13.643835 -0.048057734966278076 0.13931959867477417
Pedestrian 0.0 0 -2.3662807941436768 1156.098876953125 145.6925048828125 1224.0 253.68838500976562 0.8980628 1.7754349 0.6190077 10.065559 1.204857 12.096873 -1.6722830533981323 0.13028499484062195
Pedestrian 0.0 0 -0.9158104658126831 961.2415161132812 189.67169189453125 1091.050048828125 370.0 0.63853055 1.6013616 0.5758065 3.1222405 1.6775438 5.3491755 -0.3874727189540863 0.13027729094028473
Pedestrian 0.0 0 -0.08608604967594147 742.0425415039062 130.2609405517578 801.3475341796875 237.4827880859375 0.95753133 1.8214848 0.6294592 2.8608816 0.9696716 12.385229 0.14092373847961426 0.11114408820867538
Pedestrian 0.0 0 -0.790906548500061 7.686949253082275 174.373046875 86.1699447631836 261.8450012207031 1.0687586 1.7202128 0.7185894 -11.43994 1.6013514 14.470636 -1.4598662853240967 0.10095177590847015
Cyclist 0.0 0 0.3906767964363098 226.19589233398438 161.8628692626953 322.6637878417969 254.9279327392578 1.5924683 1.7543541 0.56484383 -6.402172 1.4046644 13.643835 -0.048057734966278076 0.20740048587322235
Cyclist 0.0 0 1.63120436668396 855.3377685546875 169.99317932128906 899.2606811523438 280.8085021972656 1.6959285 1.6589558 0.5683609 4.3938193 1.5033253 11.469458 1.9970475435256958 0.15851299464702606
Cyclist 0.0 0 0.19041532278060913 0.0 174.0648193359375 89.2864990234375 262.42620849609375 1.5934018 1.7049942 0.6718592 -11.51591 1.5824555 14.307891 -0.4872846007347107 0.14373785257339478
Car 0.0 0 1.574872612953186 55.082157135009766 194.70973205566406 113.33029174804688 241.9010009765625 4.0137 1.5258352 1.633293 -19.31802 2.0967042 26.22375 0.9399631023406982 0.21338412165641785
Car 0.0 0 -1.5473637580871582 785.6531372070312 145.54273986816406 815.00244140625 176.1334991455078 4.251266 1.930437 1.805426 13.179957 -0.30666563 47.565876 -1.2770569324493408 0.1730794459581375
Car 0.0 0 1.9115145206451416 477.8545227050781 138.11447143554688 580.5066528320312 206.25656127929688 4.1399307 1.7835115 1.6938289 -2.123662 0.67572445 20.712383 1.809340476989746 0.1468142569065094
Car 0.0 0 1.8069262504577637 561.6992797851562 165.84555053710938 617.9263305664062 204.09866333007812 3.9674933 1.5973271 1.6314112 -0.62882453 0.9868883 31.631699 1.7870492935180664 0.10654893517494202
