Pedestrian 0.0 0 -2.0356807708740234 1036.5792236328125 131.79641723632812 1232.2763671875 375.0 0.95510304 1.6337923 0.79351145 3.6674392 1.3671533 5.220099 -1.4232378005981445 0.41748130321502686
Pedestrian 0.0 0 1.5302637815475464 655.667236328125 156.87423706054688 674.8070678710938 210.4038848876953 0.96823376 1.8261558 0.62290096 1.8711854 1.2813663 25.106789 1.6046552658081055 0.19127732515335083
Pedestrian 0.0 0 0.5540198087692261 221.5147247314453 126.652587890625 278.73089599609375 196.42129516601562 1.262099 1.839825 0.5722488 -9.699375 0.62183595 19.365952 0.08969497680664062 0.1022619754076004
Cyclist 0.0 0 2.2318131923675537 54.919090270996094 166.5300750732422 196.04490661621094 304.2160949707031 1.8684646 1.6945243 0.56721175 -6.567177 1.6170526 9.829555 1.642815351486206 0.49256521463394165
Cyclist 0.0 0 0.6160410642623901 223.998779296875 126.72992706298828 284.5696716308594 195.3679656982422 1.4023312 1.8081341 0.54447573 -9.5983 0.59344435 19.382772 0.15624284744262695 0.28407472372055054
Cyclist 0.0 0 -2.3063411712646484 1020.4868774414062 126.99429321289062 1242.0 375.0 1.1198224 1.6736028 0.80214477 3.635998 1.3841702 5.161197 -1.6926100254058838 0.23338933289051056
Cyclist 0.0 0 -2.0879955291748047 639.4606323242188 152.44607543945312 666.7899169921875 192.0450439453125 1.7079359 1.7399935 0.44182202 1.8939446 0.8436198 32.565323 -2.029902696609497 0.17872710525989532
Car 0.0 0 1.9791414737701416 0.0 197.93304443359375 341.6257019042969 375.0 4.5129714 1.4547275 1.6724361 -4.6829233 1.8303376 8.466678 1.4739209413528442 0.8974207043647766
Car 0.0 0 -1.5667364597320557 397.9170837402344 174.99896240234375 432.79437255859375 207.59548950195312 4.076857 1.6016841 1.678366 -10.25684 1.7212887 37.924526 -1.830871343612671 0.8257791996002197
Car 0.0 0 -1.5853180885314941 390.57568359375 172.7998046875 417.3384094238281 197.4177703857422 3.5722187 1.5094079 1.5864981 -13.244539 1.5064431 46.176437 -1.8646440505981445 0.36387404799461365
Car 0.0 0 -2.0822665691375732 517.0827026367188 159.08956909179688 598.4225463867188 202.33438110351562 5.032674 2.0212262 1.8433453 -2.7576144 1.3782467 36.326786 -2.1580326557159424 0.2612370550632477
Car 0.0 0 0.5234841108322144 424.62188720703125 174.2166748046875 475.996337890625 192.5671844482422 3.931824 1.4996262 1.6048138 -13.411589 1.6168454 60.51998 0.3054025173187256 0.20238246023654938
