Pedestrian 0.0 0 3.0846893787384033 490.0323791503906 178.28761291503906 522.953369140625 244.6759033203125 0.82481414 1.7228199 0.7200638 -2.5591593 1.6406295 19.0702 2.951289653778076 0.7079105377197266
Pedestrian 0.0 0 -2.381934881210327 185.7890167236328 159.7772216796875 343.34100341796875 374.0 0.6260707 1.6530682 0.8059197 -2.400776 1.5155616 5.0717235 -2.8240482807159424 0.44976159930229187
Pedestrian 0.0 0 -2.9282238483428955 703.0350952148438 162.54843139648438 755.4680786132812 251.0575408935547 0.90346 1.7039697 0.69836766 2.5152602 1.3403707 14.320624 -2.7543582916259766 0.33396193385124207
Pedestrian 0.0 0 -3.3825602531433105 765.2222290039062 198.58740234375 838.2095947265625 321.2834167480469 0.79548925 1.5577855 0.66787523 2.6020222 1.7946817 9.55697 -3.11673903465271 0.2900100648403168
Pedestrian 0.0 0 0.8519269227981567 954.322998046875 128.84181213378906 1034.507080078125 258.36358642578125 0.8506524 1.9039613 0.69143695 5.982896 1.1311996 11.048001 1.348249077796936 0.242733433842659
Pedestrian 0.0 0 2.2871768474578857 1113.79443359375 73.51028442382812 1238.0 281.7453308105469 0.84831774 1.889509 0.7536791 5.61273 0.91099715 6.960724 2.965773344039917 0.2188849002122879
Pedestrian 0.0 0 1.3177380561828613 1059.5867919921875 115.7972183227539 1141.0728759765625 264.9927062988281 0.63738596 1.7955835 0.7042007 6.225463 1.0061862 9.062473 1.9196516275405884 0.17163652181625366
Pedestrian 0.0 0 -1.9912558794021606 822.7841796875 165.0066375732422 842.267822265625 204.40347290039062 0.6922074 1.6689912 0.560612 9.891234 0.97124606 30.803366 -1.6805473566055298 0.1511760652065277
Pedestrian 0.0 0 1.050370216369629 112.44331359863281 125.3475341796875 201.55174255371094 278.1310119628906 0.76207554 1.7953883 0.64502615 -5.5503736 1.1368759 8.903102 0.4929077625274658 0.14488665759563446
Pedestrian 0.0 0 -1.735754370689392 809.81201171875 163.62997436523438 844.5025634765625 241.55972290039062 0.82265943 1.7409922 0.6305485 5.1377015 1.3429834 16.495897 -1.4338233470916748 0.13723020255565643
Cyclist 0.0 0 -2.1472384929656982 699.4094848632812 162.87811279296875 761.095703125 255.2533416748047 1.37502 1.7539032 0.54979783 2.5172155 1.4015924 14.376457 -1.973902702331543 0.35886645317077637
Cyclist 0.0 0 0.5592024922370911 399.8910217285156 180.5042724609375 500.8501281738281 271.3898620605469 1.7328779 1.5334269 0.50838923 -2.7065692 1.5179104 12.651934 0.3484537601470947 0.32905906438827515
Cyclist 0.0 0 -1.203393578529358 731.145751953125 156.66041564941406 778.888916015625 236.35345458984375 1.7457515 1.6708144 0.4395905 3.3857136 1.1512706 15.909163 -0.993706464767456 0.30308985710144043
Cyclist 0.0 0 1.2024831771850586 789.8636474609375 154.82737731933594 838.989013671875 229.01231384277344 1.7544905 1.7096469 0.5417194 5.1109586 1.096165 17.448704 1.4874258041381836 0.24118512868881226
Cyclist 0.0 0 -0.22555014491081238 754.399169921875 185.69046020507812 886.7838745117188 311.5726623535156 1.5657852 1.5965633 0.66081226 2.8220112 1.6556 9.512108 0.06285405158996582 0.17107288539409637
Cyclist 0.0 0 1.123594045639038 838.874755859375 191.73060607910156 1001.5642700195312 374.0 1.6293566 1.6754736 0.57732743 2.5401692 1.7746989 6.040158 1.5216867923736572 0.16654524207115173
Cyclist 0.0 0 -0.06598910689353943 489.7395324707031 179.60215759277344 523.3037719726562 245.7308807373047 0.83804256 1.718055 0.69659644 -2.55998 1.669921 19.084442 -0.19933275878429413 0.11915983259677887
Car 0.0 0 3.118553400039673 303.827880859375 186.380859375 416.8912353515625 229.8046417236328 3.8809042 1.5118308 1.6433586 -8.971272 1.7044122 26.759703 2.7950761318206787 0.32576993107795715
Car 0.0 0 -0.6361013054847717 894.4049072265625 209.2202606201172 1238.0 374.0 3.994887 1.4439263 1.5814284 4.4199476 1.6842431 5.2778845 0.06105971336364746 0.20366039872169495
Car 0.0 0 -0.6642743349075317 781.6339721679688 210.09410095214844 1178.8231201171875 370.4657897949219 3.8240128 1.4671763 1.5985745 4.12837 1.838349 8.134465 -0.19463211297988892 0.18871982395648956
