Pedestrian 0.0 0 3.0054378509521484 484.1917419433594 161.95103454589844 515.6049194335938 228.24586486816406 0.81721145 1.8677688 0.59861964 -3.2144494 1.5609498 20.729273 2.851594924926758 0.41883260011672974
Pedestrian 0.0 0 2.4448323249816895 916.787841796875 162.28684997558594 935.8485107421875 195.00828552246094 0.8288547 1.8649288 0.5744378 18.163494 1.2630215 41.51258 2.8572778701782227 0.2913319170475006
Pedestrian 0.0 0 -2.253291606903076 1221.865234375 152.8599090576172 1242.0 186.0649871826172 1.3139638 1.754545 0.59668314 33.70188 0.698422 38.789494 -1.5379608869552612 0.2593548893928528
Pedestrian 0.0 0 0.013441808521747589 656.6717529296875 162.30560302734375 688.4043579101562 226.22462463378906 0.9158518 1.8477461 0.60082185 1.7929761 1.5431752 21.198881 0.09781980514526367 0.1429421752691269
Pedestrian 0.0 0 -1.6798503398895264 1204.3883056640625 150.14523315429688 1229.881591796875 200.4641876220703 0.76936746 1.84234 0.64657384 22.597223 1.0112568 26.914557 -0.9814302921295166 0.14210490882396698
Pedestrian 0.0 0 1.3611983060836792 645.2813110351562 172.1359100341797 666.9348754882812 225.037353515625 0.67896795 1.7420863 0.59324145 1.4931357 1.7187972 24.137524 1.4229791164398193 0.13760116696357727
Pedestrian 0.0 0 -1.0062897205352783 91.7692642211914 168.12432861328125 129.53274536132812 225.12020874023438 0.8874577 1.8354572 0.6459472 -16.430304 1.6835043 23.690037 -1.6126760244369507 0.13136421144008636
Pedestrian 0.0 0 2.1413466930389404 105.75202941894531 148.01760864257812 154.54986572265625 212.63230895996094 1.3095312 1.8068701 0.55547786 -13.881764 1.112709 20.833609 1.5535869598388672 0.13067618012428284
Cyclist 0.0 0 1.9537935256958008 108.84554290771484 189.19235229492188 140.07305908203125 230.6534881591797 1.868627 1.776492 0.5126635 -21.986835 2.5379655 32.642582 1.3610317707061768 0.3604426681995392
Cyclist 0.0 0 -2.204970359802246 1222.3311767578125 153.54649353027344 1242.0 187.97361755371094 1.447025 1.8124372 0.5729467 33.690857 0.7963394 38.727547 -1.489010214805603 0.31432318687438965
Cyclist 0.0 0 2.1423051357269287 106.96965789794922 148.50668334960938 153.13525390625 213.11192321777344 1.2014986 1.8108364 0.54818404 -13.882885 1.1287572 20.826591 1.5543527603149414 0.13405485451221466
Car 0.0 0 -0.16316071152687073 341.6400451660156 194.9386749267578 411.3585510253906 223.98553466796875 3.6835768 1.5461097 1.5386666 -13.702015 2.8867238 42.256622 -0.4767206609249115 0.7096706032752991
Car 0.0 0 1.008316993713379 927.1827392578125 159.82711791992188 983.3167114257812 186.37530517578125 3.9332254 1.7643353 1.6614779 23.824295 0.8989538 49.99974 1.4529790878295898 0.19256174564361572
Car 0.0 0 0.9469246864318848 902.3919067382812 175.12803649902344 964.9435424804688 202.31947326660156 3.6316123 1.5334433 1.5647882 19.163315 1.6752727 42.948578 1.366607427597046 0.14557626843452454
Car 0.0 0 1.491850733757019 321.5115051269531 194.35719299316406 347.21710205078125 214.78146362304688 4.1137247 1.5906504 1.7783765 -24.170904 3.5396821 63.1455 1.1262757778167725 0.14134420454502106
Car 0.0 0 1.2532644271850586 314.6805725097656 199.3214111328125 356.1914978027344 223.2301788330078 3.7074056 1.5232967 1.7411798 -19.977873 3.5172431 52.357384 0.8887484073638916 0.13869047164916992
Car 0.0 0 1.3259795904159546 438.7873840332031 183.82643127441406 491.02490234375 218.27926635742188 3.9951346 1.5961512 1.696977 -7.5249915 2.1917922 36.974346 1.1252024173736572 0.1333632618188858
Car 0.0 0 1.4731568098068237 453.4312744140625 183.94290161132812 485.2020568847656 210.2830047607422 3.8870885 1.5552535 1.6297404 -9.12664 2.301892 46.460876 1.2791894674301147 0.1304323971271515
