Pedestrian 0.0 0 1.247255563735962 221.38482666015625 156.187255859375 306.69622802734375 313.3548278808594 0.86378765 1.7497368 0.6754467 -4.064163 1.4692852 8.539854 0.8030686378479004 0.7783018946647644
Pedestrian 0.0 0 -0.42062613368034363 657.2388305664062 159.618408203125 736.9846801757812 293.0218811035156 0.8150367 1.6246461 0.6455403 1.1650859 1.3595031 9.172681 -0.29428571462631226 0.7238038182258606
Pedestrian 0.0 0 -1.8571066856384277 599.8789672851562 165.44239807128906 665.7080688476562 301.54693603515625 0.8334109 1.5964836 0.59887105 0.3267697 1.4094769 8.901095 -1.820412039756775 0.663923978805542
Pedestrian 0.0 0 -1.8440327644348145 724.6629028320312 164.28091430664062 753.3932495117188 231.3011016845703 0.757714 1.6586174 0.5268622 3.4414 1.2336669 18.174868 -1.656898856163025 0.6620985269546509
Pedestrian 0.0 0 0.19253459572792053 424.5941162109375 171.3550567626953 458.4600524902344 222.59442138671875 0.9807863 1.6438231 0.59187424 -5.2173514 1.319459 23.351673 -0.02728038653731346 0.5166249871253967
Pedestrian 0.0 0 -2.9113214015960693 454.79656982421875 158.24063110351562 485.0119323730469 230.9559783935547 0.5763505 1.646332 0.548263 -3.0607922 1.1209353 16.548521 -3.0942132472991943 0.4999542236328125
Pedestrian 0.0 0 -2.250927686691284 756.4080200195312 142.31959533691406 805.4087524414062 229.37843322753906 0.8951134 1.7604082 0.5545216 3.7120955 0.9693878 15.045683 -2.0090370178222656 0.39754197001457214
Pedestrian 0.0 0 -0.5305036306381226 643.7994995117188 161.88107299804688 683.0961303710938 221.9774627685547 0.95326155 1.6890382 0.6005249 1.7525663 1.1387855 20.662992 -0.4458894729614258 0.3846769630908966
Pedestrian 0.0 0 2.489409923553467 775.8485717773438 136.7333221435547 818.97412109375 215.41981506347656 0.8260913 1.8253747 0.5473441 4.6201863 0.7880811 17.070932 2.7537240982055664 0.33721691370010376
Pedestrian 0.0 0 2.5118799209594727 99.94029235839844 158.3057403564453 129.54457092285156 212.50213623046875 0.59279287 1.7954035 0.5876641 -16.400192 1.0281154 24.172487 1.9157534837722778 0.3103151321411133
Pedestrian 0.0 0 1.7264324426651 644.4544677734375 157.98512268066406 656.1310424804688 189.1884765625 0.7068507 1.8539997 0.5972331 2.936147 0.45758888 43.089317 1.7944681644439697 0.298831582069397
Pedestrian 0.0 0 -1.3168880939483643 703.172119140625 154.6090545654297 723.0296630859375 198.44808959960938 0.6982874 1.8516085 0.6886426 4.7750435 0.71680254 30.794415 -1.1630512475967407 0.28795427083969116
Pedestrian 0.0 0 1.9385406970977783 242.73757934570312 140.3917236328125 371.613037109375 351.6802978515625 1.6172968 1.7361645 0.5702674 -2.7282665 1.3997657 6.7136793 1.5525513887405396 0.15338671207427979
Pedestrian 0.0 0 1.6025437116622925 654.633544921875 158.29197692871094 684.5313110351562 245.5098419189453 1.6222788 1.7522917 0.5860959 1.427424 1.2872643 15.27077 1.6957471370697021 0.10135950148105621
Cyclist 0.0 0 1.8879352807998657 242.9354248046875 142.75161743164062 368.39300537109375 359.4942321777344 1.7084746 1.7605987 0.57693505 -2.7355614 1.4472362 6.704791 1.500550627708435 0.8647318482398987
Cyclist 0.0 0 1.8567923307418823 419.8653869628906 160.597900390625 490.74114990234375 278.6202087402344 1.7629898 1.8539398 0.712951 -2.4805236 1.5268995 12.189912 1.6560434103012085 0.7029435038566589
Cyclist 0.0 0 0.9385051727294922 18.038389205932617 177.1652374267578 130.50848388671875 265.875732421875 1.9570106 1.6415669 0.7454804 -10.265313 1.5626168 13.938323 0.3037123680114746 0.6382825374603271
Cyclist 0.0 0 0.14261417090892792 413.7806396484375 170.67483520507812 465.0157775878906 221.1535186767578 1.5583222 1.6163028 0.5895239 -5.281694 1.2707855 23.354053 -0.07980170845985413 0.5392408967018127
Cyclist 0.0 0 -0.5343093872070312 634.18603515625 157.73178100585938 697.0662231445312 217.59336853027344 1.6807427 1.666691 0.70099455 1.8203026 1.0060762 20.676582 -0.4464988708496094 0.32324934005737305
Cyclist 0.0 0 -1.9543025493621826 750.226806640625 133.83299255371094 801.6997680664062 220.95150756835938 1.5832744 1.7789905 0.5166526 3.699566 0.8068538 15.487255 -1.7198185920715332 0.316303014755249
Cyclist 0.0 0 1.251314401626587 632.1334838867188 178.97409057617188 652.3358764648438 212.63580322265625 1.6444966 1.6407603 0.51402205 2.0198166 1.5185356 35.871716 1.3075616359710693 0.31523725390434265
Cyclist 0.0 0 1.6025437116622925 654.633544921875 158.29197692871094 684.5313110351562 245.5098419189453 1.6222788 1.7522917 0.5860959 1.427424 1.2872643 15.27077 1.6957471370697021 0.2870329022407532
Cyclist 0.0 0 -2.829511880874634 442.5809326171875 162.7304229736328 491.29132080078125 237.41053771972656 0.9849344 1.6851529 0.5404515 -3.1253638 1.262833 16.53622 -3.0163094997406006 0.11794552952051163
Car 0.0 0 1.6619231700897217 485.88641357421875 169.30592346191406 522.1677856445312 198.03854370117188 4.530746 1.614971 1.7313772 -5.7264194 0.93038356 42.67269 1.5285260677337646 0.6522809267044067
Car 0.0 0 -1.2037321329116821 292.3404541015625 155.92462158203125 348.8345947265625 187.98130798339844 3.8256953 1.703603 1.6757265 -15.600437 0.3452804 40.088425 -1.5748507976531982 0.29293468594551086
