Pedestrian 0.0 0 3.2055792808532715 243.5925750732422 145.94107055664062 345.8959655761719 326.1096496582031 0.94695836 1.7754127 0.55713755 -3.2644265 1.436558 7.387179 2.789478063583374 0.578187882900238
Pedestrian 0.0 0 1.1004672050476074 836.5577392578125 171.50184631347656 873.4192504882812 239.91897583007812 0.7239761 1.6838487 0.611696 6.2481275 1.4639881 17.795843 1.4381219148635864 0.309413343667984
Pedestrian 0.0 0 3.4983935356140137 54.105133056640625 190.8075714111328 96.55542755126953 254.21536254882812 0.80868095 1.7764065 0.6352009 -15.276355 2.0809479 20.358627 2.8546602725982666 0.29703524708747864
Pedestrian 0.0 0 -2.291257858276367 223.7252197265625 163.58631896972656 311.1991271972656 257.5253601074219 1.6838927 1.7295803 0.5375503 -6.537849 1.4198086 13.589743 -2.7396609783172607 0.17606906592845917
Pedestrian 0.0 0 2.2269723415374756 963.1510009765625 191.4873504638672 1093.99462890625 370.0 0.65550333 1.6037675 0.5690444 3.1393952 1.6946424 5.3465776 2.757910966873169 0.14305056631565094
Cyclist 0.0 0 -2.295313596725464 225.5994873046875 164.42999267578125 308.9417724609375 257.08380126953125 1.563721 1.7088385 0.5435339 -6.5390606 1.4140934 13.588732 -2.7438180446624756 0.28636592626571655
Cyclist 0.0 0 -1.1093069314956665 631.8242797851562 171.11314392089844 703.3419189453125 273.0903625488281 1.7235562 1.7630336 0.62253565 1.1469793 1.6023948 13.116464 -1.022083044052124 0.1290188431739807
Car 0.0 0 -1.5458145141601562 662.0934448242188 156.32940673828125 691.0126342773438 184.6223907470703 3.6204371 1.5829151 1.5989099 4.2231917 0.23202685 41.449116 -1.4442763328552246 0.1471191644668579
Car 0.0 0 1.8607239723205566 555.1473999023438 161.64161682128906 615.9012451171875 200.43336486816406 3.9131205 1.6085509 1.647986 -0.8132653 0.82804865 31.417557 1.8348441123962402 0.13161402940750122
Car 0.0 0 1.926972508430481 476.52587890625 139.460205078125 580.251953125 205.8055419921875 4.102653 1.7319808 1.6765957 -2.1412263 0.6622025 20.648733 1.8236441612243652 0.11829907447099686
Car 0.0 0 -1.217511773109436 266.49481201171875 197.30157470703125 443.3077087402344 306.4125671386719 3.6257093 1.4403732 1.5747253 -3.9709218 1.764344 11.726432 -1.544021725654602 0.11369820684194565
Car 0.0 0 -1.609960913658142 791.05224609375 193.12733459472656 876.7138671875 271.8253479003906 3.7276185 1.4441354 1.5951475 4.9098935 1.7606604 15.621318 -1.3054304122924805 0.10311342775821686
