Pedestrian 0.0 0 1.4326066970825195 519.7975463867188 180.92922973632812 532.7974243164062 214.38241577148438 0.96162844 1.7804455 0.5731818 -4.5867233 2.2255194 39.195953 1.316116213798523 0.3035866916179657
Pedestrian 0.0 0 -2.7611498832702637 834.8823852539062 177.00164794921875 913.7474365234375 307.51226806640625 0.7808247 1.6722043 0.7688619 3.5472817 1.73219 9.823624 -2.414623498916626 0.2801349461078644
Pedestrian 0.0 0 1.6248488426208496 530.056396484375 175.23696899414062 541.1215209960938 208.91188049316406 0.93618625 1.8837342 0.5756308 -4.250345 2.0207999 40.909153 1.5213230848312378 0.2596698999404907
Pedestrian 0.0 0 1.4875779151916504 234.72288513183594 143.66343688964844 285.8944396972656 258.2936706542969 0.7502143 1.8193765 0.70004064 -5.850862 1.3564304 11.950811 1.0323021411895752 0.25861304998397827
Pedestrian 0.0 0 1.8826360702514648 509.2801513671875 176.7156982421875 525.811767578125 214.3705291748047 0.77467173 1.8142256 0.59385324 -4.5562024 2.0057764 35.285477 1.7542226314544678 0.25456881523132324
Pedestrian 0.0 0 -2.6762516498565674 663.0046997070312 170.7382049560547 676.30419921875 197.8970184326172 0.64723665 1.7938676 0.6815356 3.9488897 1.6544757 48.114986 -2.594363212585449 0.20608574151992798
Pedestrian 0.0 0 -2.093937873840332 907.2286376953125 149.2626495361328 1053.66650390625 334.3857116699219 1.3682861 1.7074488 0.7318516 3.6566076 1.4902163 7.3576984 -1.6327115297317505 0.1970486342906952
Pedestrian 0.0 0 -0.3306341767311096 848.9512939453125 177.05783081054688 943.0812377929688 332.98272705078125 0.90002966 1.7751708 0.5566721 3.3058815 1.8269283 8.52358 0.03935551643371582 0.1694728136062622
Pedestrian 0.0 0 -1.8968744277954102 1175.5552978515625 143.93133544921875 1242.0 252.38360595703125 1.8697027 1.807619 0.5732113 10.834346 1.3259106 12.99874 -1.202042579650879 0.12993669509887695
Cyclist 0.0 0 -1.9046772718429565 1174.0023193359375 146.2346954345703 1242.0 254.6003875732422 1.8537763 1.8172472 0.54302925 10.84121 1.3712103 13.060334 -1.2118580341339111 0.48974186182022095
Cyclist 0.0 0 -0.9729817509651184 0.0 97.59241485595703 111.38407135009766 268.54046630859375 1.6233158 1.7436501 0.49919638 -6.474716 0.97634864 8.184267 -1.6422829627990723 0.27688223123550415
Cyclist 0.0 0 -2.176469087600708 814.1054077148438 177.25823974609375 917.9459838867188 311.3296203613281 1.2673742 1.691165 0.741969 3.4074981 1.7560323 9.8555355 -1.843590259552002 0.2507946193218231
Cyclist 0.0 0 -2.1093506813049316 904.08642578125 148.58949279785156 1057.4365234375 337.25115966796875 1.4123398 1.7372825 0.76720434 3.6641617 1.5142019 7.3752346 -1.6482505798339844 0.2434009164571762
Cyclist 0.0 0 1.611322283744812 520.9794311523438 182.57762145996094 531.382568359375 216.2306365966797 1.678888 1.7628149 0.49531525 -4.577254 2.3022478 39.143265 1.4949150085449219 0.188216894865036
Car 0.0 0 1.8049023151397705 362.5933532714844 180.87806701660156 478.665283203125 265.96209716796875 3.5105705 1.5297819 1.5586318 -3.8648477 1.7174469 15.071987 1.5538849830627441 0.9112426042556763
Car 0.0 0 -1.5840150117874146 648.78173828125 181.90452575683594 685.2987670898438 218.594482421875 3.4426553 1.6046584 1.6389431 2.6361175 2.0562046 34.19742 -1.5070818662643433 0.6543521881103516
Car 0.0 0 -0.3425813317298889 656.6980590820312 165.71437072753906 723.5862426757812 189.65394592285156 4.207077 1.5864407 1.6732231 5.4101543 1.1136651 49.11198 -0.2328641712665558 0.18191297352313995
Car 0.0 0 2.032609701156616 636.7162475585938 186.94015502929688 694.441162109375 216.58412170410156 3.914857 1.5026788 1.6777102 3.1493702 2.3386357 40.688816 2.1098570823669434 0.17830869555473328
Car 0.0 0 -1.6489460468292236 676.1435546875 156.69090270996094 714.0048217773438 190.25221252441406 3.7285192 1.6485572 1.6491108 4.3154335 0.85497165 37.33316 -1.5338642597198486 0.17682193219661713
Car 0.0 0 0.591414213180542 0.0 180.80014038085938 284.518310546875 306.384765625 3.5611181 1.4985881 1.563426 -6.4740934 1.6123528 9.501364 -0.0067093949764966965 0.16827009618282318
