Pedestrian 0.0 0 1.4468433856964111 1038.1512451171875 135.88453674316406 1084.5556640625 224.13778686523438 0.77326024 1.8110825 0.74246013 9.512488 1.0527742 15.310767 2.0027732849121094 0.3420674502849579
Pedestrian 0.0 0 -3.6051735877990723 975.9826049804688 159.3642578125 1058.142822265625 279.2234802246094 0.9605889 1.8463135 0.6145084 6.3842854 1.638875 11.440575 -3.096179485321045 0.27249452471733093
Pedestrian 0.0 0 1.4484913349151611 503.00909423828125 142.63186645507812 525.1287841796875 199.3214874267578 0.69088227 1.884439 0.6607244 -3.2932255 0.8801727 24.400072 1.3143341541290283 0.24612969160079956
Pedestrian 0.0 0 -2.6117570400238037 1149.3740234375 152.6085662841797 1190.6373291015625 213.74681091308594 0.7757587 1.8340489 0.6534685 17.12005 1.2270765 22.124 -1.9531829357147217 0.2397812008857727
Pedestrian 0.0 0 -1.4499289989471436 382.3381652832031 137.60061645507812 408.600341796875 199.71302795410156 0.7419836 1.9304658 0.7145136 -6.832456 0.835142 22.848783 -1.7404950857162476 0.21075321733951569
Pedestrian 0.0 0 1.4316825866699219 911.7216796875 153.12156677246094 949.8057250976562 242.70217895507812 1.122 1.7848423 0.56857985 6.598425 1.3920429 14.990665 1.846331000328064 0.20632629096508026
Pedestrian 0.0 0 1.527378797531128 954.9263916015625 171.67396545410156 998.2183837890625 280.6086120605469 0.99812454 1.788049 0.6170184 6.242702 1.7690376 12.422206 1.9930592775344849 0.18669621646404266
Pedestrian 0.0 0 0.8562029600143433 1017.110107421875 147.91416931152344 1117.4619140625 287.03436279296875 1.0939543 1.7944373 0.5851271 6.1813173 1.4731094 9.889771 1.4148175716400146 0.18488898873329163
Pedestrian 0.0 0 -1.7860623598098755 588.0685424804688 150.37777709960938 610.3894653320312 200.24412536621094 0.6768923 1.8878757 0.72880673 -0.4606582 1.037313 27.726864 -1.8026750087738037 0.17270447313785553
Pedestrian 0.0 0 1.1382935047149658 1008.5192260742188 145.56619262695312 1076.936279296875 256.6487731933594 0.9278019 1.7831116 0.64996094 7.1670713 1.3454419 12.074374 1.6739767789840698 0.1143982782959938
Pedestrian 0.0 0 2.6894030570983887 0.0 130.24781799316406 92.15614318847656 332.4522705078125 0.5303671 1.8355154 0.65698117 -5.5104036 1.4491148 6.9280953 2.017491340637207 0.10750517249107361
Cyclist 0.0 0 2.821301221847534 455.170166015625 144.59959411621094 520.9628295898438 208.11231994628906 1.7650545 1.7863451 0.6781213 -3.5919194 0.9920261 21.005352 2.6519391536712646 0.1335829645395279
Cyclist 0.0 0 1.4853956699371338 951.0409545898438 173.6249542236328 996.8086547851562 281.7939453125 1.3017193 1.7575842 0.58943737 6.2034297 1.7720048 12.444984 1.947817087173462 0.12293541431427002
Cyclist 0.0 0 1.4355968236923218 911.71435546875 153.87548828125 949.348388671875 242.10511779785156 1.0485429 1.7630827 0.5748728 6.5983186 1.3841951 14.998851 1.8500380516052246 0.11195027828216553
Cyclist 0.0 0 2.5224599838256836 1027.7601318359375 137.689208984375 1099.4171142578125 221.00289916992188 1.1395614 1.7244643 0.61436224 9.53909 0.9969654 15.2732315 3.080744743347168 0.10065826028585434
Car 0.0 0 -1.8998076915740967 736.44140625 181.8069305419922 976.0819091796875 329.33709716796875 4.2314625 1.4839438 1.6265992 2.8979309 1.6308107 9.65999 -1.6083571910858154 0.9173181056976318
Car 0.0 0 -0.5561459064483643 1175.722900390625 133.5846710205078 1242.0 192.08920288085938 3.8609622 1.4861759 1.5666708 17.843117 0.48898527 19.45331 0.18610620498657227 0.13541963696479797
Car 0.0 0 -1.6036232709884644 531.979248046875 156.29051208496094 560.5852661132812 187.33912658691406 4.234848 2.1124809 1.8803847 -4.598833 0.9858941 51.305386 -1.6930208206176758 0.128362774848938
