Pedestrian 0.0 0 2.687211036682129 930.477783203125 178.1820526123047 956.744873046875 220.2610321044922 0.8126047 1.7380985 0.6084832 13.9148035 1.9637482 30.193493 3.1190547943115234 0.5099451541900635
Pedestrian 0.0 0 0.3889274001121521 1043.5211181640625 180.91751098632812 1070.35498046875 223.6763153076172 0.76587164 1.7360892 0.6309992 18.525158 2.0769978 29.975101 0.9424903392791748 0.4476369321346283
Car 0.0 0 -0.59127277135849 821.5046997070312 191.16371154785156 1242.0 354.6686706542969 4.000205 1.5446761 1.6823063 4.557527 1.7737706 8.023138 -0.07467883825302124 0.8898493647575378
Car 0.0 0 3.4155337810516357 229.74288940429688 177.3277130126953 400.4098205566406 235.5576629638672 4.0273833 1.4955689 1.62932 -7.9873424 1.6246166 19.720272 3.0306968688964844 0.888270378112793
Car 0.0 0 -0.29005539417266846 690.0347290039062 191.4860076904297 852.5298461914062 253.1742401123047 3.832546 1.4789221 1.6096598 4.0844502 1.9897525 18.817085 -0.07631038129329681 0.8789793252944946
Car 0.0 0 0.5256262421607971 99.78803253173828 179.98191833496094 334.4117736816406 258.0891418457031 3.8676152 1.459653 1.5855993 -7.8225045 1.6115751 14.488129 0.03055095672607422 0.7937612533569336
Car 0.0 0 3.675264835357666 0.0 178.13320922851562 277.973876953125 277.2086486816406 3.8260262 1.4825002 1.611853 -7.762394 1.575694 11.787618 3.0929226875305176 0.7935358285903931
Car 0.0 0 3.613999843597412 0.0 166.3453826904297 196.06703186035156 308.7395935058594 3.9439938 1.5495727 1.6456121 -7.7266016 1.4791019 9.102392 2.9101715087890625 0.7540727853775024
Car 0.0 0 -1.9712616205215454 454.7894287109375 179.0576934814453 494.77984619140625 199.64605712890625 4.1320653 1.5406516 1.6459477 -10.831676 2.0539334 57.47829 -2.1575253009796143 0.6252681016921997
Car 0.0 0 3.225801944732666 281.7022399902344 172.43881225585938 402.0888671875 220.5765380859375 3.7206542 1.5550498 1.6149231 -9.072674 1.5419953 24.579388 2.8721988201141357 0.5788478255271912
Car 0.0 0 -0.26557785272598267 673.5436401367188 187.01893615722656 816.7026977539062 241.17417907714844 3.8502371 1.4841458 1.6273896 3.8702438 1.9209977 21.25644 -0.08547677099704742 0.5234469771385193
