Pedestrian 0.0 0 -1.499800682067871 504.2491149902344 166.52328491210938 535.6741943359375 228.6189422607422 0.80752176 1.7023579 0.82112956 -2.3026235 1.292925 20.111639 -1.613796353340149 0.5836954712867737
Pedestrian 0.0 0 -1.5902416706085205 14.963566780090332 150.98704528808594 124.53398895263672 372.7041015625 0.7773897 1.7216411 0.7113933 -4.563847 1.4861017 6.100504 -2.232532024383545 0.5465517640113831
Pedestrian 0.0 0 1.375184178352356 675.85009765625 178.29510498046875 701.6375122070312 234.44776916503906 0.9545708 1.6177201 0.57800275 2.538772 1.5265276 21.190077 1.4944252967834473 0.4396090805530548
Pedestrian 0.0 0 -1.5072213411331177 702.4534301757812 169.23565673828125 716.1414184570312 206.1953125 0.75206244 1.7291994 0.595862 5.103787 1.156317 34.035885 -1.35837721824646 0.30783990025520325
Pedestrian 0.0 0 -2.6988701820373535 335.1447448730469 186.5607147216797 422.62872314453125 334.477294921875 0.7664197 1.6088994 0.61204445 -2.5711057 1.6704769 8.191087 -3.003021478652954 0.27863436937332153
Pedestrian 0.0 0 -1.5036423206329346 739.337158203125 167.42434692382812 768.9911499023438 244.64332580566406 0.86565 1.6965704 0.60301805 3.4324179 1.3885369 16.278282 -1.295827865600586 0.2654011845588684
Pedestrian 0.0 0 -0.01831221580505371 0.0 151.27719116210938 61.27675247192383 293.7204284667969 0.72616655 1.7272353 0.65308964 -7.435431 1.3621017 9.191314 -0.6984944343566895 0.2638193964958191
Pedestrian 0.0 0 3.304917573928833 284.35400390625 190.04714965820312 376.0584716796875 366.3990173339844 0.7477499 1.6069707 0.571938 -2.645517 1.6950756 6.93235 2.940356492996216 0.24594727158546448
Pedestrian 0.0 0 2.0869221687316895 196.33580017089844 123.42088317871094 263.2296142578125 244.92674255371094 0.69415456 1.8315384 0.6716128 -5.815873 0.9573789 11.184461 1.6074061393737793 0.24178001284599304
Pedestrian 0.0 0 -1.057240605354309 276.0478210449219 192.74945068359375 413.04071044921875 374.0 0.8903823 1.7157379 0.7241263 -2.138187 1.8179134 5.9342933 -1.4030708074569702 0.22859838604927063
Pedestrian 0.0 0 0.9359682202339172 1035.529296875 125.89208984375 1117.1759033203125 267.2592468261719 0.65677494 1.7369721 0.5941627 5.9988313 1.0550596 9.167873 1.5153826475143433 0.21749350428581238
Pedestrian 0.0 0 -2.0684149265289307 650.5216674804688 169.93862915039062 677.4300537109375 211.00062561035156 1.1568722 1.6512917 0.6242027 2.5477371 1.1873548 29.539927 -1.9823805093765259 0.20474481582641602
Pedestrian 0.0 0 2.6864302158355713 752.6334228515625 180.37176513671875 811.0787963867188 273.3695068359375 0.85138047 1.7183803 0.718451 3.3940718 1.6987972 13.711458 2.9290878772735596 0.2035430669784546
Cyclist 0.0 0 -2.689420223236084 181.31141662597656 192.52236938476562 429.2939453125 374.0 1.7808361 1.6500534 0.7407489 -2.4825826 1.7504753 6.027639 -3.0801143646240234 0.4251561462879181
Cyclist 0.0 0 -2.006964921951294 649.623046875 168.68832397460938 679.6905517578125 210.22108459472656 1.668156 1.6529138 0.57452404 2.562518 1.1440407 29.467585 -1.920222520828247 0.35382887721061707
Cyclist 0.0 0 1.273399829864502 674.4794311523438 178.75648498535156 703.1163940429688 236.99737548828125 1.0480407 1.6689343 0.55120426 2.5338264 1.5914568 21.14635 1.3926546573638916 0.26348015666007996
Cyclist 0.0 0 1.2869586944580078 699.4696655273438 173.2010498046875 740.60546875 234.29112243652344 1.7167817 1.5720224 0.63292944 3.1442113 1.3596425 19.372921 1.447854995727539 0.22088149189949036
Cyclist 0.0 0 1.7893730401992798 339.3658752441406 144.69314575195312 375.6907043457031 219.98202514648438 1.6667814 1.7083834 0.47473985 -5.837774 0.87441015 17.151495 1.461307168006897 0.20090606808662415
Cyclist 0.0 0 -1.9015083312988281 3.4827606678009033 152.51773071289062 138.1595001220703 374.0 0.94729686 1.7383295 0.6462915 -4.5703044 1.5144064 6.1157527 -2.5432794094085693 0.12055528163909912
Car 0.0 0 -2.3271303176879883 960.1669921875 148.3003692626953 1238.0 374.0 3.9028957 1.4581727 1.5742365 3.0785003 1.416703 2.918779 -1.5151060819625854 0.7363111972808838
Car 0.0 0 2.9980461597442627 439.33734130859375 175.88551330566406 512.3322143554688 202.60362243652344 4.0351295 1.5184252 1.6244801 -7.388441 1.2001421 42.22164 2.824808359146118 0.38146543502807617
Car 0.0 0 2.790076971054077 527.0108642578125 157.43896484375 592.1973876953125 182.9459991455078 3.94487 1.6205865 1.6587458 -2.7377093 0.09258568 47.182835 2.732118606567383 0.28230977058410645
Car 0.0 0 2.755387306213379 658.7151489257812 157.77330017089844 724.5869140625 182.75099182128906 3.9061208 1.5736423 1.636101 5.8413377 0.07953441 46.548847 2.880223035812378 0.1994919329881668
