Pedestrian 0.0 0 0.8642569780349731 997.5933837890625 157.6298828125 1021.4161987304688 198.56015014648438 0.75500405 1.8977741 0.64190394 18.719662 1.1922503 33.886276 1.3689608573913574 0.4415700137615204
Pedestrian 0.0 0 2.096668004989624 1162.2169189453125 133.04808044433594 1207.018310546875 215.9519500732422 0.57207555 1.7760378 0.55681235 12.544638 0.92363906 15.81839 2.767151355743408 0.3338252604007721
Pedestrian 0.0 0 -3.7736384868621826 1195.7078857421875 117.24798583984375 1242.0 229.9313507080078 0.7411871 1.8234686 0.5947955 10.300114 0.923997 11.998485 -3.064258575439453 0.2759433686733246
Pedestrian 0.0 0 2.3451709747314453 855.52978515625 141.58900451660156 901.2542114257812 220.82943725585938 0.7735755 1.8372025 0.6723473 6.3436456 1.1126766 17.195745 2.69858980178833 0.18685097992420197
Pedestrian 0.0 0 0.44309762120246887 629.1264038085938 175.71568298339844 645.7112426757812 202.33840942382812 0.9938297 1.7809263 0.5217195 1.8254573 1.9767654 48.824593 0.4804682731628418 0.18026742339134216
Pedestrian 0.0 0 1.2994537353515625 788.0012817382812 140.27938842773438 815.3475952148438 198.3348846435547 0.98316276 1.8889645 0.63565916 6.3138533 0.82943505 23.970003 1.5570099353790283 0.15492559969425201
Pedestrian 0.0 0 -0.9580984711647034 887.7799682617188 171.63853454589844 899.8287353515625 196.8790283203125 0.6104407 1.7394143 0.5227929 19.680296 1.6560097 50.1074 -0.5838470458984375 0.14738978445529938
Pedestrian 0.0 0 1.1198782920837402 887.556396484375 153.82110595703125 939.4208984375 247.34620666503906 0.9804623 1.7915304 0.57661843 5.958152 1.4273015 14.324543 1.5140501260757446 0.132407084107399
Pedestrian 0.0 0 -0.33478274941444397 963.8607788085938 155.5093231201172 1039.2117919921875 267.5035095214844 0.9476459 1.8125719 0.64226353 6.476401 1.5322143 12.066599 0.15780854225158691 0.1320255994796753
Cyclist 0.0 0 1.1803995370864868 628.5595703125 176.9604034423828 645.7940063476562 203.6398468017578 1.7106867 1.7606698 0.55326766 1.799249 2.0438213 48.788803 1.2172611951828003 0.3683178424835205
Car 0.0 0 -1.7059286832809448 573.346923828125 182.67453002929688 606.4466552734375 207.5529022216797 3.9643934 1.4783362 1.6099186 -1.3718615 2.1415021 46.608047 -1.7353541851043701 0.6233465671539307
Car 0.0 0 1.7675081491470337 657.4335327148438 176.40631103515625 689.6509399414062 199.05357360839844 4.3976717 1.6862351 1.7012303 5.0195403 1.977844 56.8066 1.8556411266326904 0.29109081625938416
Car 0.0 0 1.4539490938186646 928.4192504882812 168.5836181640625 957.6167602539062 190.3804168701172 4.1561947 1.6853195 1.6521813 26.709276 1.3554926 58.017967 1.8853867053985596 0.15410511195659637
Car 0.0 0 -3.6497812271118164 1051.9676513671875 143.44493103027344 1197.66796875 188.6227264404297 3.9059348 1.5309794 1.5867414 18.01363 0.5347264 25.447523 -3.0337905883789062 0.15271621942520142
Car 0.0 0 -0.6411556005477905 741.6036376953125 175.2792205810547 851.7678833007812 214.85250854492188 4.0676093 1.4777336 1.6348667 7.373864 1.5795561 28.656174 -0.38929763436317444 0.1313515603542328
