Pedestrian 0.0 0 -2.376361131668091 1143.550048828125 144.8017578125 1168.492431640625 188.11465454101562 0.576954 1.9980198 0.73728275 25.404287 0.7043302 33.624775 -1.7293347120285034 0.2680525481700897
Pedestrian 0.0 0 -1.4194629192352295 46.6860237121582 167.21632385253906 68.8997573852539 211.63905334472656 0.5794127 1.8855541 0.6801519 -23.792952 1.6466167 31.04113 -2.073439121246338 0.21030405163764954
Cyclist 0.0 0 -1.8284289836883545 921.2490844726562 134.934814453125 950.0521850585938 188.00299072265625 1.6006637 1.7990683 0.5261272 11.354659 0.5139249 25.290749 -1.4064362049102783 0.18966124951839447
Car 0.0 0 2.055382251739502 166.15858459472656 191.489990234375 317.3570861816406 264.9324035644531 3.8958812 1.4591346 1.5780673 -8.673323 1.9568851 17.29193 1.5904697179794312 0.9136099815368652
Car 0.0 0 -1.525974988937378 597.75439453125 176.1947021484375 626.2728881835938 201.45965576171875 3.7607563 1.4768064 1.5977868 0.1282214 1.6925275 44.596207 -1.5230997800827026 0.5802215933799744
Car 0.0 0 1.8670824766159058 321.9227294921875 180.75306701660156 424.0612487792969 241.24758911132812 4.010722 1.4835565 1.6093851 -6.55319 1.7275994 20.237925 1.5539295673370361 0.37555280327796936
Car 0.0 0 1.8200291395187378 389.0473937988281 181.671875 422.8128356933594 202.7321319580078 4.19664 1.6277925 1.705285 -16.848396 2.383207 59.66137 1.5447958707809448 0.24002797901630402
Car 0.0 0 1.7914865016937256 382.9095153808594 182.7660369873047 457.35736083984375 231.53172302246094 4.260137 1.502642 1.6211401 -6.581773 1.8797174 25.263536 1.536627173423767 0.2257826179265976
Car 0.0 0 2.299992084503174 0.0 208.68203735351562 96.59080505371094 261.9890441894531 3.9893413 1.4638509 1.6771538 -19.859114 2.7858024 24.578901 1.6204077005386353 0.21522869169712067
Car 0.0 0 1.3219510316848755 867.7691040039062 170.49098205566406 899.5970458984375 189.59188842773438 4.0083284 1.5883051 1.6174268 23.479702 1.3921695 62.078014 1.6835495233535767 0.17814010381698608
