Pedestrian 0.0 0 1.6737523078918457 292.5677185058594 171.79055786132812 340.0722351074219 272.2410888671875 0.78215224 1.7329947 0.7137932 -5.29662 1.7150059 12.921274 1.2847281694412231 0.3174176514148712
Pedestrian 0.0 0 -1.2941340208053589 438.28173828125 174.40269470214844 467.3241271972656 228.90078735351562 0.99133456 1.7758244 0.7037528 -5.276739 1.8289255 24.054058 -1.5100833177566528 0.3152736723423004
Cyclist 0.0 0 -1.2941340208053589 438.28173828125 174.40269470214844 467.3241271972656 228.90078735351562 0.99133456 1.7758244 0.7037528 -5.276739 1.8289255 24.054058 -1.5100833177566528 0.1055762991309166
Car 0.0 0 -1.3630828857421875 440.8282470703125 181.9298553466797 537.04541015625 250.3904571533203 3.6903632 1.4387957 1.5688139 -2.8717577 1.6834289 17.538445 -1.5253833532333374 0.8823920488357544
Car 0.0 0 1.892278790473938 239.07672119140625 177.1741485595703 479.0680236816406 320.3033447265625 4.359277 1.4746153 1.6759741 -3.0870762 1.546523 9.755318 1.5857988595962524 0.8620707392692566
Car 0.0 0 1.4670517444610596 637.9928588867188 175.02041625976562 680.1882934570312 209.44049072265625 3.9083765 1.5369357 1.6014105 2.2489507 1.6466904 34.448883 1.5322428941726685 0.8427773714065552
Car 0.0 0 1.654301404953003 556.2355346679688 170.2046356201172 583.7804565429688 194.03175354003906 4.139558 1.6883574 1.6908337 -2.9380937 1.5009851 53.217392 1.599148154258728 0.5001817941665649
Car 0.0 0 -2.482369899749756 920.732666015625 210.15252685546875 1242.0 375.0 3.7535515 1.4898528 1.563282 2.4192905 1.6901977 1.9707363 -1.595149278640747 0.45149561762809753
Car 0.0 0 -1.5678129196166992 635.6885986328125 165.72732543945312 659.4343872070312 189.0792999267578 3.9698277 1.6385901 1.665417 2.716564 1.1388733 52.654354 -1.5162662267684937 0.41774025559425354
Car 0.0 0 -1.474160075187683 524.2548828125 176.6913299560547 553.1196899414062 199.6775360107422 3.9338236 1.5115685 1.6231394 -4.938887 1.7886989 50.070854 -1.5724799633026123 0.37346866726875305
Car 0.0 0 -2.281702756881714 952.4970703125 146.73184204101562 1242.0 355.8270568847656 3.7809596 1.5653555 1.492934 5.2167573 1.3701544 7.350962 -1.6645162105560303 0.29191604256629944
