Pedestrian 0.0 0 1.8952276706695557 0.0 152.6714324951172 52.57463836669922 261.5951232910156 0.7550544 1.7836658 0.6829379 -10.097824 1.4535265 12.286965 1.207315444946289 0.23726831376552582
Pedestrian 0.0 0 2.1900792121887207 210.63134765625 151.60781860351562 242.30645751953125 214.46878051757812 0.60104185 1.8224852 0.58399844 -11.339011 1.2068671 21.251936 1.6999516487121582 0.18060585856437683
Pedestrian 0.0 0 -2.075439929962158 733.0856323242188 145.78614807128906 782.2088012695312 225.8177032470703 1.1705178 1.8129435 0.6452443 3.4135807 1.2001373 16.997465 -1.87724769115448 0.15404759347438812
Pedestrian 0.0 0 1.9585440158843994 55.18955612182617 157.75869750976562 96.75575256347656 227.77171325683594 0.8147357 1.8538076 0.6477497 -14.52574 1.4544716 19.577122 1.3201985359191895 0.14009904861450195
Pedestrian 0.0 0 0.15480434894561768 22.12976837158203 195.5721435546875 67.11182403564453 259.1939392089844 0.95739 1.8220515 0.7560562 -16.978104 2.5212095 21.62764 -0.5107347369194031 0.13223110139369965
Cyclist 0.0 0 -2.2736847400665283 735.408203125 142.7463836669922 798.4072875976562 222.9429473876953 1.5513124 1.793128 0.57615244 3.6131918 1.1203051 16.949875 -2.063659191131592 0.17640216648578644
Cyclist 0.0 0 0.3836019039154053 4.205026626586914 190.66677856445312 72.9803695678711 253.62185668945312 1.4770693 1.812928 0.6534712 -17.124441 2.3593323 21.593454 -0.28687983751296997 0.13236740231513977
Car 0.0 0 -1.5673929452896118 396.05615234375 166.15313720703125 439.0235595703125 205.0919647216797 4.0132294 1.5238856 1.6370214 -8.136467 1.2620026 30.384014 -1.8290417194366455 0.8764696717262268
Car 0.0 0 2.498842716217041 872.09814453125 147.161376953125 1242.0 295.9940185546875 3.8208368 1.6332034 1.6200796 5.388705 1.3516253 8.909503 3.0428037643432617 0.4576030969619751
Car 0.0 0 -2.9028475284576416 436.7553405761719 166.942626953125 498.0772705078125 187.6615447998047 4.296034 1.5441717 1.6324768 -10.802174 1.1039566 54.682446 -3.0978801250457764 0.28201407194137573
Car 0.0 0 -1.9696037769317627 562.8857421875 150.51019287109375 653.6491088867188 207.4851531982422 4.763818 2.0196123 1.8064402 -0.2253061 1.2279413 28.118767 -1.977616310119629 0.2529395818710327
Car 0.0 0 -2.335015058517456 491.8155212402344 161.8568878173828 542.2769775390625 181.98260498046875 4.0790567 1.5510155 1.6129156 -7.45674 0.7038646 57.51049 -2.463954448699951 0.20340198278427124
