Pedestrian 0.0 0 -0.28389087319374084 740.6405639648438 169.11447143554688 752.5467529296875 190.19122314453125 0.8591552 1.7660719 0.5725178 11.482598 1.4530842 60.78318 -0.09718040376901627 0.18671287596225739
Pedestrian 0.0 0 1.8488945960998535 258.6910095214844 152.05421447753906 289.3448486328125 212.6666259765625 0.9804578 1.8806998 0.6398284 -10.708416 1.235676 22.920023 1.411823034286499 0.18175145983695984
Cyclist 0.0 0 2.030963897705078 0.0 183.72096252441406 37.6531982421875 252.5189666748047 1.6505076 1.7088311 0.42332384 -15.843409 2.0088186 19.040022 1.3369476795196533 0.18662190437316895
Cyclist 0.0 0 1.7982088327407837 285.2150573730469 181.1271209716797 299.6124572753906 205.75448608398438 1.7413092 1.6965827 0.55884635 -22.56586 2.2946777 51.221268 1.3832358121871948 0.1702481359243393
Cyclist 0.0 0 1.8488945960998535 258.6910095214844 152.05421447753906 289.3448486328125 212.6666259765625 0.9804578 1.8806998 0.6398284 -10.708416 1.235676 22.920023 1.411823034286499 0.1142035648226738
Car 0.0 0 1.9518253803253174 303.7223205566406 176.17837524414062 375.9801940917969 214.214599609375 4.6359577 1.7425597 1.7556359 -13.328169 1.918653 35.800903 1.5954363346099854 0.7227407097816467
Car 0.0 0 -1.635177493095398 595.0424194335938 172.05209350585938 623.8289794921875 196.20005798339844 3.9637225 1.5254805 1.6400337 -0.10636468 1.4751796 47.610466 -1.6374115943908691 0.37226250767707825
Car 0.0 0 -0.30113232135772705 408.71563720703125 182.3558349609375 479.326416015625 208.45828247070312 3.9595428 1.5109743 1.6258078 -10.301471 2.1223993 44.70057 -0.5276328325271606 0.32818013429641724
Car 0.0 0 2.100712537765503 0.0 236.89585876464844 312.49285888671875 375.0 4.1525216 1.4356575 1.6234754 -5.563025 2.4505398 9.345655 1.5637911558151245 0.29437318444252014
Car 0.0 0 2.1767578125 828.9723510742188 173.18006896972656 897.52880859375 202.96348571777344 3.8279972 1.522253 1.5673097 13.561479 1.5408833 38.6723 2.51403546333313 0.2595459818840027
Car 0.0 0 1.6514779329299927 162.2266845703125 181.16761779785156 200.7359619140625 208.81210327148438 3.5838428 1.4186752 1.5599792 -23.831114 1.9041979 40.152218 1.1158373355865479 0.21937355399131775
Car 0.0 0 1.3078641891479492 367.882080078125 187.49058532714844 404.9205322265625 208.72398376464844 4.2512145 1.4822704 1.6790752 -17.324305 2.6582482 55.706715 1.0063543319702148 0.21796341240406036
Car 0.0 0 -1.9030731916427612 800.7262573242188 174.76083374023438 848.2018432617188 201.55514526367188 3.6007826 1.4796021 1.5472869 12.373195 1.5956374 41.935684 -1.6161623001098633 0.18607209622859955
Car 0.0 0 2.3015928268432617 417.6259460449219 181.99610900878906 477.31121826171875 205.66897583007812 4.1056585 1.4777377 1.6219864 -10.991334 2.1256177 48.91518 2.080562114715576 0.17067204415798187
