Pedestrian 0.0 0 1.3649566173553467 751.0797119140625 159.3568572998047 828.0335693359375 338.0097961425781 0.7050436 1.6634791 0.5938233 1.7422435 1.468309 6.9426417 1.6108275651931763 0.761162281036377
Pedestrian 0.0 0 1.468231439590454 623.1386108398438 151.64454650878906 703.1575317382812 349.1996765136719 0.85942477 1.7158288 0.64766395 0.46557346 1.4669127 6.5757823 1.538914680480957 0.6743537783622742
Pedestrian 0.0 0 0.8626235723495483 887.080078125 130.13516235351562 1008.5462646484375 314.8515319824219 0.86568063 1.7388047 0.7141384 3.395972 1.2663996 7.1620846 1.3053860664367676 0.5777626633644104
Pedestrian 0.0 0 -1.823591709136963 779.4683837890625 142.2296905517578 947.551513671875 370.0 0.73364896 1.6019398 0.62769216 1.2172868 1.4294041 3.6033382 -1.4978067874908447 0.537973940372467
Pedestrian 0.0 0 -1.7265496253967285 504.9891052246094 153.3998260498047 518.8992309570312 187.91038513183594 0.63291526 1.9438163 0.6941818 -5.304487 0.41877994 40.221497 -1.8576748371124268 0.4305388033390045
Pedestrian 0.0 0 1.5628936290740967 638.37744140625 142.55384826660156 660.7405395507812 202.8206024169922 1.027174 1.8398601 0.6819201 1.3561742 0.6829752 22.111286 1.6241508722305298 0.3712189495563507
Pedestrian 0.0 0 -1.5878193378448486 534.8690185546875 149.9387969970703 556.0594482421875 212.27813720703125 0.8198639 1.7831955 0.60072243 -1.7791997 0.9105735 20.65855 -1.6737314462661743 0.3429144024848938
Pedestrian 0.0 0 1.4392492771148682 311.49652099609375 144.59371948242188 338.03741455078125 208.70130920410156 0.6714222 1.804072 0.6259501 -8.099494 0.79519546 20.338163 1.0602600574493408 0.3145420551300049
Pedestrian 0.0 0 -1.6111501455307007 121.54557037353516 138.42340087890625 164.850830078125 246.87078857421875 0.7386554 1.7459381 0.5758831 -7.7894764 1.0701839 11.846022 -2.192821979522705 0.303506463766098
Pedestrian 0.0 0 -2.6485860347747803 265.2406311035156 135.85610961914062 315.4780578613281 210.35137939453125 0.903969 1.7866344 0.69767475 -7.742312 0.717533 17.333162 -3.0686724185943604 0.2696850597858429
Pedestrian 0.0 0 -3.173734664916992 817.2530517578125 123.22018432617188 926.3485107421875 312.5718688964844 0.97570795 1.7681583 0.5579231 2.5732768 1.2349802 7.0154624 -2.822171688079834 0.267428994178772
Pedestrian 0.0 0 3.123547077178955 348.4367370605469 183.5242156982422 419.09130859375 323.8316650390625 0.78974885 1.613444 0.61471844 -2.7314298 1.6535484 8.561473 2.8147175312042236 0.26162785291671753
Pedestrian 0.0 0 1.1440980434417725 232.35020446777344 140.50833129882812 303.5302734375 248.30189514160156 1.2550886 1.6884569 0.5935451 -5.633942 1.0636922 11.700003 0.6953325271606445 0.24156053364276886
Pedestrian 0.0 0 0.12281697988510132 319.4085693359375 134.01890563964844 408.16375732421875 226.95477294921875 1.5513178 1.7224443 0.5855221 -4.637591 0.86261624 13.545214 -0.207052081823349 0.1277017444372177
Cyclist 0.0 0 1.2128571271896362 235.6205291748047 142.13975524902344 308.2373962402344 249.8905029296875 1.6007379 1.6743994 0.5590119 -5.59585 1.0799557 11.739334 0.768042802810669 0.3489333987236023
Cyclist 0.0 0 0.1594788283109665 316.2911071777344 133.69386291503906 411.51239013671875 226.5695343017578 1.6571188 1.7230389 0.5749073 -4.6316824 0.8563242 13.535918 -0.17020995914936066 0.3397955596446991
Cyclist 0.0 0 1.402653694152832 636.0120849609375 137.26792907714844 662.4811401367188 199.18931579589844 1.1535594 1.8908591 0.64210206 1.3474647 0.5722632 22.193695 1.4632930755615234 0.28696948289871216
Cyclist 0.0 0 -3.28883957862854 866.2931518554688 158.67364501953125 1224.0 370.0 1.6216137 1.5362384 1.0012944 1.6731958 1.4976985 2.1361861 -2.624387741088867 0.2690619230270386
Cyclist 0.0 0 0.88623046875 885.449462890625 130.64007568359375 1008.0322265625 318.95806884765625 0.8943389 1.7793355 0.7172059 3.3992372 1.3099283 7.1960015 1.3275377750396729 0.14835180342197418
Cyclist 0.0 0 -1.5235800743103027 534.7722778320312 152.8827362060547 556.9273071289062 214.46253967285156 0.8556642 1.7696997 0.61068887 -1.7632196 0.97759604 20.753422 -1.6083369255065918 0.12853573262691498
Cyclist 0.0 0 -3.173734664916992 817.2530517578125 123.22018432617188 926.3485107421875 312.5718688964844 0.97570795 1.7681583 0.5579231 2.5732768 1.2349802 7.0154624 -2.822171688079834 0.12411126494407654
Car 0.0 0 1.902397632598877 0.0 132.80775451660156 293.0456237792969 370.0 3.9935398 1.5061316 1.5904505 -3.064205 1.3647391 4.2581964 1.2786369323730469 0.6432706117630005
Car 0.0 0 -2.5194411277770996 215.6494903564453 196.92803955078125 504.9591369628906 312.8044738769531 3.8167732 1.4334369 1.5956311 -3.6096056 1.70771 10.420361 -2.8529045581817627 0.3602442443370819
