Pedestrian 0.0 0 3.3244411945343018 59.214786529541016 175.53929138183594 111.21004486083984 274.939697265625 0.6450977 1.7252891 0.6849839 -9.488216 1.7756829 12.993573 2.6937174797058105 0.5570723414421082
Pedestrian 0.0 0 -2.3221983909606934 383.5029602050781 175.48672485351562 403.3775329589844 211.29641723632812 0.622255 1.5891263 0.5918536 -9.790819 1.7095461 32.489758 -2.614894151687622 0.47345834970474243
Pedestrian 0.0 0 1.6706372499465942 465.6663513183594 175.1814727783203 475.5000915527344 200.22227478027344 1.015255 1.7639608 0.59143543 -9.967821 1.932029 51.45642 1.4792933464050293 0.3925861418247223
Pedestrian 0.0 0 0.9576100707054138 710.257568359375 131.95257568359375 773.8846435546875 242.57337951660156 0.99356127 1.7914193 0.59790635 2.17772 1.1294098 12.258647 1.1334235668182373 0.34984713792800903
Pedestrian 0.0 0 -2.125307559967041 19.534690856933594 197.4721221923828 57.619178771972656 241.7807159423828 1.2525504 1.6940385 0.617882 -22.728037 2.6889894 28.645157 -2.796031951904297 0.2063199132680893
Pedestrian 0.0 0 1.4173730611801147 645.5862426757812 154.3135528564453 662.1015014648438 191.49069213867188 0.8503383 1.8250307 0.6965549 2.1375983 0.9152355 35.873592 1.4768896102905273 0.1727892905473709
Cyclist 0.0 0 -2.139392137527466 20.20561981201172 198.0383758544922 59.220848083496094 243.8530731201172 1.3054928 1.7522488 0.6071655 -22.681416 2.7699077 28.643158 -2.8091509342193604 0.3232395350933075
Cyclist 0.0 0 1.0072580575942993 708.0762329101562 131.73094177246094 773.8174438476562 244.170166015625 1.0876817 1.8172175 0.61061 2.1586902 1.1529535 12.277622 1.1813023090362549 0.2202715128660202
Cyclist 0.0 0 1.5775424242019653 465.9709777832031 176.26226806640625 474.043212890625 201.66220092773438 1.1845983 1.7845732 0.5589335 -10.01655 2.0311816 51.495487 1.3854281902313232 0.19904519617557526
Car 0.0 0 1.7960214614868164 402.1124267578125 184.4270782470703 462.7514343261719 221.6022491455078 3.9903965 1.3765041 1.5927527 -7.3334565 1.8897984 29.970173 1.5560449361801147 0.9321497678756714
Car 0.0 0 -2.2517313957214355 850.822509765625 209.3223876953125 1242.0 375.0 4.0690947 1.4575411 1.6478026 2.9138825 1.769457 4.0806537 -1.6316232681274414 0.3389616906642914
Car 0.0 0 -1.82938551902771 741.3502807617188 194.23309326171875 955.1580200195312 346.177734375 3.9436655 1.4543294 1.5908761 2.7742062 1.7939993 9.456508 -1.5440270900726318 0.2318674921989441
Car 0.0 0 1.75601065158844 622.4160766601562 180.0498809814453 660.7841796875 209.14414978027344 3.5337892 1.5094212 1.5155025 1.769244 1.9301953 40.26001 1.799927830696106 0.22386159002780914
Car 0.0 0 1.9427546262741089 309.3493957519531 182.99749755859375 369.66815185546875 212.64276123046875 4.11216 1.4252161 1.6016768 -14.260534 1.9912465 38.16783 1.5851881504058838 0.22013261914253235
Car 0.0 0 1.9353666305541992 259.5140686035156 180.47262573242188 334.55364990234375 216.1885223388672 4.4072824 1.4686272 1.6693289 -14.176952 1.8395867 32.858467 1.5280412435531616 0.18761521577835083
