Pedestrian 0.0 0 -2.6700243949890137 341.06231689453125 159.27471923828125 365.4908447265625 195.660400390625 0.99863976 1.8003588 0.57356566 -12.860767 1.1288154 36.04742 -3.012720823287964 0.21628925204277039
Cyclist 0.0 0 -2.0100436210632324 880.3621826171875 155.0894775390625 957.34814453125 253.84742736816406 1.8125694 1.7145318 0.59482473 5.6555476 1.4064807 13.441542 -1.6117770671844482 0.9000633955001831
Cyclist 0.0 0 -3.2607667446136475 1181.8843994140625 167.85491943359375 1239.0501708984375 204.82423400878906 1.8949369 1.6093993 0.65802526 26.726759 1.3921309 32.19876 -2.5679659843444824 0.3818242847919464
Cyclist 0.0 0 0.04548485577106476 431.8410949707031 165.0075225830078 467.0610046386719 197.06298828125 1.8356453 1.7133297 0.5529773 -8.702637 1.2943022 38.99394 -0.17409586906433105 0.278408408164978
Cyclist 0.0 0 0.09056088328361511 402.176025390625 182.47882080078125 440.3337707519531 214.9320526123047 1.7995764 1.5963233 0.73039925 -9.520344 2.0877118 36.299168 -0.1659364104270935 0.19723249971866608
Cyclist 0.0 0 -2.6700243949890137 341.06231689453125 159.27471923828125 365.4908447265625 195.660400390625 0.99863976 1.8003588 0.57356566 -12.860767 1.1288154 36.04742 -3.012720823287964 0.14976507425308228
Car 0.0 0 -1.63338041305542 572.4553833007812 180.0380096435547 680.5245361328125 277.84832763671875 3.7924218 1.4816686 1.6804787 0.11041553 1.6322987 13.151146 -1.6249847412109375 0.9615674614906311
Car 0.0 0 3.162015914916992 547.8023681640625 174.31265258789062 638.484375 209.2523956298828 3.790917 1.4571283 1.6076488 -0.7487307 1.521734 30.96694 3.1378421783447266 0.3013852834701538
Car 0.0 0 -2.0389862060546875 882.3606567382812 176.49293518066406 1000.0560913085938 230.06961059570312 3.814063 1.4066299 1.5586606 9.508103 1.5234301 21.145077 -1.6164147853851318 0.2296854853630066
Car 0.0 0 -0.9946023225784302 0.0 63.1525764465332 274.4583435058594 375.0 3.8312004 1.5556576 1.5969952 -3.720681 1.1573905 4.6067896 -1.6739914417266846 0.222804993391037
Car 0.0 0 -1.2930219173431396 330.2693176269531 168.15341186523438 481.4881591796875 267.23211669921875 4.3196616 1.6151211 1.6484406 -3.7678 1.5388528 13.930179 -1.5571787357330322 0.21858099102973938
Car 0.0 0 -1.6181682348251343 596.3731689453125 167.85877990722656 620.4544677734375 188.45591735839844 3.7108932 1.4526098 1.5813558 -0.17389475 1.1006804 52.77673 -1.6214631795883179 0.2079867422580719
Car 0.0 0 1.3878575563430786 675.1378784179688 179.46966552734375 704.4256591796875 198.82028198242188 3.9805677 1.4414376 1.6035845 6.2595415 1.984896 57.186672 1.4968816041946411 0.18943223357200623
Car 0.0 0 1.1998002529144287 809.6798706054688 171.73570251464844 889.294189453125 213.2493438720703 4.1387324 1.5576823 1.650491 9.533494 1.5160791 29.182692 1.5155537128448486 0.18170811235904694
Car 0.0 0 0.24368976056575775 55.55590057373047 189.0592498779297 380.6597595214844 306.3338317871094 3.9621985 1.4821784 1.6016175 -5.5885477 1.750965 10.704675 -0.23745451867580414 0.172078475356102
