Pedestrian 0.0 0 -2.292489767074585 1008.459228515625 129.1785888671875 1113.8690185546875 289.0514831542969 0.8295558 1.6898059 0.60161364 4.9750395 1.2285285 8.0833645 -1.740775465965271 0.6751587986946106
Pedestrian 0.0 0 1.846304178237915 523.9580078125 166.68287658691406 543.4442749023438 202.8909149169922 1.7690845 1.8037395 0.530842 -3.9239986 1.496677 36.857994 1.7402410507202148 0.1253391057252884
Cyclist 0.0 0 1.548218846321106 731.8084716796875 172.56008911132812 742.9490356445312 204.33702087402344 1.8920131 1.7621666 0.57765895 7.1941075 1.7462256 40.988323 1.7219651937484741 0.6960345506668091
Cyclist 0.0 0 1.846304178237915 523.9580078125 166.68287658691406 543.4442749023438 202.8909149169922 1.7690845 1.8037395 0.530842 -3.9239986 1.496677 36.857994 1.7402410507202148 0.333635538816452
Cyclist 0.0 0 -1.227378010749817 235.7897491455078 173.31834411621094 288.1935119628906 260.6278381347656 1.7054774 1.711886 0.43688542 -7.2671313 1.7224755 15.024982 -1.677876353263855 0.2635177671909332
Car 0.0 0 1.9786642789840698 358.391357421875 191.71029663085938 513.1177368164062 270.3125915527344 4.560525 1.3923696 1.7012705 -3.7686768 1.8820331 16.324429 1.7517781257629395 0.9509412050247192
Car 0.0 0 -1.6960537433624268 741.0625 173.70562744140625 828.0416870117188 239.46351623535156 3.6365376 1.4349102 1.5984908 4.115222 1.4583737 17.682055 -1.4673899412155151 0.9177000522613525
Car 0.0 0 -1.755167841911316 739.7621459960938 174.6388397216797 800.2273559570312 217.46817016601562 3.708744 1.5232013 1.596749 6.0194883 1.5967101 27.69204 -1.5411250591278076 0.5975750684738159
Car 0.0 0 1.947963833808899 659.6973266601562 175.2138214111328 696.1575927734375 195.29331970214844 3.6313958 1.4912927 1.5948919 5.281234 1.6813838 56.03061 2.0419423580169678 0.38757774233818054
Car 0.0 0 1.4068127870559692 831.26513671875 165.9005584716797 889.0390625 203.70472717285156 4.2853646 1.4842716 1.6176112 10.469338 1.2116224 30.573196 1.7367324829101562 0.33540189266204834
