Pedestrian 0.0 0 1.2491159439086914 654.7301025390625 132.68051147460938 688.6344604492188 209.56805419921875 0.8598223 1.8462877 0.59001946 1.4657164 0.8819666 17.811058 1.3312233686447144 0.4401863217353821
Pedestrian 0.0 0 2.6937015056610107 169.73455810546875 188.99026489257812 202.6267852783203 242.77427673339844 0.74477535 1.7374058 0.63557315 -14.18993 2.2872949 24.08341 2.161261558532715 0.30408787727355957
Cyclist 0.0 0 1.2491159439086914 654.7301025390625 132.68051147460938 688.6344604492188 209.56805419921875 0.8598223 1.8462877 0.59001946 1.4657164 0.8819666 17.811058 1.3312233686447144 0.14628513157367706
Car 0.0 0 -1.8610484600067139 631.5521850585938 184.659423828125 751.5205078125 265.200927734375 3.4393213 1.4287153 1.55244 1.535675 1.7073376 15.169495 -1.7601577043533325 0.9678984880447388
Car 0.0 0 2.3789496421813965 558.1710815429688 176.76136779785156 649.2555541992188 214.2351837158203 3.8347304 1.4667302 1.5669421 -0.2583691 1.6427252 30.532307 2.370487689971924 0.8337107300758362
Car 0.0 0 -0.9355028867721558 717.4669799804688 175.75213623046875 822.43505859375 219.22967529296875 4.143468 1.4671023 1.6370754 5.904929 1.5822066 26.586838 -0.7169507145881653 0.6837618947029114
Car 0.0 0 -1.0859205722808838 795.1616821289062 166.60464477539062 882.0009155273438 208.10980224609375 4.1497097 1.5832232 1.6481255 9.37741 1.3451978 29.564405 -0.7787725329399109 0.6791589260101318
Car 0.0 0 -1.061570405960083 865.941162109375 169.36883544921875 934.3433227539062 203.09278869628906 3.1852028 1.4337909 1.4720805 12.948454 1.2859749 32.247326 -0.6797407865524292 0.5924619436264038
Car 0.0 0 1.8953075408935547 916.0316772460938 162.5807342529297 983.2960205078125 196.31480407714844 4.3383036 1.5381719 1.659098 16.50258 1.0700998 35.036743 2.335493564605713 0.5489201545715332
Car 0.0 0 2.035919666290283 673.590087890625 172.850341796875 739.6942138671875 204.43450927734375 3.9086387 1.4360533 1.5810552 4.6849694 1.4362446 34.863693 2.169499158859253 0.36685124039649963
Car 0.0 0 3.5888142585754395 0.0 178.23406982421875 25.063180923461914 229.22918701171875 3.9495351 1.4815346 1.6511277 -21.14811 1.6609373 22.630148 2.83725643157959 0.3630468249320984
Car 0.0 0 -1.4713232517242432 1069.57275390625 168.13291931152344 1132.0316162109375 209.93580627441406 3.883484 1.5084393 1.6308663 19.078362 1.3384392 28.046066 -0.8739750385284424 0.30697375535964966
