Pedestrian 0.0 0 -1.9828120470046997 679.7200927734375 155.5343017578125 701.9612426757812 190.6051483154297 1.7011737 1.8859783 0.58110106 4.4011865 0.9549484 39.69735 -1.8723944425582886 0.22244694828987122
Cyclist 0.0 0 1.1589179039001465 679.4277954101562 156.09046936035156 701.921142578125 191.32472229003906 1.74517 1.8945277 0.57759273 4.3933334 0.9935187 39.712955 1.269097089767456 0.4176252484321594
Car 0.0 0 1.8178086280822754 392.41021728515625 199.0154266357422 522.6802978515625 285.8208923339844 4.1701493 1.4089358 1.6725101 -3.0593512 2.0341957 15.109942 1.6180366277694702 0.9577822089195251
Car 0.0 0 -1.96644926071167 776.5454711914062 193.17257690429688 1210.01953125 375.0 4.220876 1.4228567 1.6170807 2.7090495 1.6630013 6.3980265 -1.56591796875 0.9220754504203796
Car 0.0 0 -1.7589807510375977 695.4729614257812 191.04600524902344 846.9320068359375 303.2843322753906 3.9970384 1.4047388 1.5948098 2.34785 1.750359 11.6847 -1.56068754196167 0.8146534562110901
Car 0.0 0 -1.6355652809143066 633.7283935546875 178.929443359375 665.5842895507812 205.77606201171875 3.8979568 1.4567959 1.5931866 2.231218 1.8272681 41.99499 -1.5824846029281616 0.5871248245239258
Car 0.0 0 -1.321439504623413 328.46429443359375 167.7942352294922 401.8766174316406 210.94772338867188 3.9773293 1.4705267 1.6303295 -8.976326 1.2984645 26.629507 -1.6465599536895752 0.5023536682128906
Car 0.0 0 -2.5064713954925537 0.0 0.0 1242.0 375.0 3.7733006 1.4782739 1.5877174 2.3900511 1.5247366 1.5733614 -1.5178601741790771 0.46340689063072205
Car 0.0 0 -1.5544662475585938 521.0443725585938 187.5404815673828 555.080810546875 220.02146911621094 3.949543 1.4673362 1.6198628 -3.6412694 2.2514734 36.46862 -1.6539831161499023 0.45575112104415894
Car 0.0 0 2.073240280151367 0.0 0.0 1242.0 375.0 3.8006642 1.4677496 1.6139973 -2.6543763 1.7307249 1.9653084 1.1397745609283447 0.39766937494277954
