Pedestrian 0.0 0 1.5394864082336426 196.6117706298828 131.2373504638672 233.1945343017578 218.73971557617188 0.8785803 1.8616947 0.6774272 -8.762889 0.97661936 15.899242 1.035759687423706 0.5177378058433533
Pedestrian 0.0 0 1.8191639184951782 804.6159057617188 149.64984130859375 837.5516357421875 217.79852294921875 0.6947867 1.78852 0.70248413 5.634215 1.1798992 19.410975 2.1016604900360107 0.351587176322937
Pedestrian 0.0 0 1.5199370384216309 459.2696838378906 173.4647979736328 473.3470764160156 209.57716369628906 0.8043708 1.7441667 0.6347521 -7.07771 1.7748312 35.330048 1.3222230672836304 0.33935269713401794
Pedestrian 0.0 0 0.7887300252914429 245.8897705078125 167.78485107421875 281.263916015625 226.18792724609375 0.7176382 1.7961878 0.6977482 -10.910461 1.6406443 22.636637 0.3396000862121582 0.29780313372612
Cyclist 0.0 0 1.5899312496185303 197.10691833496094 131.9159698486328 232.7235107421875 219.8167724609375 0.94160414 1.8746562 0.6732997 -8.77712 1.0019307 15.958805 1.0870988368988037 0.21115006506443024
Car 0.0 0 1.828643560409546 379.5635070800781 189.2093505859375 491.790771484375 259.4284362792969 4.1567383 1.4212478 1.6491158 -4.1610875 1.8699981 17.679037 1.597482442855835 0.9554567337036133
Car 0.0 0 2.0962748527526855 0.0 205.9950408935547 335.0672302246094 375.0 4.271812 1.4005461 1.6629509 -3.8909333 1.776182 5.9926295 1.5204014778137207 0.9282159805297852
Car 0.0 0 -1.6393343210220337 610.83203125 174.76698303222656 663.9701538085938 220.98086547851562 3.5654798 1.4878296 1.5962594 0.84752536 1.5597674 25.186062 -1.605696439743042 0.8962856531143188
Car 0.0 0 1.7260160446166992 483.9163818359375 179.3266143798828 532.4963989257812 213.80880737304688 3.86911 1.440255 1.608625 -4.604643 1.7524502 32.812454 1.5865943431854248 0.8756093382835388
Car 0.0 0 1.9381585121154785 205.56568908691406 197.0146026611328 339.4745178222656 272.2223815917969 3.6628807 1.3864759 1.5248473 -7.5387936 1.9982746 16.381031 1.5068424940109253 0.4673236906528473
Car 0.0 0 0.796566903591156 955.8760986328125 143.4334259033203 1242.0 375.0 3.7724166 1.4820318 1.5816754 3.625734 1.396555 4.01882 1.5305899381637573 0.4324052929878235
Car 0.0 0 -1.7244179248809814 661.2701416015625 173.0607147216797 707.4139404296875 205.72398376464844 4.2613287 1.5447167 1.6645012 3.6381848 1.5561032 36.320164 -1.6245810985565186 0.37775006890296936
