Pedestrian 0.0 0 2.377857208251953 240.1398468017578 160.0133056640625 345.64898681640625 325.09930419921875 0.9258022 1.7800599 0.6544439 -3.5903516 1.5497351 8.296541 1.9694381952285767 0.7306973934173584
Pedestrian 0.0 0 1.2738014459609985 843.2446899414062 156.98753356933594 885.9064331054688 243.244140625 0.7938742 1.7113366 0.60922605 5.3209968 1.226255 14.661193 1.6219490766525269 0.674418568611145
Pedestrian 0.0 0 -0.6481343507766724 866.2176513671875 156.32839965820312 1029.26708984375 374.0 0.82743484 1.6033919 0.705567 2.481589 1.4336373 5.313574 -0.21121032536029816 0.5926657915115356
Pedestrian 0.0 0 -2.4295921325683594 217.57801818847656 162.49542236328125 299.3050231933594 283.4748229980469 0.84623194 1.7376995 0.713175 -5.174505 1.4660397 10.769937 -2.8774845600128174 0.4990863800048828
Pedestrian 0.0 0 2.87491774559021 367.297607421875 185.32431030273438 450.17889404296875 317.3417663574219 0.9293823 1.6992587 0.74804324 -2.6891167 1.7559131 9.834042 2.6079933643341064 0.47018447518348694
Pedestrian 0.0 0 2.4060487747192383 484.8962707519531 166.9514617919922 508.42413330078125 209.4180145263672 0.72950554 1.7776992 0.6705202 -4.4723034 1.1696593 30.562428 2.260746717453003 0.4014591574668884
Pedestrian 0.0 0 1.5465009212493896 451.0916748046875 148.15830993652344 468.0256652832031 195.81809997558594 0.64058524 1.8352066 0.6319838 -5.560314 0.552358 28.03943 1.35073721408844 0.36831939220428467
Pedestrian 0.0 0 3.4681622982025146 146.5345916748047 140.41067504882812 261.6484375 289.5426025390625 1.1354586 1.8152128 0.66023135 -5.0844903 1.3164202 9.167193 2.961763858795166 0.29621589183807373
Pedestrian 0.0 0 1.2207798957824707 758.50439453125 151.2866668701172 841.1524047851562 289.5874328613281 1.5563974 1.6509997 0.524296 2.4995377 1.2916641 9.371174 1.4814379215240479 0.1468895673751831
Cyclist 0.0 0 1.2272050380706787 757.8358764648438 153.290283203125 841.4385986328125 293.46185302734375 1.6563542 1.6656554 0.50952476 2.495914 1.3317842 9.379885 1.4872709512710571 0.611909031867981
Cyclist 0.0 0 0.029330145567655563 530.2635498046875 175.0775604248047 573.2481079101562 216.99118041992188 1.795756 1.7522607 0.6397748 -2.1070688 1.484741 30.383904 -0.039907198399305344 0.3818078935146332
Cyclist 0.0 0 -1.9335254430770874 959.1754760742188 137.2482452392578 1048.058349609375 275.04083251953125 1.6700399 1.6827008 0.46454778 5.293556 1.1436459 9.62883 -1.4308656454086304 0.38058266043663025
Cyclist 0.0 0 3.4681622982025146 146.5345916748047 140.41067504882812 261.6484375 289.5426025390625 1.1354586 1.8152128 0.66023135 -5.0844903 1.3164202 9.167193 2.961763858795166 0.1516810655593872
Cyclist 0.0 0 1.3057161569595337 842.52685546875 152.59165954589844 885.9827880859375 241.33763122558594 0.91971433 1.7531404 0.6104253 5.315756 1.1833166 14.671254 1.6533280611038208 0.1457904577255249
Cyclist 0.0 0 -1.2260875701904297 369.49615478515625 179.86679077148438 449.7095642089844 318.53778076171875 1.0338368 1.8073161 0.7674341 -2.664471 1.7873607 9.906129 -1.488840937614441 0.143718883395195
Cyclist 0.0 0 -3.4719669818878174 870.6250610351562 143.66958618164062 1037.5625 374.0 0.93424165 1.680229 0.68499947 2.519119 1.4215939 5.3273883 -3.0302646160125732 0.11977965384721756
Cyclist 0.0 0 -2.5593812465667725 215.32528686523438 160.86434936523438 301.97808837890625 284.28607177734375 0.94226825 1.7830619 0.70694745 -5.176279 1.4862536 10.7887125 -3.006727695465088 0.10458045452833176
Car 0.0 0 -1.7191418409347534 665.9166870117188 160.46322631835938 723.1806640625 203.58287048339844 3.6512697 1.5239017 1.6144018 3.437582 0.7814947 27.22776 -1.5935534238815308 0.7482364773750305
Car 0.0 0 2.2323553562164307 0.0 216.32688903808594 153.63558959960938 374.0 3.8795035 1.401987 1.5815848 -6.2265615 1.8337412 6.8822637 1.496935486793518 0.7460631132125854
Car 0.0 0 -2.144900321960449 960.8631591796875 118.96893310546875 1238.0 326.4457092285156 4.4601417 1.7409624 1.6661781 5.9638195 1.2176439 8.293454 -1.5214704275131226 0.39299628138542175
Car 0.0 0 -1.8523905277252197 692.0505981445312 184.2347412109375 814.2095947265625 264.59100341796875 3.4239352 1.4299314 1.511619 2.9205248 1.4937398 14.670025 -1.6558786630630493 0.3330414295196533
Car 0.0 0 -2.565619945526123 497.3608093261719 182.12843322753906 581.984375 214.7469940185547 3.7287219 1.475626 1.6153797 -2.9556074 1.5077722 34.143684 -2.651968479156494 0.3021247386932373
Car 0.0 0 -1.9870455265045166 864.5044555664062 182.636962890625 1016.147705078125 260.4350280761719 3.6366317 1.4417126 1.521798 6.936674 1.4698515 15.189456 -1.5586529970169067 0.2807562053203583
