Pedestrian 0.0 0 -0.8441356420516968 1087.630126953125 168.92189025878906 1133.8106689453125 245.635986328125 0.68616337 1.6511075 0.5059529 10.948592 1.5668353 15.854027 -0.2397547960281372 0.2679249942302704
Pedestrian 0.0 0 -3.0753836631774902 719.121826171875 179.19650268554688 742.9369506835938 220.08230590820312 0.9785488 1.7388787 0.62009877 5.2007246 2.01739 31.226707 -2.910351037979126 0.20882809162139893
Pedestrian 0.0 0 -0.36122018098831177 0.0 227.46168518066406 72.92723083496094 302.1439208984375 1.6334733 1.6980588 0.5205128 -14.856007 3.1590753 18.46122 -1.0388290882110596 0.12353722006082535
Cyclist 0.0 0 -0.36122018098831177 0.0 227.46168518066406 72.92723083496094 302.1439208984375 1.6334733 1.6980588 0.5205128 -14.856007 3.1590753 18.46122 -1.0388290882110596 0.5794894099235535
Cyclist 0.0 0 -1.9025976657867432 1.0251518487930298 202.92750549316406 37.36806869506836 246.6609649658203 1.9612641 1.8335679 0.6467012 -26.351873 3.205863 32.12385 -2.5896072387695312 0.39307376742362976
Car 0.0 0 -3.4567956924438477 1067.23486328125 176.1067352294922 1242.0 277.7008056640625 4.19207 1.5026524 1.6497053 10.373603 1.5655533 12.319739 -2.756946325302124 0.8203108906745911
Car 0.0 0 2.162505626678467 659.7681274414062 191.56515502929688 747.6578979492188 235.6938018798828 3.739899 1.5108867 1.602273 3.6833336 2.2946682 28.274237 2.2920477390289307 0.7168170809745789
Car 0.0 0 -1.7193766832351685 556.1756591796875 170.1421356201172 611.9053344726562 221.1016845703125 4.7876234 2.188475 1.8798054 -1.3291713 2.0723708 33.511322 -1.7590192556381226 0.6306201815605164
Car 0.0 0 -2.657621383666992 728.1321411132812 172.98985290527344 891.9808349609375 242.2786407470703 3.8146322 1.6399274 1.6709995 5.140521 1.6442215 18.992123 -2.3932888507843018 0.3474268615245819
Car 0.0 0 -2.0175960063934326 0.0 202.02432250976562 76.6986312866211 240.8015899658203 3.1833591 1.5635128 1.5063542 -25.832354 2.9346511 32.530293 -2.688730001449585 0.27095478773117065
Car 0.0 0 1.6987202167510986 419.7439270019531 181.52066040039062 456.8857727050781 208.0476837158203 4.483424 1.5105399 1.6917073 -10.661074 2.0782864 44.91685 1.4656811952590942 0.24591928720474243
Car 0.0 0 -1.5984424352645874 435.5690612792969 175.776611328125 460.2640380859375 198.70712280273438 3.7525408 1.5555773 1.6101385 -11.620259 1.7726245 51.47669 -1.8204594850540161 0.24225923418998718
Car 0.0 0 1.317667007446289 0.0 220.84024047851562 56.38138198852539 294.60174560546875 3.9803255 1.5229763 1.6684723 -16.458563 2.9135067 19.081194 0.6059296131134033 0.23268841207027435
Car 0.0 0 1.7681218385696411 405.73590087890625 175.8055877685547 452.1643371582031 206.23912048339844 4.2463603 1.5702406 1.684248 -9.954818 1.7422819 39.805626 1.5230624675750732 0.2117486149072647
