Pedestrian 0.0 0 0.1438591480255127 462.8368225097656 140.1409454345703 537.2178344726562 283.0830078125 0.8634289 1.7612392 0.6005053 -1.3712347 1.2656399 9.01016 -0.007169575430452824 0.5569188594818115
Pedestrian 0.0 0 3.3145370483398438 56.57368087768555 191.0651092529297 93.8910140991211 254.6465606689453 0.75645125 1.7730027 0.67121017 -15.264252 2.085584 20.338463 2.670708656311035 0.2741917371749878
Pedestrian 0.0 0 -1.7608753442764282 838.5996704101562 168.68539428710938 868.1304321289062 238.03289794921875 0.8694965 1.7016511 0.54486346 6.2122426 1.4133419 17.814266 -1.4253387451171875 0.2296585589647293
Pedestrian 0.0 0 -2.3778796195983887 1107.8726806640625 181.039306640625 1224.0 370.0 0.7037541 1.5990276 0.5272552 4.2731185 1.605097 5.331202 -1.7022064924240112 0.17945969104766846
Pedestrian 0.0 0 1.9111064672470093 957.441162109375 195.2411346435547 1074.865966796875 370.0 0.7075795 1.6638522 0.5708085 3.0701876 1.7868301 5.3646455 2.4309093952178955 0.1716838777065277
Pedestrian 0.0 0 1.9220225811004639 254.7409210205078 157.23077392578125 312.39892578125 254.56944274902344 1.0770798 1.8142388 0.6943159 -6.2667847 1.3821744 13.736877 1.4940234422683716 0.15392397344112396
Pedestrian 0.0 0 -1.6412103176116943 896.1633911132812 139.61439514160156 942.068359375 249.53842163085938 0.8350584 1.781814 0.6482307 5.2535906 1.1207318 11.958239 -1.2272664308547974 0.15281862020492554
Pedestrian 0.0 0 -2.651675224304199 1134.6827392578125 150.06678771972656 1224.0 254.89039611816406 1.5296617 1.6886042 0.47759372 10.060481 1.2000092 12.183025 -1.9614121913909912 0.1509961038827896
Pedestrian 0.0 0 1.5099257230758667 861.0906982421875 144.81617736816406 903.0465698242188 256.6372985839844 1.3064648 1.7797514 0.5749246 4.6219482 1.2134607 11.958094 1.8787508010864258 0.14042356610298157
Pedestrian 0.0 0 -0.3089618384838104 814.6746215820312 188.37564086914062 866.9150390625 274.72222900390625 0.8315851 1.6670581 0.6206162 4.62245 1.8283753 14.017285 0.00957632064819336 0.13188621401786804
Cyclist 0.0 0 -2.7157299518585205 1121.73583984375 151.92074584960938 1224.0 256.1839904785156 1.7430003 1.6832249 0.48152658 10.042656 1.2234954 12.297391 -2.030919075012207 0.39000868797302246
Cyclist 0.0 0 3.4257094860076904 0.0 170.53907775878906 87.64876556396484 260.1347961425781 1.6017275 1.7331032 0.61227393 -11.534765 1.5420555 14.263201 2.7456812858581543 0.36008962988853455
Cyclist 0.0 0 -1.3611323833465576 498.8103942871094 157.1865692138672 566.6090087890625 265.21136474609375 1.875442 1.8404545 0.8738156 -1.3328452 1.4449035 13.020492 -1.4631422758102417 0.3502405881881714
Cyclist 0.0 0 1.3476760387420654 848.9652099609375 139.7705078125 901.6730346679688 251.6302032470703 1.2973049 1.81361 0.5653671 4.573118 1.1549052 12.1398 1.7079403400421143 0.18407315015792847
Cyclist 0.0 0 1.4176586866378784 868.70556640625 170.18862915039062 935.9956665039062 292.9305725097656 1.6167467 1.630295 0.64768046 4.2238207 1.4950088 10.248168 1.808598279953003 0.18327614665031433
Cyclist 0.0 0 3.394583225250244 50.06446838378906 191.01229858398438 98.33820343017578 255.4654541015625 0.97130775 1.7926081 0.6828287 -15.278494 2.1038716 20.32413 2.7499685287475586 0.14828237891197205
Cyclist 0.0 0 -0.7978639602661133 1108.0845947265625 206.72894287109375 1224.0 370.0 1.2529902 1.5389681 0.6349118 5.448226 1.7980312 6.5519543 -0.10418371856212616 0.126848503947258
Cyclist 0.0 0 -1.7622491121292114 834.9176025390625 167.73873901367188 869.1350708007812 239.00148010253906 1.039843 1.7542877 0.6308587 6.2258687 1.4417386 17.959967 -1.4285595417022705 0.11588446795940399
Car 0.0 0 -1.4494967460632324 767.5917358398438 192.35845947265625 861.840087890625 271.9920349121094 3.6619709 1.4799429 1.5709562 4.715029 1.7786942 15.720433 -1.1581041812896729 0.266257643699646
Car 0.0 0 -1.0016487836837769 547.1229248046875 165.26925659179688 625.6539306640625 202.17433166503906 3.9740465 1.5435408 1.6343988 -0.7827028 0.9080039 31.690084 -1.0263423919677734 0.161225363612175
Car 0.0 0 -1.409926176071167 543.9417724609375 134.67156982421875 625.6886596679688 199.498779296875 4.198711 1.6925483 1.7273215 -0.50988925 0.4976191 20.652266 -1.434610366821289 0.15337832272052765
Car 0.0 0 3.359260082244873 138.84991455078125 202.1739501953125 423.6313781738281 321.9934387207031 3.67949 1.5615851 1.6025909 -4.750121 1.9287413 10.771662 2.94392991065979 0.135798379778862
