Pedestrian 0.0 0 2.115363359451294 0.0 186.675048828125 88.73233032226562 356.8721618652344 0.7959394 1.7286936 0.5599824 -6.2485957 1.8872728 7.826597 1.4416112899780273 0.22511997818946838
Pedestrian 0.0 0 -1.841835379600525 466.46405029296875 155.61953735351562 480.25335693359375 187.82237243652344 0.6133571 1.9021744 0.66792285 -8.186061 0.88451755 43.04033 -2.029785633087158 0.16619189083576202
Pedestrian 0.0 0 1.3934317827224731 638.4890747070312 129.26181030273438 666.95263671875 195.99977111816406 1.0128119 1.8599381 0.6415998 1.1662655 0.6454137 20.647392 1.4498567581176758 0.16193269193172455
Pedestrian 0.0 0 3.11042857170105 567.7863159179688 166.88812255859375 589.6033935546875 195.74276733398438 1.3233919 1.7627596 0.59497863 -1.963942 1.3986564 44.42319 3.0662474632263184 0.15999387204647064
Cyclist 0.0 0 0.6616788506507874 139.56956481933594 153.87831115722656 247.0685272216797 246.13357543945312 1.8134843 1.6950381 0.53400326 -7.9203486 1.3467488 13.641479 0.13564038276672363 0.33739137649536133
Cyclist 0.0 0 3.178647994995117 567.0713500976562 166.5720977783203 589.3005981445312 195.53704833984375 1.3487235 1.7722836 0.54672855 -1.9873173 1.3882697 44.424656 3.1339433193206787 0.18594884872436523
Cyclist 0.0 0 1.377050757408142 637.0748901367188 129.78897094726562 667.9827270507812 197.96969604492188 1.301638 1.8945009 0.64418095 1.162286 0.69823426 20.73512 1.4330461025238037 0.17818143963813782
Car 0.0 0 1.8955968618392944 295.1194152832031 190.1482696533203 453.26556396484375 281.2182312011719 4.134981 1.3991365 1.6390435 -4.388946 1.78404 13.957383 1.5909334421157837 0.9585108757019043
Car 0.0 0 1.7761361598968506 417.0925598144531 186.47824096679688 492.5611572265625 237.49615478515625 3.7464032 1.3686339 1.5369167 -4.7299805 1.8242706 22.232302 1.5665091276168823 0.8927093744277954
Car 0.0 0 1.7754111289978027 452.90557861328125 176.4463348388672 515.7472534179688 217.38241577148438 4.138312 1.4813098 1.6416625 -4.93024 1.6343591 28.57025 1.604528546333313 0.8689385056495667
Car 0.0 0 1.2042983770370483 723.1237182617188 153.8537139892578 907.0292358398438 257.97052001953125 4.2530484 1.5253478 1.6392266 3.3214428 1.2473449 12.772893 1.4587024450302124 0.8193891048431396
Car 0.0 0 -1.7561113834381104 574.3864135742188 165.63809204101562 610.4192504882812 191.97015380859375 3.6129186 1.5496181 1.5701563 -1.1553959 1.125326 44.390057 -1.7821338176727295 0.187803715467453
Car 0.0 0 -1.5126770734786987 531.3783569335938 166.6863555908203 552.9390258789062 185.38246154785156 3.9670866 1.5785983 1.6466048 -5.908635 1.0581923 62.931465 -1.6062926054000854 0.18159110844135284
Car 0.0 0 -1.792536973953247 607.7821044921875 167.40280151367188 643.2425537109375 191.20266723632812 4.502137 1.744829 1.7611259 1.11251 1.3455448 55.27681 -1.7724134922027588 0.16439728438854218
