Pedestrian 0.0 0 1.6083873510360718 540.2571411132812 156.5343475341797 567.3665161132812 226.7599334716797 0.8660631 1.8585869 0.7028345 -1.3128575 1.1990138 19.45211 1.5409977436065674 0.7040305137634277
Pedestrian 0.0 0 -1.9546501636505127 1051.505615234375 140.203369140625 1162.23095703125 323.68585205078125 0.78607136 1.6367611 0.60943663 4.7410913 1.2697538 6.855624 -1.349609613418579 0.5761556625366211
Pedestrian 0.0 0 2.786818027496338 468.7989501953125 155.8878631591797 517.1190795898438 235.6407012939453 0.93345433 1.7880013 0.6599695 -2.5473864 1.215012 16.617008 2.634702444076538 0.571436882019043
Pedestrian 0.0 0 1.8834413290023804 711.7825927734375 151.3391571044922 747.5443725585938 222.35934448242188 0.8459255 1.7618412 0.67333674 3.2482307 1.0148097 18.348984 2.0586512088775635 0.5542733669281006
Pedestrian 0.0 0 1.8987787961959839 566.4271240234375 157.7992401123047 586.9910888671875 203.2562255859375 0.8151369 1.7942187 0.5951162 -1.0057762 0.8597415 28.826727 1.8639025688171387 0.5472761988639832
Pedestrian 0.0 0 2.3230464458465576 802.0299682617188 145.30979919433594 873.3812866210938 256.00103759765625 0.90028334 1.7605647 0.70231605 3.8837516 1.1862481 11.947576 2.637338161468506 0.5355797410011292
Pedestrian 0.0 0 1.5936225652694702 603.0557861328125 164.894287109375 619.4971313476562 211.29574584960938 0.8610102 1.8018705 0.6306419 0.37449977 1.1580496 28.333494 1.6068394184112549 0.5295310020446777
Pedestrian 0.0 0 -2.06815767288208 614.569580078125 164.07505798339844 638.6369018554688 210.908203125 0.8242411 1.7417701 0.5882155 0.9294376 1.0947556 27.213076 -2.0340168476104736 0.4892326593399048
Pedestrian 0.0 0 2.0268425941467285 497.81915283203125 175.14266967773438 530.0408325195312 242.0487060546875 0.7141309 1.6823145 0.56827176 -2.280052 1.5236459 18.4899 1.9041485786437988 0.4881102442741394
Pedestrian 0.0 0 1.8383301496505737 553.6773071289062 159.6954803466797 576.1787719726562 211.78538513183594 0.78254217 1.7554948 0.58666295 -1.271818 1.0217339 24.651215 1.7867833375930786 0.4747588038444519
Pedestrian 0.0 0 3.162004232406616 348.0451965332031 160.7340087890625 452.95782470703125 322.3346862792969 1.1104985 1.7436882 0.6746871 -2.3308718 1.5209789 8.21526 2.885545015335083 0.4579281508922577
Pedestrian 0.0 0 0.9113913774490356 453.8142395019531 175.84535217285156 487.74853515625 240.4521484375 0.68298423 1.6753197 0.5919384 -3.501674 1.5298619 19.072805 0.7298183441162109 0.416694313287735
Pedestrian 0.0 0 -1.6569710969924927 572.2791748046875 156.5730743408203 606.6476440429688 236.73133850097656 0.8362315 1.7448382 0.69698596 -0.31354076 1.2034671 16.08622 -1.6764599084854126 0.39135417342185974
Pedestrian 0.0 0 2.1071181297302246 590.9122314453125 156.77984619140625 611.3048706054688 204.43304443359375 0.5699341 1.7786366 0.5600024 -0.031073235 0.85700095 27.196878 2.10597562789917 0.3629947304725647
Pedestrian 0.0 0 -1.2652621269226074 421.06365966796875 175.0376739501953 489.53875732421875 282.41485595703125 1.2020029 1.7899061 0.85938233 -2.5816317 1.6834694 12.613788 -1.4671416282653809 0.33860552310943604
Pedestrian 0.0 0 -3.5073342323303223 1128.5712890625 122.94049072265625 1238.0 315.513427734375 0.7245575 1.7636074 0.7144232 5.675837 1.2286897 7.0275464 -2.8279426097869873 0.33689528703689575
Pedestrian 0.0 0 1.7680305242538452 531.9730224609375 163.8699951171875 549.9583129882812 204.5843963623047 1.4407986 1.683404 0.48900118 -2.5696082 0.9554474 30.441511 1.6838188171386719 0.23608605563640594
Pedestrian 0.0 0 0.9343090653419495 637.0713500976562 157.0193328857422 681.0858764648438 211.72877502441406 1.6936 1.7516168 0.55640244 1.8725091 0.96892506 23.861729 1.0126218795776367 0.17872904241085052
Pedestrian 0.0 0 0.2428371012210846 254.34068298339844 186.795654296875 390.4256896972656 293.3150329589844 1.8005885 1.5352465 0.7215942 -4.2228775 1.6201814 10.870028 -0.12770608067512512 0.13393168151378632
Pedestrian 0.0 0 0.8849704265594482 819.1150512695312 106.03959655761719 1167.836181640625 374.0 1.9225879 1.665666 0.77674574 2.1300955 1.314969 4.374376 1.3381223678588867 0.12067241966724396
Cyclist 0.0 0 0.2428371012210846 254.34068298339844 186.795654296875 390.4256896972656 293.3150329589844 1.8005885 1.5352465 0.7215942 -4.2228775 1.6201814 10.870028 -0.12770608067512512 0.5863197445869446
Cyclist 0.0 0 -2.110605478286743 695.7977905273438 161.0497283935547 774.7670288085938 258.85101318359375 1.8571945 1.6841375 0.5558495 2.402321 1.3332633 13.333981 -1.9323523044586182 0.4814251661300659
Cyclist 0.0 0 1.7997353076934814 530.1648559570312 164.60459899902344 550.3421020507812 205.34417724609375 1.6598591 1.6798291 0.49158582 -2.6000288 0.98416203 30.473333 1.7146199941635132 0.4692252278327942
Cyclist 0.0 0 0.8849704265594482 819.1150512695312 106.03959655761719 1167.836181640625 374.0 1.9225879 1.665666 0.77674574 2.1300955 1.314969 4.374376 1.3381223678588867 0.4080328643321991
Cyclist 0.0 0 0.9343090653419495 637.0713500976562 157.0193328857422 681.0858764648438 211.72877502441406 1.6936 1.7516168 0.55640244 1.8725091 0.96892506 23.861729 1.0126218795776367 0.3720143437385559
Cyclist 0.0 0 -1.2652621269226074 421.06365966796875 175.0376739501953 489.53875732421875 282.41485595703125 1.2020029 1.7899061 0.85938233 -2.5816317 1.6834694 12.613788 -1.4671416282653809 0.36824390292167664
Cyclist 0.0 0 -2.9951393604278564 564.472900390625 152.21939086914062 622.7636108398438 233.8665771484375 1.2299173 1.7822324 0.60135144 -0.20238695 1.1443049 16.057587 -3.007742404937744 0.2350596934556961
Cyclist 0.0 0 1.9967377185821533 469.20379638671875 159.5431365966797 514.573974609375 241.05117797851562 0.9899843 1.8291377 0.69738686 -2.5687637 1.3376155 16.6884 1.8440113067626953 0.19803482294082642
Cyclist 0.0 0 1.0727370977401733 613.7935791015625 161.29086303710938 638.3629760742188 209.4385528564453 0.8482335 1.7930726 0.5983498 0.91108835 1.0414976 27.262184 1.1061441898345947 0.19735455513000488
Cyclist 0.0 0 0.25761306285858154 533.9966430664062 158.8291778564453 574.12744140625 228.1002960205078 0.9625604 1.8397672 0.610652 -1.309545 1.2388197 19.466505 0.19044256210327148 0.17024120688438416
Cyclist 0.0 0 -1.9564450979232788 1049.1109619140625 143.9204559326172 1161.642578125 329.5983581542969 0.8438009 1.6543157 0.6031025 4.7374883 1.3208779 6.8745427 -1.353048324584961 0.1682056039571762
Cyclist 0.0 0 1.7354230880737305 499.5357971191406 174.18943786621094 527.747314453125 242.50253295898438 0.9183387 1.7261645 0.58570075 -2.2998495 1.5426192 18.619564 1.61252760887146 0.16793501377105713
Cyclist 0.0 0 1.9560661315917969 345.20989990234375 160.4479522705078 446.11236572265625 330.93377685546875 1.1225904 1.8107655 0.74622935 -2.3679936 1.5885272 8.224255 1.6757210493087769 0.1444982886314392
Cyclist 0.0 0 -1.368778944015503 553.7564697265625 160.44818115234375 575.8564453125 212.6217803955078 0.88602024 1.759893 0.59534025 -1.2778761 1.0508622 24.710491 -1.4204468727111816 0.14286071062088013
Cyclist 0.0 0 1.6096744537353516 602.6575317382812 164.99105834960938 619.3038940429688 212.02072143554688 0.91621983 1.8274542 0.62431365 0.36389259 1.1869735 28.383701 1.6224942207336426 0.1311563402414322
Cyclist 0.0 0 1.8987787961959839 566.4271240234375 157.7992401123047 586.9910888671875 203.2562255859375 0.8151369 1.7942187 0.5951162 -1.0057762 0.8597415 28.826727 1.8639025688171387 0.11494923382997513
