Pedestrian 0.0 0 0.8984123468399048 727.0737915039062 173.96279907226562 750.8153076171875 213.21946716308594 0.8772734 1.7854573 0.6835053 5.925052 1.837979 33.393456 1.0740163326263428 0.7404066920280457
Pedestrian 0.0 0 -1.465428113937378 898.294189453125 154.7509307861328 926.1720581054688 214.8059844970703 1.0640312 1.7806158 0.6785281 9.18431 1.2442226 22.020208 -1.0702800750732422 0.32627174258232117
Pedestrian 0.0 0 -2.986323595046997 702.1630249023438 172.91261291503906 715.0722045898438 198.38497924804688 0.8205349 1.7772757 0.5766813 6.9074483 1.7817863 50.7365 -2.8510119915008545 0.30320826172828674
Pedestrian 0.0 0 -1.5861321687698364 1190.4764404296875 134.7786407470703 1226.85791015625 216.70062255859375 0.85510063 1.8141973 0.6251943 13.63366 0.9713603 16.505146 -0.8957226276397705 0.2383919358253479
Pedestrian 0.0 0 -1.874683141708374 797.3379516601562 158.81822204589844 817.2554321289062 197.58592224121094 0.83790654 1.7743243 0.6695236 9.102851 1.1322914 33.45211 -1.6090002059936523 0.2375238984823227
Pedestrian 0.0 0 -3.219611883163452 671.9677734375 174.58421325683594 683.7576293945312 196.14744567871094 0.89228266 1.7138612 0.62577564 5.40146 1.8533931 57.716557 -3.12629771232605 0.2336161881685257
Cyclist 0.0 0 -1.5709959268569946 900.5873413085938 152.4758758544922 923.2555541992188 213.16563415527344 1.3795068 1.7871919 0.61910677 9.15698 1.1874553 22.000837 -1.176593542098999 0.29805806279182434
Cyclist 0.0 0 -1.5780255794525146 1065.6624755859375 169.5853271484375 1080.826904296875 210.6410369873047 2.0260413 1.8003029 0.5595518 20.908886 1.6573288 32.643013 -1.0083353519439697 0.2518083453178406
Cyclist 0.0 0 1.118669867515564 727.513427734375 173.8291015625 749.246337890625 212.57351684570312 0.917837 1.7669207 0.65617436 5.9092693 1.8132194 33.46058 1.293471336364746 0.1286695897579193
Car 0.0 0 2.267354965209961 0.0 193.32028198242188 122.3475112915039 270.6121520996094 4.0892286 1.4990401 1.6347731 -13.857145 2.0439918 17.138933 1.587441325187683 0.8654807209968567
Car 0.0 0 1.6001088619232178 327.40216064453125 181.73431396484375 362.1361083984375 211.8402557373047 4.1367903 1.4983015 1.6628329 -14.482662 2.011544 39.444527 1.2482246160507202 0.6716022491455078
Car 0.0 0 -0.6949824094772339 977.8955078125 173.34523010253906 1211.6070556640625 249.10821533203125 3.9317143 1.4710562 1.611152 9.958623 1.4823452 15.036768 -0.11001956462860107 0.3667912483215332
Car 0.0 0 -0.9957537651062012 742.3530883789062 172.8952178955078 800.0952758789062 197.82876586914062 4.0787897 1.5193515 1.6375235 10.277587 1.5224514 45.984287 -0.7758654356002808 0.28401830792427063
Car 0.0 0 -0.8490275144577026 0.0 232.87542724609375 202.44932556152344 375.0 4.0100493 1.4558694 1.654776 -7.1812763 2.3765492 9.017434 -1.5215553045272827 0.278342604637146
