Car 0.0 0 1.3018794059753418 751.99267578125 191.24974060058594 949.62109375 330.0576171875 3.6675158 1.4196587 1.5150808 2.9371703 1.715097 9.719415 1.595349907875061 0.8743645548820496
Car 0.0 0 3.4578280448913574 271.8995056152344 178.9192352294922 422.275146484375 237.00628662109375 3.4606965 1.4675167 1.5240234 -6.9648232 1.636262 19.21289 3.1100542545318604 0.8689258694648743
Car 0.0 0 -2.799734115600586 365.37347412109375 180.00880432128906 491.9837646484375 226.22531127929688 3.7997541 1.4661971 1.5909857 -6.064428 1.7158419 24.163092 -3.0456340312957764 0.746375322341919
Car 0.0 0 -2.3602828979492188 0.0 184.19168090820312 193.99224853515625 368.0726013183594 3.8928263 1.4402983 1.5830561 -6.2491727 1.5573034 6.586283 -3.1194231510162354 0.72282874584198
Car 0.0 0 0.1839483380317688 409.5871887207031 179.53060913085938 516.76611328125 216.34262084960938 4.1015286 1.4581442 1.6103941 -6.0276318 1.7412922 29.720032 -0.016151316463947296 0.6716253161430359
Car 0.0 0 -2.2642996311187744 853.7887573242188 0.0 1242.0 375.0 4.3285017 1.7046424 1.7344335 2.922491 1.12482 3.845293 -1.6144179105758667 0.6227695941925049
Car 0.0 0 3.39172625541687 318.6301574707031 178.5922088623047 471.0903015136719 231.39654541015625 4.1171856 1.508054 1.6290919 -6.4202337 1.6880112 21.689077 3.1039319038391113 0.5880521535873413
Car 0.0 0 -1.675579309463501 643.1771240234375 181.81272888183594 682.8279418945312 212.3065948486328 4.2481847 1.4554597 1.6265633 2.6862736 1.9525039 37.84998 -1.6047265529632568 0.5297545790672302
Car 0.0 0 3.2680206298828125 453.823974609375 182.2580108642578 532.8785400390625 212.0384521484375 4.064137 1.5576417 1.6602226 -6.32475 2.0806615 39.20149 3.1080596446990967 0.5295470356941223
Car 0.0 0 3.7180657386779785 0.0 186.058349609375 91.36477661132812 375.0 4.1015286 1.4836378 1.6705481 -5.67702 1.5862482 4.0585036 2.76792573928833 0.5126315951347351
Car 0.0 0 -0.1536896526813507 777.7114868164062 164.99163818359375 881.6204223632812 203.88119506835938 3.9357104 1.5628352 1.6251478 9.036221 1.2472326 30.069317 0.13823771476745605 0.4577319920063019
