Pedestrian 0.0 0 1.9012385606765747 532.984619140625 174.3156280517578 552.9857788085938 214.06405639648438 0.8182165 1.7297444 0.65150905 -2.9994814 1.7957001 31.905579 1.8075028657913208 0.21774457395076752
Pedestrian 0.0 0 2.0576062202453613 335.3127746582031 174.41209411621094 356.6729736328125 201.36520385742188 1.8817725 1.8074111 0.56164 -18.116142 1.916683 49.464275 1.7065314054489136 0.17753936350345612
Cyclist 0.0 0 2.0576062202453613 335.3127746582031 174.41209411621094 356.6729736328125 201.36520385742188 1.8817725 1.8074111 0.56164 -18.116142 1.916683 49.464275 1.7065314054489136 0.44028207659721375
Cyclist 0.0 0 3.19730544090271 527.859619140625 177.38775634765625 558.1737060546875 215.30728149414062 1.2959114 1.6514618 0.77731574 -2.9964104 1.8550826 31.933128 3.103745460510254 0.2749127149581909
Car 0.0 0 2.1175858974456787 148.3401641845703 188.7368621826172 296.8861083984375 247.2064666748047 4.582825 1.4258125 1.6922379 -11.201049 1.9444041 21.201384 1.6315423250198364 0.9248971343040466
Car 0.0 0 -1.5884137153625488 554.05029296875 186.09417724609375 712.7683715820312 339.2594909667969 4.178341 1.5092423 1.6438049 0.19213131 1.7234457 9.559797 -1.5683186054229736 0.8398697972297668
Car 0.0 0 -2.2361361980438232 1079.462158203125 152.8062744140625 1242.0 262.6505126953125 4.046729 1.4796556 1.627766 9.695033 1.2099608 11.759142 -1.5466530323028564 0.4564049541950226
Car 0.0 0 -0.8953142166137695 0.0 182.25424194335938 84.36119079589844 228.55577087402344 4.180733 1.501529 1.663942 -21.577538 1.8725317 26.347763 -1.5815045833587646 0.3493986427783966
Car 0.0 0 1.2112724781036377 802.8640747070312 168.45750427246094 879.90966796875 208.4195098876953 4.2631593 1.5557132 1.6657845 9.552158 1.3849163 30.259829 1.5170438289642334 0.34445720911026
Car 0.0 0 2.1480112075805664 0.0 224.7135467529297 306.8475036621094 375.0 4.0203605 1.4163854 1.5706323 -4.3371606 2.0216258 6.388262 1.5515689849853516 0.304307222366333
Car 0.0 0 2.1640546321868896 147.58680725097656 176.8218994140625 231.54661560058594 208.28671264648438 4.2396455 1.5001321 1.6396941 -21.54558 1.7165438 37.115143 1.638092041015625 0.2924451231956482
Car 0.0 0 2.9889190196990967 581.0032348632812 167.69175720214844 672.905517578125 205.58047485351562 3.42542 1.4409828 1.5078384 0.59190834 1.2450103 28.411278 3.0097496509552 0.22838105261325836
