Pedestrian 0.0 0 1.6837266683578491 475.8356628417969 175.8572998046875 503.8986511230469 240.51901245117188 1.7397366 1.7095438 0.5801355 -3.3673995 1.7970059 20.039736 1.517245888710022 0.10160418599843979
Cyclist 0.0 0 1.6469953060150146 477.54290771484375 177.91204833984375 502.5586242675781 241.53863525390625 1.7163724 1.681762 0.56182116 -3.3723414 1.8291317 20.088657 1.4806731939315796 0.8930097222328186
Car 0.0 0 -1.7012370824813843 630.8568725585938 178.90237426757812 685.60205078125 218.56980895996094 4.3057833 1.4431933 1.6395295 1.825466 1.7061803 29.123945 -1.6386398077011108 0.9254828691482544
Car 0.0 0 3.5907132625579834 0.0 182.68624877929688 252.7391357421875 317.5281677246094 3.686879 1.5197154 1.5796914 -6.932291 1.6635449 9.409013 2.9557323455810547 0.8881292343139648
Car 0.0 0 0.2348799854516983 369.3180847167969 179.02696228027344 484.6376647949219 219.75601196289062 3.7484977 1.4008796 1.5513656 -6.5395465 1.6293145 25.8567 -0.012840290553867817 0.8365739583969116
Car 0.0 0 3.3416061401367188 315.912109375 178.12716674804688 457.43634033203125 227.17416381835938 4.1093593 1.4953537 1.6371349 -7.1368456 1.6729248 23.22985 3.043532133102417 0.8288399577140808
Car 0.0 0 -0.7919274568557739 969.29248046875 177.50111389160156 1242.0 325.1309509277344 3.9584448 1.447808 1.5926517 6.354956 1.5076896 8.189364 -0.13199222087860107 0.824558436870575
Car 0.0 0 -0.5606326460838318 779.6973876953125 187.56668090820312 1024.2242431640625 272.00091552734375 4.048371 1.407916 1.5876807 5.3749123 1.7086904 13.579913 -0.18375329673290253 0.8080961108207703
Car 0.0 0 2.427949905395508 856.6461791992188 191.34255981445312 1180.6339111328125 304.9261169433594 4.1739964 1.4325113 1.587026 5.928437 1.7379435 10.696594 2.934039354324341 0.7780107259750366
Car 0.0 0 -0.41607043147087097 770.6084594726562 169.71237182617188 976.1240844726562 240.17538452148438 3.942859 1.4578085 1.5778866 5.647639 1.3931693 15.85754 -0.07392866164445877 0.7691313624382019
Car 0.0 0 0.432040810585022 13.329405784606934 143.1955108642578 333.8594970703125 251.28541564941406 4.254092 1.6394521 1.6659024 -7.0709395 1.1899651 11.984347 -0.10100412368774414 0.7258095741271973
Car 0.0 0 -0.9353307485580444 1098.064697265625 168.5949249267578 1242.0 375.0 3.8781123 1.4812045 1.5912964 6.1392055 1.4543896 5.5920615 -0.10332656651735306 0.6764912605285645
