Pedestrian 0.0 0 1.6002997159957886 937.3165283203125 154.13987731933594 960.164306640625 203.91212463378906 0.7499298 1.8259361 0.7524517 12.622939 1.139751 26.971699 2.038026809692383 0.3078300654888153
Pedestrian 0.0 0 -3.2203025817871094 1186.76904296875 126.82814025878906 1242.0 218.59561157226562 0.84747285 1.8387837 0.6554467 12.482013 0.9169019 14.967382 -2.5252017974853516 0.29872336983680725
Pedestrian 0.0 0 1.9728941917419434 730.5951538085938 166.0004119873047 761.7339477539062 226.12655639648438 0.6645374 1.7691988 0.7185191 4.0514507 1.5678917 21.703932 2.1574392318725586 0.28897425532341003
Pedestrian 0.0 0 1.744178295135498 752.2058715820312 172.1844024658203 784.9695434570312 238.9515838623047 0.67309636 1.8203794 0.78990084 4.3812566 1.8024809 20.130556 1.9584784507751465 0.24783623218536377
Pedestrian 0.0 0 -1.8099948167800903 395.7361145019531 170.48057556152344 412.767333984375 210.48529052734375 0.7259152 1.7946088 0.5891107 -9.403165 1.6884952 32.82659 -2.0889742374420166 0.24169644713401794
Pedestrian 0.0 0 -3.5119524002075195 1009.649658203125 169.84022521972656 1069.33935546875 221.66424560546875 1.5714331 1.7069238 0.71258813 14.367184 1.608017 24.242725 -2.9769630432128906 0.10450953990221024
Cyclist 0.0 0 -3.5119524002075195 1009.649658203125 169.84022521972656 1069.33935546875 221.66424560546875 1.5714331 1.7069238 0.71258813 14.367184 1.608017 24.242725 -2.9769630432128906 0.259554922580719
Cyclist 0.0 0 0.6053371429443359 1181.4459228515625 118.2518081665039 1242.0 213.66464233398438 0.9593923 1.9056823 0.7025101 12.561309 0.81546944 14.963939 1.3036677837371826 0.1098509207367897
Car 0.0 0 -2.1883182525634766 105.51090240478516 172.65347290039062 345.86767578125 284.462158203125 4.294127 1.8005228 1.7523905 -7.1933327 1.7976513 13.353628 -2.682429075241089 0.8534805774688721
Car 0.0 0 1.5794203281402588 347.8110046386719 181.6431121826172 402.2247314453125 231.4352569580078 3.6182551 1.3994641 1.5204526 -7.4892516 1.7028652 22.921124 1.263615369796753 0.8364505767822266
Car 0.0 0 1.473372220993042 432.16778564453125 186.27371215820312 497.3084716796875 237.44654846191406 3.9771311 1.3785052 1.6079314 -4.6900845 1.8407297 22.692873 1.269565224647522 0.8179505467414856
Car 0.0 0 -2.161452054977417 0.0 199.91647338867188 70.20637512207031 275.65447998046875 3.8067293 1.4683969 1.5949776 -14.3794 2.1203706 16.12391 -2.889721632003784 0.6988224387168884
Car 0.0 0 3.246608257293701 0.0 191.16790771484375 74.90351104736328 234.12298583984375 3.8938835 1.552302 1.6016539 -24.246946 2.340778 29.303555 2.5553579330444336 0.4821663200855255
Car 0.0 0 -2.1298868656158447 419.6865539550781 162.89427185058594 494.361572265625 197.4396514892578 3.7942595 1.5086204 1.6111754 -7.1690183 1.0740299 33.42981 -2.341137170791626 0.24873881042003632
Car 0.0 0 -3.508603572845459 1076.638427734375 176.626953125 1225.660400390625 225.42140197753906 3.5117276 1.477008 1.5684258 17.27063 1.6053951 23.254702 -2.8698084354400635 0.24442794919013977
