Pedestrian 0.0 0 -3.4882936477661133 882.0006103515625 147.5320587158203 967.5767822265625 292.4271545410156 0.81189215 1.7364379 0.60202414 3.9123788 1.3430276 8.797707 -3.069852352142334 0.6614515781402588
Pedestrian 0.0 0 3.349274158477783 53.27207946777344 188.99832153320312 94.63166809082031 252.075439453125 0.831572 1.7614052 0.67818815 -15.309898 2.0134642 20.352491 2.704342842102051 0.3318248391151428
Pedestrian 0.0 0 1.895561695098877 253.45120239257812 164.4989471435547 310.0236511230469 261.18157958984375 0.9535671 1.8042789 0.73375475 -6.289266 1.5073062 13.702662 1.465264081954956 0.26703914999961853
Pedestrian 0.0 0 1.3498165607452393 837.758056640625 169.80386352539062 869.6239624023438 239.06971740722656 0.911148 1.6978214 0.568615 6.2182302 1.4372394 17.81115 1.6857073307037354 0.2645544409751892
Pedestrian 0.0 0 1.3014674186706543 754.7923583984375 127.66258239746094 806.8021850585938 239.18426513671875 0.8356733 1.8871378 0.6831282 3.0218396 0.9946866 12.387417 1.540738582611084 0.19692514836788177
Pedestrian 0.0 0 0.7250432372093201 1111.0545654296875 183.68858337402344 1224.0 370.0 0.68479234 1.6000726 0.5184865 4.2813845 1.6275108 5.3198214 1.4027032852172852 0.19385039806365967
Pedestrian 0.0 0 1.9966089725494385 955.81494140625 200.87890625 1077.408935546875 370.0 0.68327636 1.6414313 0.5693991 3.0694225 1.8103008 5.36398 2.516357898712158 0.1769353598356247
Pedestrian 0.0 0 -2.4363183975219727 1134.84521484375 153.23667907714844 1224.0 256.3299560546875 1.5761842 1.666695 0.4658317 10.0536 1.2275859 12.242669 -1.7487874031066895 0.144461527466774
Pedestrian 0.0 0 -0.25197723507881165 812.7711791992188 183.75245666503906 871.8507690429688 273.87518310546875 0.9798624 1.7391105 0.6404011 4.6494083 1.806863 14.017354 0.06829309463500977 0.1398705244064331
Pedestrian 0.0 0 0.20857258141040802 453.7621154785156 181.7484588623047 515.2564697265625 263.5724792480469 1.18422 1.6887226 0.588499 -2.5715704 1.7172412 14.913464 0.03781890869140625 0.12517133355140686
Pedestrian 0.0 0 1.203779935836792 847.34912109375 132.70472717285156 911.2054443359375 245.84075927734375 1.2973626 1.8241012 0.58090836 4.6000047 1.055148 12.0441475 1.5686111450195312 0.1238778829574585
Cyclist 0.0 0 -2.529536008834839 1125.95654296875 154.1971893310547 1224.0 258.0919189453125 1.7288728 1.675423 0.4650853 10.041535 1.2529134 12.292123 -1.8445699214935303 0.5343899130821228
Cyclist 0.0 0 3.52751088142395 45.85976028442383 188.7417755126953 99.03226470947266 251.94573974609375 1.0400654 1.7634486 0.6847814 -15.316556 2.007212 20.308123 2.881321907043457 0.2523656487464905
Cyclist 0.0 0 0.37866106629371643 0.0 169.61683654785156 86.4507827758789 258.8342590332031 1.5612768 1.7337636 0.60303706 -11.536562 1.5239027 14.254996 -0.3017246425151825 0.23089374601840973
Cyclist 0.0 0 3.2907278537750244 434.9397277832031 159.2423553466797 515.2693481445312 240.5495147705078 1.5990124 1.678075 0.57931274 -2.762166 1.2409682 14.904362 3.107480764389038 0.20855927467346191
Cyclist 0.0 0 1.103461503982544 839.8558959960938 135.01419067382812 907.2581176757812 243.19561767578125 1.3091813 1.7675552 0.553496 4.57239 1.026024 12.228276 1.4612845182418823 0.19325454533100128
Cyclist 0.0 0 -1.5080876350402832 486.95458984375 159.50466918945312 532.502197265625 262.7264099121094 1.8047894 1.7704638 0.7259777 -1.7725806 1.411998 13.048621 -1.643105387687683 0.1581907570362091
Cyclist 0.0 0 0.4980497658252716 243.06787109375 164.8329315185547 318.4920349121094 257.68798828125 1.1798242 1.7500048 0.6055315 -6.2955656 1.456369 13.661664 0.06623458862304688 0.15658223628997803
Cyclist 0.0 0 -1.750542402267456 834.6782836914062 168.37899780273438 869.739990234375 240.46942138671875 1.0452415 1.774354 0.6613295 6.2316637 1.4776186 17.96475 -1.4166473150253296 0.13786037266254425
Cyclist 0.0 0 -3.4609310626983643 868.892333984375 143.1269073486328 972.5064697265625 293.0025939941406 1.0330951 1.782627 0.600103 3.8353894 1.3397918 8.751751 -3.0478975772857666 0.10453518480062485
Car 0.0 0 -1.0252597332000732 470.7692565917969 138.97084045410156 590.0986328125 200.56605529785156 3.948849 1.6187872 1.6639725 -2.0987134 0.5289437 20.717339 -1.1262176036834717 0.25727128982543945
Car 0.0 0 -3.4559922218322754 849.0153198242188 193.65501403808594 1084.2274169921875 274.4350891113281 3.9168012 1.4666014 1.5931972 7.0726166 1.7534956 14.25461 -2.9954185485839844 0.21516622602939606
Car 0.0 0 -0.8688361048698425 0.0 190.62232971191406 123.16825866699219 240.05587768554688 4.1439886 1.4721652 1.6544993 -18.694818 1.847695 24.016253 -1.5302815437316895 0.16784058511257172
Car 0.0 0 3.2150745391845703 140.71817016601562 203.98171997070312 430.624267578125 326.217529296875 3.7548676 1.5305842 1.6050758 -4.706166 1.9355986 10.759741 2.8027594089508057 0.1476564109325409
Car 0.0 0 -0.8860845565795898 1101.8818359375 197.3152618408203 1224.0 370.0 4.21192 1.5081896 1.6725186 7.0227838 1.6812677 6.272679 -0.04432802274823189 0.13985241949558258
