Pedestrian 0.0 0 3.1129586696624756 131.44525146484375 175.5086669921875 179.1886749267578 296.6498107910156 0.57894 1.722931 0.62814677 -6.8010902 1.7642207 10.700179 2.546769380569458 0.6504798531532288
Pedestrian 0.0 0 -1.5555311441421509 404.5357360839844 179.20143127441406 422.6923828125 222.12843322753906 0.865337 1.6073555 0.6602943 -7.5668864 1.8555099 27.663963 -1.8225289583206177 0.352927565574646
Pedestrian 0.0 0 1.2187920808792114 856.3755493164062 119.83677673339844 903.0977172851562 210.7842254638672 0.9250869 1.853009 0.6369166 5.6033187 0.77316713 15.1614065 1.5728005170822144 0.2815861999988556
Pedestrian 0.0 0 -2.656294107437134 641.358642578125 160.3206787109375 655.2744750976562 188.786376953125 0.71420455 1.8854727 0.6383105 2.5327296 1.0556645 48.24655 -2.603846788406372 0.2808147370815277
Cyclist 0.0 0 -0.4857819080352783 1097.0233154296875 164.40565490722656 1192.875732421875 241.00045776367188 1.7261053 1.7717063 0.64852345 12.627551 1.5766466 17.136076 0.14928150177001953 0.3108179569244385
Cyclist 0.0 0 -1.4897820949554443 402.583740234375 179.4961395263672 424.2517395019531 222.5087127685547 1.0066572 1.6088531 0.7259753 -7.5878325 1.869596 27.721155 -1.7569578886032104 0.16167011857032776
Cyclist 0.0 0 1.2187920808792114 856.3755493164062 119.83677673339844 903.0977172851562 210.7842254638672 0.9250869 1.853009 0.6369166 5.6033187 0.77316713 15.1614065 1.5728005170822144 0.10987283289432526
Car 0.0 0 -1.5403732061386108 545.6214599609375 177.84170532226562 592.9588012695312 220.58920288085938 3.545097 1.4331362 1.6140369 -1.4789943 1.6283851 26.39815 -1.5963411331176758 0.8871074914932251
Car 0.0 0 2.248725414276123 873.7517700195312 184.40916442871094 941.7301025390625 211.35012817382812 4.309942 1.588387 1.6533346 18.887304 2.3506231 45.809887 2.6397879123687744 0.7625020146369934
Car 0.0 0 -1.5320993661880493 491.9577331542969 179.0457000732422 525.384765625 209.43429565429688 3.4748394 1.463741 1.5797381 -5.2333117 1.799689 37.29667 -1.6715049743652344 0.724760115146637
Car 0.0 0 2.3205904960632324 756.000244140625 180.81214904785156 822.004638671875 208.7643585205078 3.8374147 1.560847 1.6470177 10.655098 2.0548477 43.015854 2.5634047985076904 0.6008598804473877
Car 0.0 0 -1.6127102375030518 625.4365844726562 173.6766815185547 661.050537109375 204.9413299560547 3.8091402 1.4771028 1.6104516 1.5781924 1.5207895 36.09272 -1.5690120458602905 0.40468740463256836
Car 0.0 0 2.0227150917053223 100.15589141845703 184.69406127929688 191.6012725830078 222.17645263671875 4.25569 1.4401118 1.6408892 -20.0517 1.9907901 31.324612 1.453312635421753 0.38365882635116577
Car 0.0 0 2.122434616088867 0.0 196.1217803955078 99.35621643066406 247.8687286376953 4.424569 1.4121166 1.6812903 -19.257639 2.2623687 24.053638 1.4473204612731934 0.3626134395599365
Car 0.0 0 -1.7655410766601562 383.10589599609375 174.4133758544922 439.6778564453125 212.15122985839844 3.5188024 1.4224222 1.5508785 -8.148116 1.4901991 29.272469 -2.0370230674743652 0.3273749053478241
Car 0.0 0 1.9595351219177246 167.88885498046875 191.1852569580078 236.7066192626953 223.25282287597656 4.030408 1.4261873 1.6309149 -20.613798 2.4095805 36.58979 1.446480631828308 0.3186319172382355
