Pedestrian 0.0 0 -2.4331886768341064 356.75897216796875 169.82012939453125 392.10595703125 225.1825408935547 0.79238224 1.6792678 0.6763268 -7.1728735 1.3568825 21.905304 -2.749634265899658 0.6078280210494995
Pedestrian 0.0 0 1.2641586065292358 756.3007202148438 125.08858489990234 818.4566040039062 261.91912841796875 0.90644026 1.7996157 0.5795691 2.4529982 1.0725098 9.764151 1.5102897882461548 0.4691150188446045
Pedestrian 0.0 0 1.625104308128357 737.1905517578125 122.09371948242188 783.154541015625 246.55450439453125 0.63433135 1.8615402 0.6655793 2.3681815 0.9896283 10.963982 1.8378326892852783 0.42435187101364136
Pedestrian 0.0 0 -1.38447904586792 380.6468505859375 166.9102325439453 399.16436767578125 208.3349609375 0.7168737 1.743096 0.63473284 -9.1860075 1.1727391 30.137686 -1.6803349256515503 0.38885214924812317
Pedestrian 0.0 0 2.974760055541992 272.16839599609375 147.1896209716797 370.13714599609375 276.8947448730469 1.1986532 1.7376518 0.6705068 -4.088888 1.2930664 10.067273 2.5889577865600586 0.2868163287639618
Pedestrian 0.0 0 -1.4439836740493774 491.7742614746094 163.46995544433594 502.7773742675781 190.1371612548828 1.2025615 1.8083428 0.60113484 -7.3902745 0.65482247 48.54946 -1.595045566558838 0.24126414954662323
Pedestrian 0.0 0 2.164182424545288 0.0 100.85700988769531 82.11305236816406 283.6656494140625 0.6225423 1.8603727 0.6499518 -6.169148 1.0515697 7.530481 1.4778292179107666 0.23474013805389404
Pedestrian 0.0 0 -0.7239493131637573 258.5870361328125 144.65101623535156 290.56109619140625 201.8361358642578 0.7080204 1.7809885 0.5893181 -10.523994 0.6660521 22.457508 -1.1621776819229126 0.2081320583820343
Pedestrian 0.0 0 0.910230278968811 1083.376708984375 65.072021484375 1224.0 266.70770263671875 1.7364801 1.7796708 0.6016529 5.6429133 0.76258564 7.1069098 1.5813043117523193 0.12112446874380112
Cyclist 0.0 0 -2.0473031997680664 999.7977294921875 8.554181098937988 1224.0 370.0 1.8493626 1.6913576 0.6409778 3.027555 0.89845175 4.223953 -1.4254180192947388 0.23778648674488068
Cyclist 0.0 0 2.974760055541992 272.16839599609375 147.1896209716797 370.13714599609375 276.8947448730469 1.1986532 1.7376518 0.6705068 -4.088888 1.2930664 10.067273 2.5889577865600586 0.22762851417064667
Cyclist 0.0 0 0.910230278968811 1083.376708984375 65.072021484375 1224.0 266.70770263671875 1.7364801 1.7796708 0.6016529 5.6429133 0.76258564 7.1069098 1.5813043117523193 0.22535113990306854
Cyclist 0.0 0 1.2649022340774536 754.2340087890625 125.25853729248047 819.5506591796875 264.1376037597656 1.0319803 1.8231087 0.58799344 2.4541693 1.0996103 9.80956 1.5100516080856323 0.15478532016277313
Cyclist 0.0 0 -1.5143558979034424 361.7316589355469 168.3427734375 386.03173828125 225.57008361816406 0.8443346 1.7318256 0.67062086 -7.1792564 1.3654809 21.886202 -1.8313227891921997 0.11704640090465546
Cyclist 0.0 0 -1.4439836740493774 491.7742614746094 163.46995544433594 502.7773742675781 190.1371612548828 1.2025615 1.8083428 0.60113484 -7.3902745 0.65482247 48.54946 -1.595045566558838 0.10909460484981537
Car 0.0 0 -1.7096360921859741 544.9847412109375 155.3297882080078 598.2660522460938 198.53530883789062 3.8259997 1.6265181 1.6272529 -1.440606 0.6804688 28.64448 -1.759886384010315 0.6434416770935059
Car 0.0 0 -1.6488547325134277 535.5585327148438 166.0022735595703 577.5419921875 201.32186889648438 4.332842 1.577512 1.6574335 -2.3956368 0.9314511 33.839928 -1.7195299863815308 0.5050672888755798
Car 0.0 0 -3.3868608474731445 913.3074951171875 163.37220764160156 1150.00927734375 241.3103485107422 4.054724 1.5195776 1.6243159 8.866112 1.1872646 15.129584 -2.85679030418396 0.2532709836959839
