Pedestrian 0.0 0 0.788737416267395 264.43817138671875 164.09742736816406 338.8050842285156 275.86322021484375 0.8875451 1.7089663 0.65551573 -4.9248514 1.3871863 11.457751 0.3827853202819824 0.19414088129997253
Pedestrian 0.0 0 1.6435387134552002 363.6458740234375 169.2019500732422 394.77227783203125 253.7693634033203 0.9244193 1.7657496 0.5777655 -4.973012 1.4325172 15.522947 1.333504557609558 0.18152423202991486
Cyclist 0.0 0 -1.8061492443084717 681.1996459960938 159.9048309326172 696.0433959960938 190.0663604736328 1.7225194 1.8171186 0.5170095 4.9377747 0.29336575 44.19122 -1.6948742866516113 0.2864728569984436
Cyclist 0.0 0 -1.4019136428833008 395.1769104003906 173.20046997070312 432.2908935546875 235.36415100097656 1.6452129 1.6296818 0.7185498 -5.339244 1.3158221 19.694944 -1.6666477918624878 0.2205255627632141
Cyclist 0.0 0 0.6083149313926697 499.82818603515625 165.5001678466797 525.053955078125 193.01565551757812 1.5205415 1.7101481 0.5722791 -6.0300517 0.48591614 45.27736 0.47591376304626465 0.16062341630458832
Car 0.0 0 -1.6429239511489868 508.19195556640625 167.35897827148438 547.5228271484375 199.47994995117188 3.724687 1.4495164 1.5964499 -3.904385 0.6448313 34.413334 -1.7558964490890503 0.7702884674072266
Car 0.0 0 -1.796830415725708 578.4625854492188 165.2933807373047 625.6024780273438 197.2107391357422 3.6958575 1.5569909 1.6332928 -0.37857756 0.5862732 37.051155 -1.807047724723816 0.7305649518966675
Car 0.0 0 -0.7494268417358398 0.0 220.3492431640625 236.42320251464844 376.0 3.7937 1.4353199 1.5952382 -3.411827 1.6809047 3.0905404 -1.584195613861084 0.28205686807632446
Car 0.0 0 2.6348700523376465 0.0 214.0217742919922 234.14404296875 376.0 3.8554797 1.425201 1.5537943 -5.6104927 1.7689154 6.4681625 1.9203598499298096 0.28146910667419434
Car 0.0 0 1.9461925029754639 120.52808380126953 168.7830047607422 232.71817016601562 218.11260986328125 4.3898807 1.4596685 1.6481975 -13.99789 0.97455454 23.565723 1.4102011919021606 0.25288236141204834
Car 0.0 0 -1.2005054950714111 119.45267486572266 199.3277587890625 403.996826171875 368.6734924316406 4.0189323 1.4406016 1.5806676 -3.739763 1.6486623 8.494451 -1.615229845046997 0.2330608367919922
Car 0.0 0 2.802617311477661 532.8787841796875 176.32215881347656 592.1865844726562 197.05166625976562 3.8994129 1.4243773 1.5358013 -3.2176285 0.8144115 50.860386 2.7394375801086426 0.2148200273513794
Car 0.0 0 1.2210755348205566 613.550048828125 177.50730895996094 663.1787109375 203.5289306640625 4.182373 1.4877763 1.6468962 1.7594101 1.0481836 43.339104 1.2616496086120605 0.20830273628234863
Car 0.0 0 -1.5304796695709229 953.855224609375 165.13914489746094 1074.8426513671875 270.666259765625 3.636255 1.489535 1.5468799 6.8419094 1.2072816 12.095765 -1.0157043933868408 0.19362054765224457
Car 0.0 0 2.8325400352478027 376.55792236328125 162.63063049316406 447.1416931152344 186.6672821044922 4.60836 1.6586459 1.6217889 -14.03688 0.10129742 51.53436 2.5666122436523438 0.178709015250206
Car 0.0 0 2.151198625564575 242.0121612548828 177.83946228027344 296.425537109375 201.79266357421875 3.5466692 1.5073336 1.5324615 -22.141752 1.0442919 47.09596 1.7117220163345337 0.15848270058631897
