Pedestrian 0.0 0 -1.5295315980911255 809.2941284179688 157.98355102539062 820.3660888671875 188.1487274169922 0.6643998 1.9429222 0.6659956 13.282512 0.9854822 46.890636 -1.2534971237182617 0.2842327356338501
Pedestrian 0.0 0 1.3497660160064697 1024.1982421875 140.4186553955078 1050.821533203125 193.86109924316406 0.9987795 1.8643701 0.6111326 15.196506 0.7332025 25.737633 1.8831257820129395 0.27821457386016846
Pedestrian 0.0 0 1.5733325481414795 1037.66064453125 137.57379150390625 1063.781005859375 197.65252685546875 0.6563819 1.8636618 0.6969035 13.904431 0.7696161 22.841429 2.1201517581939697 0.22564353048801422
Pedestrian 0.0 0 0.28561949729919434 253.68710327148438 175.83395385742188 276.87164306640625 200.44515991210938 1.36066 1.7233902 0.62051964 -24.407213 1.93626 51.03813 -0.16044890880584717 0.2096058875322342
Cyclist 0.0 0 0.28561949729919434 253.68710327148438 175.83395385742188 276.87164306640625 200.44515991210938 1.36066 1.7233902 0.62051964 -24.407213 1.93626 51.03813 -0.16044890880584717 0.24686680734157562
Cyclist 0.0 0 1.4286965131759644 1023.9071044921875 141.07199096679688 1049.1251220703125 194.5007781982422 1.1265591 1.8629756 0.6206298 15.194379 0.75514674 25.79508 1.961019515991211 0.12006355077028275
Car 0.0 0 1.851595163345337 279.0637512207031 185.44842529296875 337.2727966308594 219.47520446777344 3.8540485 1.4764209 1.5826052 -14.513629 2.1191409 34.79356 1.4564045667648315 0.5212497115135193
Car 0.0 0 -1.4655306339263916 591.8453979492188 174.1336212158203 618.126220703125 193.91551208496094 4.205088 1.503764 1.6561369 -0.38645336 1.6096041 57.301575 -1.4722747802734375 0.42658188939094543
Car 0.0 0 -2.120103359222412 231.169677734375 179.41961669921875 280.79840087890625 201.00318908691406 3.562164 1.4806609 1.5904511 -25.606016 1.9699981 52.109318 -2.5768396854400635 0.4242255985736847
Car 0.0 0 1.8247532844543457 358.5534362792969 174.0563507080078 393.6112976074219 196.993896484375 4.1266994 1.7704161 1.7005476 -18.783663 1.8709774 58.019783 1.5116561651229858 0.3656756281852722
Car 0.0 0 2.302489757537842 11.384953498840332 202.54408264160156 191.95309448242188 271.19677734375 3.787518 1.3732606 1.5681419 -12.590658 2.200499 18.115988 1.6951258182525635 0.3591577112674713
Car 0.0 0 1.4205577373504639 403.34100341796875 183.1280975341797 430.80755615234375 202.2527618408203 3.908461 1.4398185 1.5866078 -15.74606 2.30597 58.69257 1.158449411392212 0.3177863657474518
Car 0.0 0 -1.0695483684539795 303.3758850097656 164.10772705078125 357.2159118652344 194.69903564453125 3.6308963 1.9350294 1.7841053 -18.403662 1.3821484 47.55464 -1.438798189163208 0.2977733314037323
