Pedestrian 0.0 0 -1.305618166923523 325.8603210449219 175.64625549316406 369.7576904296875 252.25392150878906 1.7164025 1.7134495 0.5488915 -6.2294354 1.7833064 17.077911 -1.655386209487915 0.1228574737906456
Cyclist 0.0 0 -1.305618166923523 325.8603210449219 175.64625549316406 369.7576904296875 252.25392150878906 1.7164025 1.7134495 0.5488915 -6.2294354 1.7833064 17.077911 -1.655386209487915 0.5326002240180969
Car 0.0 0 1.8025199174880981 409.8758850097656 186.27029418945312 502.0257873535156 246.3988494873047 4.041619 1.4458935 1.6404103 -4.254287 1.8616956 20.299353 1.5959324836730957 0.9526399374008179
Car 0.0 0 -1.834242343902588 688.2562255859375 185.79286193847656 809.9636840820312 270.615966796875 3.415577 1.4517217 1.5539129 2.636823 1.7465991 14.653325 -1.656200647354126 0.9143456220626831
Car 0.0 0 -1.9995142221450806 767.1019897460938 190.7103271484375 1050.9754638671875 368.46380615234375 3.4695382 1.4594303 1.5263733 2.9616675 1.7037996 8.068966 -1.647736668586731 0.9121293425559998
Car 0.0 0 -1.7445827722549438 653.1512451171875 181.6627655029297 737.26708984375 244.18951416015625 3.745784 1.4534957 1.5735945 2.1172082 1.7120917 19.230402 -1.63492751121521 0.8925805687904358
Car 0.0 0 -1.7005937099456787 634.7992553710938 178.96043395996094 698.3423461914062 226.74537658691406 4.2796273 1.4872952 1.6481379 1.8392109 1.71939 25.196169 -1.6277272701263428 0.8525692820549011
Car 0.0 0 2.2265429496765137 0.0 193.17771911621094 275.19921875 375.0 3.609903 1.4472342 1.5190612 -3.476007 1.614544 4.0841794 1.521416187286377 0.8402988314628601
Car 0.0 0 1.7574819326400757 447.6400451660156 187.07073974609375 511.6214599609375 233.71876525878906 3.8198128 1.4849565 1.5893694 -4.6672454 2.036461 26.052094 1.5802119970321655 0.8134230971336365
Car 0.0 0 -2.397897720336914 937.35107421875 213.2125244140625 1242.0 375.0 3.9773045 1.4441075 1.6122541 3.0404968 1.722614 2.9594605 -1.5989941358566284 0.6743291020393372
Car 0.0 0 1.7252824306488037 483.48785400390625 182.44879150390625 526.6761474609375 215.23170471191406 3.7891612 1.5010233 1.5717723 -5.2238755 2.0061128 36.050728 1.5813806056976318 0.6155145168304443
Car 0.0 0 -1.7154940366744995 629.678466796875 178.00352478027344 679.3184814453125 215.0044708251953 3.884088 1.4814699 1.6021006 1.834832 1.7205936 31.448425 -1.65721595287323 0.5024738907814026
