Pedestrian 0.0 0 1.5045735836029053 962.6539916992188 158.2126007080078 1025.0889892578125 287.9187316894531 0.6136535 1.750865 0.7343242 5.337951 1.5535829 10.166379 1.9880670309066772 0.659610390663147
Pedestrian 0.0 0 2.4086050987243652 760.2222900390625 168.763916015625 785.6707153320312 209.05136108398438 0.8424552 1.7524301 0.7043339 7.1616774 1.5748768 31.896229 2.6294727325439453 0.5876753926277161
Pedestrian 0.0 0 2.7366223335266113 0.0 192.3326873779297 39.09877014160156 260.4047546386719 0.68848205 1.6663926 0.6219322 -15.145488 2.1747296 18.365536 2.0470192432403564 0.4880238175392151
Pedestrian 0.0 0 1.7351418733596802 126.71263122558594 176.90965270996094 139.95787048339844 206.1431427001953 0.63485557 1.7743602 0.58344644 -29.305756 2.0261142 44.314064 1.1508502960205078 0.38554900884628296
Pedestrian 0.0 0 0.3411972224712372 918.272705078125 170.81173706054688 947.4050903320312 230.54347229003906 0.6325147 1.728022 0.56602603 9.481808 1.6692978 21.29415 0.7601170539855957 0.354242742061615
Pedestrian 0.0 0 1.5291130542755127 870.600341796875 140.4287872314453 889.3949584960938 190.31954956054688 0.59062046 1.9087896 0.65749556 10.425382 0.6685792 27.985462 1.885715126991272 0.26535525918006897
Cyclist 0.0 0 3.6488845348358154 0.0 192.9871826171875 41.895660400390625 262.052978515625 0.9203783 1.6950699 0.66009855 -15.214794 2.2190332 18.353317 2.956712484359741 0.20590753853321075
Cyclist 0.0 0 -0.6807124614715576 760.9505004882812 171.05946350097656 785.8096923828125 210.64308166503906 0.82018304 1.7230117 0.69008946 7.1803117 1.6452565 31.89573 -0.4592854082584381 0.10006443411111832
Car 0.0 0 3.0662877559661865 49.05268478393555 187.25584411621094 124.44654083251953 213.07330322265625 3.9942698 1.5916823 1.6650108 -35.210033 2.5997078 48.555824 2.4388842582702637 0.3968823254108429
Car 0.0 0 2.0028109550476074 253.21656799316406 185.98876953125 326.4372863769531 219.4296112060547 4.352506 1.479442 1.6497077 -15.827399 2.171899 35.82741 1.58682382106781 0.38585364818573
Car 0.0 0 1.8298842906951904 283.96893310546875 196.3367462158203 392.72857666015625 267.2221984863281 3.7681704 1.4155151 1.5634084 -6.5475364 2.0538146 17.648394 1.4746259450912476 0.35668009519577026
Car 0.0 0 2.1830036640167236 263.50634765625 193.3564910888672 309.2352294921875 211.88494873046875 4.101374 1.4824053 1.6937748 -28.987535 3.3833854 64.7111 1.7618532180786133 0.3517712652683258
Car 0.0 0 1.2537020444869995 427.4111022949219 186.8568572998047 462.7585754394531 208.06532287597656 3.5831864 1.4703748 1.5600624 -12.515099 2.5663657 54.515972 1.0280444622039795 0.3429594933986664
Car 0.0 0 -1.474329948425293 602.2621459960938 177.50010681152344 632.7244873046875 202.2332305908203 3.7481487 1.4779432 1.5813901 0.4812676 1.7857283 45.792755 -1.4638206958770752 0.333586186170578
Car 0.0 0 1.8205115795135498 524.5516967773438 179.39462280273438 555.0498046875 199.5657196044922 3.814005 1.5133317 1.5222358 -5.5749564 2.0524316 57.42866 1.7237385511398315 0.3139355480670929
Car 0.0 0 1.8453125953674316 354.01141357421875 187.30470275878906 439.7872314453125 240.3296661376953 3.8106368 1.4236329 1.5645223 -6.526834 1.9094751 22.324995 1.5608837604522705 0.31242653727531433
Car 0.0 0 1.6768605709075928 484.6655578613281 179.290771484375 519.7421264648438 206.914794921875 3.942169 1.4844894 1.5983058 -6.2172246 1.8748152 41.708263 1.5288856029510498 0.25666311383247375
Car 0.0 0 1.7706773281097412 456.96051025390625 184.3367156982422 502.7119140625 215.66087341308594 3.7814429 1.4496324 1.5707554 -6.5982256 2.0643616 36.694893 1.5927653312683105 0.25425419211387634
Car 0.0 0 1.046087384223938 699.0850830078125 180.7013397216797 737.51806640625 201.0060577392578 3.712389 1.6240013 1.5763983 9.137942 2.3127992 61.281155 1.194111704826355 0.24577182531356812
