Pedestrian 0.0 0 -1.8492443561553955 912.0654296875 142.17572021484375 1067.354736328125 370.0 0.74900496 1.6245466 0.70322543 2.4125361 1.3994461 4.617386 -1.367767333984375 0.5477715730667114
Pedestrian 0.0 0 1.015088438987732 772.2696533203125 117.55192565917969 837.3941650390625 233.95098876953125 0.94700605 1.886361 0.6609998 3.3316426 0.8678787 12.000754 1.2858883142471313 0.36508455872535706
Pedestrian 0.0 0 1.7234680652618408 118.22374725341797 147.35096740722656 145.9854278564453 206.6149444580078 1.0262007 1.8153312 0.57862556 -14.898261 0.8014916 22.240196 1.133244276046753 0.29805633425712585
Pedestrian 0.0 0 -2.264291763305664 861.7793579101562 162.9037628173828 964.398681640625 325.465576171875 0.83730537 1.7007401 0.6667427 3.367215 1.5183374 7.8887644 -1.8608664274215698 0.2647508978843689
Pedestrian 0.0 0 3.0125575065612793 205.81875610351562 187.86001586914062 227.89813232421875 234.95248413085938 0.6466764 1.7320658 0.6721378 -14.635971 2.0153987 26.606867 2.509650945663452 0.2585051953792572
Pedestrian 0.0 0 -2.2693023681640625 948.5725708007812 183.343505859375 1125.256103515625 360.61083984375 1.4248697 1.6149204 0.80661577 4.288519 1.6487902 7.2293606 -1.733891487121582 0.10475282371044159
Cyclist 0.0 0 -1.708444595336914 713.25 138.50682067871094 738.6660766601562 198.69076538085938 1.8871682 1.7823629 0.5152527 3.6957502 0.54028803 21.885279 -1.5411536693572998 0.38906601071357727
Cyclist 0.0 0 -1.9101076126098633 957.8012084960938 134.06065368652344 1001.4273681640625 201.83763122558594 1.7610887 1.7983134 0.50958675 10.357823 0.56773186 19.663208 -1.4252805709838867 0.34267276525497437
Cyclist 0.0 0 2.924832820892334 529.3425903320312 165.69622802734375 551.48046875 188.48692321777344 1.6744955 1.8020868 0.5783506 -5.142906 0.63277364 56.431355 2.8339483737945557 0.277879923582077
Cyclist 0.0 0 -2.2693023681640625 948.5725708007812 183.343505859375 1125.256103515625 360.61083984375 1.4248697 1.6149204 0.80661577 4.288519 1.6487902 7.2293606 -1.733891487121582 0.24154406785964966
Cyclist 0.0 0 1.7234680652618408 118.22374725341797 147.35096740722656 145.9854278564453 206.6149444580078 1.0262007 1.8153312 0.57862556 -14.898261 0.8014916 22.240196 1.133244276046753 0.1855158805847168
Cyclist 0.0 0 1.2104437351226807 774.01953125 121.76329803466797 835.610595703125 234.9056854248047 1.0197197 1.8395437 0.68878585 3.33537 0.8862164 12.029408 1.48091721534729 0.13114257156848907
Car 0.0 0 2.0636813640594482 20.20270347595215 164.8743133544922 170.0652618408203 227.13671875 4.0679955 1.5383683 1.6229165 -13.936557 1.1538885 19.584291 1.4451998472213745 0.5864620208740234
Car 0.0 0 2.1812572479248047 161.3419647216797 172.82069396972656 243.8193359375 208.36917114257812 4.0172424 1.6963613 1.6204976 -20.286926 1.3313521 35.811626 1.6658419370651245 0.5046980381011963
Car 0.0 0 2.1801984310150146 97.14773559570312 178.08892822265625 193.2938690185547 214.9433135986328 3.937735 1.5345757 1.6201731 -20.330572 1.4356654 31.431982 1.6060678958892822 0.41214340925216675
Car 0.0 0 0.8618448972702026 806.2575073242188 172.6357879638672 888.7072143554688 203.67532348632812 3.8459845 1.3839059 1.5726268 11.4198065 1.0347432 33.596508 1.1895031929016113 0.308353453874588
Car 0.0 0 3.605818033218384 0.0 181.37399291992188 100.9367446899414 224.9325408935547 4.3008046 1.5216054 1.6928406 -21.436998 1.5569272 26.049482 2.9172487258911133 0.2845601737499237
Car 0.0 0 -0.6455479264259338 704.3644409179688 164.21376037597656 811.0546875 204.73965454101562 3.777082 1.4606278 1.6073685 5.8122506 0.8751638 27.001034 -0.4335229992866516 0.2760401666164398
