Pedestrian 0.0 0 3.2792201042175293 0.0 189.36074829101562 17.006473541259766 232.810302734375 0.7240733 1.754136 0.6671104 -25.187948 2.4508972 29.963108 2.5801897048950195 0.3278680741786957
Pedestrian 0.0 0 -2.688851833343506 1153.3192138671875 122.48948669433594 1196.9398193359375 205.21487426757812 0.60008943 1.8531855 0.5687565 12.91477 0.7252953 16.555454 -2.0263686180114746 0.2707362174987793
Pedestrian 0.0 0 -0.0028163939714431763 713.1429443359375 168.19131469726562 725.7446899414062 199.84825134277344 0.68286973 1.7330143 0.6573495 6.010873 1.4781197 39.8719 0.14681148529052734 0.2705954313278198
Pedestrian 0.0 0 0.21345254778862 213.87876892089844 182.37229919433594 260.2759704589844 224.43435668945312 1.5201297 1.6410469 0.81435645 -15.016772 2.0319 29.00727 -0.2642466425895691 0.18505556881427765
Pedestrian 0.0 0 2.2470338344573975 155.71688842773438 183.607177734375 184.9154052734375 211.73963928222656 1.9059888 1.7797376 0.57127327 -28.883781 2.50082 47.376057 1.6995339393615723 0.1239226832985878
Cyclist 0.0 0 3.270723342895508 255.51846313476562 180.69711303710938 300.96429443359375 220.160888671875 1.8042988 1.7402155 0.59378254 -15.006731 2.1008162 32.586147 2.839151620864868 0.7529149651527405
Cyclist 0.0 0 0.21345254778862 213.87876892089844 182.37229919433594 260.2759704589844 224.43435668945312 1.5201297 1.6410469 0.81435645 -15.016772 2.0319 29.00727 -0.2642466425895691 0.46836593747138977
Cyclist 0.0 0 2.2470338344573975 155.71688842773438 183.607177734375 184.9154052734375 211.73963928222656 1.9059888 1.7797376 0.57127327 -28.883781 2.50082 47.376057 1.6995339393615723 0.3155772089958191
Car 0.0 0 1.8241387605667114 391.6541748046875 174.47613525390625 460.18731689453125 216.3119659423828 3.9201686 1.4575723 1.5726178 -6.9036465 1.5236197 27.252317 1.5760347843170166 0.6313456296920776
Car 0.0 0 -1.7905175685882568 583.8270263671875 174.0692138671875 625.8285522460938 201.2303924560547 3.7545464 1.4457126 1.5735205 -0.3740495 1.5178151 40.589085 -1.7997328042984009 0.602816641330719
Car 0.0 0 1.857068657875061 267.2289733886719 191.9658966064453 382.1756591796875 262.5671691894531 3.8213544 1.4156061 1.5629674 -6.813388 1.9317915 17.50134 1.4858145713806152 0.4490280747413635
Car 0.0 0 3.260864734649658 142.01060485839844 182.41366577148438 257.4036560058594 222.46322631835938 3.8757515 1.4913938 1.646061 -16.465988 1.8971885 29.092054 2.745823621749878 0.37113338708877563
Car 0.0 0 -1.7630481719970703 772.3865356445312 168.66241455078125 820.267822265625 199.2078857421875 4.168133 1.487625 1.6151831 9.516158 1.2838438 37.264782 -1.5130256414413452 0.2950691282749176
Car 0.0 0 1.8606784343719482 340.42474365234375 182.52427673339844 429.4556884765625 234.8279266357422 3.9939058 1.4303895 1.5631627 -6.9336596 1.7588624 22.474997 1.5614367723464966 0.29109901189804077
