Pedestrian 0.0 0 -0.17210128903388977 828.1793823242188 123.99964904785156 925.7034301757812 299.8471374511719 0.8518823 1.7186038 0.5197715 2.7489862 1.1580081 7.351928 0.1857166290283203 0.6233111619949341
Pedestrian 0.0 0 -0.07535231113433838 922.4661254882812 141.2847900390625 1056.533935546875 349.4732360839844 1.0375437 1.7784916 0.60438806 3.4810977 1.4363304 6.6174545 0.40891575813293457 0.4935045540332794
Pedestrian 0.0 0 -2.8855414390563965 646.7677001953125 173.0525665283203 660.9398803710938 202.58798217773438 0.6441085 1.6247212 0.64377826 2.9136822 1.1608527 39.921116 -2.8126845359802246 0.22188419103622437
Pedestrian 0.0 0 -0.9332104921340942 274.02593994140625 168.49716186523438 296.1171875 205.78045654296875 0.83158094 1.853574 0.65270245 -15.940586 1.2080086 36.18767 -1.3481342792510986 0.20345453917980194
Pedestrian 0.0 0 2.9539437294006348 227.8778076171875 164.28237915039062 244.85330200195312 204.00286865234375 0.5878691 1.7981323 0.6226951 -16.755701 1.0196339 32.94226 2.4834094047546387 0.19916723668575287
Pedestrian 0.0 0 -1.5088248252868652 501.0419006347656 179.91725158691406 514.0553588867188 215.63018798828125 0.9838304 1.6534753 0.5483505 -4.419423 1.5811204 33.765076 -1.6389724016189575 0.18778406083583832
Pedestrian 0.0 0 1.5768051147460938 221.51072692871094 165.7158660888672 232.97853088378906 198.5852508544922 1.6706655 1.8068458 0.5612405 -21.018642 0.940003 40.35591 1.0966312885284424 0.1306033730506897
Pedestrian 0.0 0 1.341093897819519 667.68212890625 175.78411865234375 688.7457885742188 214.17474365234375 1.3017515 1.5736231 0.5949699 3.1952863 1.3403201 30.124453 1.4467682838439941 0.12531283497810364
Cyclist 0.0 0 1.3771591186523438 668.581298828125 177.13270568847656 688.6201782226562 215.56016540527344 1.4171611 1.5787323 0.5738377 3.223524 1.4002972 30.239998 1.4833561182022095 0.28412744402885437
Cyclist 0.0 0 1.5768051147460938 221.51072692871094 165.7158660888672 232.97853088378906 198.5852508544922 1.6706655 1.8068458 0.5612405 -21.018642 0.940003 40.35591 1.0966312885284424 0.2393149733543396
Cyclist 0.0 0 -1.5088248252868652 501.0419006347656 179.91725158691406 514.0553588867188 215.63018798828125 0.9838304 1.6534753 0.5483505 -4.419423 1.5811204 33.765076 -1.6389724016189575 0.20390062034130096
Car 0.0 0 -1.6600698232650757 534.838134765625 167.74815368652344 568.3749389648438 195.8376007080078 3.758282 1.5013206 1.5426282 -2.8418522 0.7671514 40.368675 -1.7303513288497925 0.6681724190711975
Car 0.0 0 2.018609046936035 329.6988525390625 183.05545043945312 388.45989990234375 211.6599884033203 3.5827622 1.4305475 1.5474342 -12.756362 1.5177007 37.997623 1.6947166919708252 0.5656849145889282
Car 0.0 0 -1.7068933248519897 587.6707763671875 166.37347412109375 619.915771484375 191.20315551757812 3.727592 1.545595 1.5965012 0.12231874 0.6047312 46.66568 -1.7042721509933472 0.3249770402908325
Car 0.0 0 -0.32163041830062866 4.877089977264404 156.9210662841797 133.50364685058594 200.7672576904297 4.3340626 1.8351939 1.7193886 -23.855175 0.80741495 32.33029 -0.9573155045509338 0.31840780377388
Car 0.0 0 -1.893702745437622 768.0136108398438 163.6805419921875 820.2443237304688 193.44290161132812 4.21895 1.6562854 1.6965634 11.229407 0.6654372 42.13126 -1.633224368095398 0.2495095282793045
Car 0.0 0 1.698499321937561 565.8756713867188 164.83718872070312 591.3020629882812 184.93150329589844 3.8497443 1.5974689 1.6155185 -1.8208423 0.2733175 59.098007 1.6676985025405884 0.23527906835079193
Car 0.0 0 -2.7766709327697754 368.6438293457031 184.06961059570312 460.1963195800781 216.65066528320312 3.8273351 1.4727007 1.6130192 -8.731765 1.597571 33.639503 -3.030635118484497 0.2010267674922943
