Pedestrian 0.0 0 -1.6643437147140503 804.1019287109375 168.64527893066406 818.65283203125 203.6634979248047 0.81298923 1.7443727 0.6324981 10.116312 1.5350807 36.39539 -1.3932315111160278 0.5992953181266785
Pedestrian 0.0 0 -2.132347345352173 1035.786376953125 89.58040618896484 1171.5740966796875 295.6365051269531 0.8942113 1.8235725 0.68802524 4.5829196 1.0869688 6.839604 -1.542001724243164 0.3367786407470703
Pedestrian 0.0 0 -0.17807386815547943 636.63525390625 177.58322143554688 652.8773193359375 210.70143127441406 0.7010654 1.6069453 0.5999842 1.6666526 1.8419138 35.44861 -0.13109244406223297 0.31274959444999695
Pedestrian 0.0 0 1.6399712562561035 194.4037628173828 166.05445861816406 225.65670776367188 248.05604553222656 0.9168208 1.7455188 0.5421195 -8.846457 1.601139 15.886343 1.1318771839141846 0.30444809794425964
Pedestrian 0.0 0 2.8438940048217773 644.0425415039062 168.6388397216797 660.1444091796875 201.96568298339844 0.70661604 1.734421 0.57458264 2.1729784 1.5154107 37.911224 2.901148796081543 0.23928198218345642
Pedestrian 0.0 0 -0.2647879719734192 739.1153564453125 136.5213165283203 834.4042358398438 306.75787353515625 0.87130374 1.7355198 0.51547766 1.7974373 1.365475 7.62525 -0.03329212963581085 0.2036857008934021
Pedestrian 0.0 0 -3.2051801681518555 1164.683837890625 85.60960388183594 1242.0 306.7490539550781 0.5959067 1.8079563 0.724407 5.2289214 1.0950356 6.364327 -2.5174074172973633 0.1989934891462326
Pedestrian 0.0 0 -1.3284721374511719 372.2564697265625 166.17274475097656 390.5884704589844 205.12718200683594 1.0102776 1.8482527 0.6188552 -11.043253 1.5316088 34.75598 -1.6361207962036133 0.1866043508052826
Cyclist 0.0 0 -2.9141080379486084 576.138916015625 179.43055725097656 614.7555541992188 209.95172119140625 1.9693096 1.6252193 0.8150488 -0.82284665 1.9890838 39.278053 -2.935054302215576 0.29192081093788147
Cyclist 0.0 0 -1.7494573593139648 1183.75927734375 159.9119110107422 1242.0 258.1265563964844 1.908626 1.7405205 0.51971185 11.399217 1.5115238 13.742867 -1.0570068359375 0.21275660395622253
Cyclist 0.0 0 -3.112159252166748 634.505615234375 176.91680908203125 651.22412109375 210.20103454589844 0.8044941 1.6169173 0.59176326 1.5798298 1.8187466 35.45298 -3.067627429962158 0.14288069307804108
Cyclist 0.0 0 -2.132166624069214 1031.476318359375 92.0418472290039 1175.70166015625 299.76129150390625 1.0250137 1.8264709 0.6867531 4.5893297 1.1162499 6.8636336 -1.5427961349487305 0.13884849846363068
Cyclist 0.0 0 1.7536730766296387 190.88128662109375 167.22776794433594 228.9476776123047 249.9639129638672 1.0479695 1.7590725 0.55574095 -8.865537 1.6398098 15.923334 1.2456517219543457 0.1194179430603981
Car 0.0 0 1.8577390909194946 507.80487060546875 178.90016174316406 587.87158203125 225.05870056152344 4.108559 1.4191855 1.6558675 -2.0904016 1.6467423 24.93159 1.7740892171859741 0.9291387796401978
Car 0.0 0 1.513954520225525 582.994140625 179.31564331054688 614.4926147460938 206.6930389404297 3.7684484 1.4406881 1.5612968 -0.71150917 1.8239601 40.818222 1.4965251684188843 0.4527738392353058
Car 0.0 0 -0.3409672975540161 463.9083251953125 182.912109375 520.337890625 202.66314697265625 4.13256 1.4734511 1.5613451 -9.36053 2.2948568 57.216434 -0.5031293630599976 0.17195063829421997
