Pedestrian 0.0 0 1.8245331048965454 479.69403076171875 178.9545440673828 493.9130554199219 208.5333709716797 1.2017379 1.7418464 0.5600679 -7.4325895 2.114147 43.366287 1.6547913551330566 0.3689316213130951
Pedestrian 0.0 0 -1.3328794240951538 0.0 131.12130737304688 76.36785125732422 288.49322509765625 1.779466 1.6898226 0.49634722 -6.976124 1.2420647 8.65558 -2.01124906539917 0.11910295486450195
Cyclist 0.0 0 -1.3328794240951538 0.0 131.12130737304688 76.36785125732422 288.49322509765625 1.779466 1.6898226 0.49634722 -6.976124 1.2420647 8.65558 -2.01124906539917 0.43960097432136536
Cyclist 0.0 0 1.8245331048965454 479.69403076171875 178.9545440673828 493.9130554199219 208.5333709716797 1.2017379 1.7418464 0.5600679 -7.4325895 2.114147 43.366287 1.6547913551330566 0.2693134844303131
Car 0.0 0 2.0877556800842285 27.50055694580078 202.618896484375 403.6403503417969 375.0 3.9712508 1.38614 1.5814699 -3.6824706 1.7820257 7.5536346 1.6341500282287598 0.9515012502670288
Car 0.0 0 -1.8284342288970947 653.5812377929688 179.19122314453125 712.40283203125 216.91197204589844 3.5327363 1.4168621 1.538295 2.8861494 1.6935549 29.593304 -1.7312145233154297 0.9310808181762695
Car 0.0 0 -1.9445288181304932 782.9346923828125 186.30722045898438 1074.7650146484375 362.8613586425781 3.728403 1.4274986 1.568973 3.0973873 1.6115569 7.982667 -1.5743976831436157 0.9278274774551392
Car 0.0 0 -3.263798236846924 788.3168334960938 172.91424560546875 927.7733764648438 227.84043884277344 3.7791543 1.5588138 1.6304944 7.285023 1.5610784 21.655481 -2.9392852783203125 0.7613711953163147
Car 0.0 0 -2.3621366024017334 968.989013671875 197.6298370361328 1242.0 375.0 3.8805878 1.4451746 1.5913812 3.0339453 1.6088756 2.7861178 -1.5341825485229492 0.7010936141014099
Car 0.0 0 -1.8937668800354004 587.9395141601562 181.82830810546875 629.3687133789062 208.2705078125 3.4369767 1.5033826 1.5171665 -0.15500043 2.076316 44.16159 -1.897276759147644 0.4860340654850006
Car 0.0 0 2.3331124782562256 548.35546875 177.1920623779297 596.4110717773438 197.4021759033203 4.0504055 1.5753595 1.575304 -3.0745573 1.9437902 59.16899 2.2811968326568604 0.3921044170856476
Car 0.0 0 2.4389100074768066 0.0 205.20167541503906 121.25965881347656 375.0 3.8172588 1.436135 1.5630962 -3.674275 1.6376282 2.5039814 1.466308355331421 0.3614977300167084
Car 0.0 0 2.598968505859375 958.9364013671875 166.14352416992188 1116.600830078125 219.17323303222656 3.5902998 1.45849 1.5652063 12.111485 1.2742882 20.64616 3.12949275970459 0.3541378080844879
