Pedestrian 0.0 0 -0.336195170879364 917.2661743164062 119.90385437011719 990.0149536132812 234.4228515625 0.8739767 1.751601 0.63834125 5.357571 0.9420711 11.3959 0.10327339172363281 0.3992736339569092
Pedestrian 0.0 0 -1.3798542022705078 372.9034423828125 169.62945556640625 401.36590576171875 226.3749237060547 0.9860423 1.6761758 0.6497017 -6.781639 1.5812856 21.836142 -1.6809792518615723 0.33942028880119324
Pedestrian 0.0 0 0.2871648073196411 476.8302307128906 173.29638671875 506.826904296875 204.10897827148438 1.510616 1.6694851 0.6079766 -6.500718 1.694304 39.498 0.12404370307922363 0.1995975524187088
Pedestrian 0.0 0 -0.6300693154335022 806.137939453125 169.11178588867188 817.9002075195312 191.62835693359375 0.7049406 1.8320866 0.60796833 16.526703 1.527953 59.114044 -0.35745641589164734 0.1986730545759201
Pedestrian 0.0 0 -2.7365365028381348 291.80889892578125 169.1361083984375 312.0230712890625 195.286376953125 1.1404371 1.7927216 0.59472185 -21.273094 1.5382005 49.75993 -3.1405351161956787 0.19822566211223602
Cyclist 0.0 0 0.2890322208404541 475.1787414550781 171.05723571777344 508.41217041015625 202.56768798828125 1.7035282 1.7104146 0.5809178 -6.5124826 1.613243 39.55803 0.12586474418640137 0.5859952569007874
Cyclist 0.0 0 -1.3499550819396973 372.46087646484375 169.97991943359375 402.62548828125 228.534912109375 0.98537016 1.7315369 0.6755107 -6.773686 1.6469053 21.851969 -1.650542974472046 0.15417100489139557
Cyclist 0.0 0 -2.7365365028381348 291.80889892578125 169.1361083984375 312.0230712890625 195.286376953125 1.1404371 1.7927216 0.59472185 -21.273094 1.5382005 49.75993 -3.1405351161956787 0.1344480961561203
Cyclist 0.0 0 1.1259357929229736 917.3502807617188 118.8871078491211 994.0617065429688 244.6375274658203 1.0564353 1.8833835 0.6956827 5.3504677 1.0754708 11.333366 1.567014217376709 0.134230375289917
Car 0.0 0 -1.538156509399414 566.8297729492188 178.51119995117188 620.5455322265625 227.40118408203125 3.3112283 1.4557117 1.6291554 -0.52424484 1.6536261 23.530275 -1.5604324340820312 0.9274919033050537
Car 0.0 0 -1.4120100736618042 508.3194885253906 176.25782775878906 556.4884643554688 211.50698852539062 3.6613572 1.4898964 1.6139987 -3.5000265 1.6534767 32.72645 -1.5185530185699463 0.9118949174880981
Car 0.0 0 2.1992063522338867 0.0 198.10000610351562 136.53028869628906 283.7486572265625 4.1156435 1.4210958 1.6185246 -12.176888 2.0298352 15.293518 1.526779294013977 0.9079873561859131
Car 0.0 0 2.0356802940368652 68.68669891357422 192.3436737060547 188.51284790039062 242.8731689453125 4.268794 1.4362233 1.62432 -16.163044 2.1564376 24.431393 1.4512155055999756 0.3932935297489166
Car 0.0 0 2.060962677001953 163.74896240234375 186.64431762695312 252.0147247314453 224.7852783203125 3.8350656 1.3942895 1.5476004 -16.476913 1.9992137 29.699455 1.5544506311416626 0.32541874051094055
Car 0.0 0 1.7720575332641602 216.73435974121094 186.4357452392578 256.16522216796875 211.3264923095703 3.7147994 1.4626331 1.5500711 -24.090988 2.3773627 46.575455 1.2947081327438354 0.28023308515548706
