Pedestrian 0.0 0 -0.13615664839744568 425.8116760253906 157.52346801757812 449.032470703125 197.81069946289062 0.94326735 1.8031838 0.66706157 -7.8816824 1.1173751 32.774185 -0.3721596598625183 0.31750938296318054
Pedestrian 0.0 0 -1.7553538084030151 315.3854675292969 187.09291076660156 332.22601318359375 221.2046661376953 1.0941533 1.6291693 0.5799168 -14.159594 2.3441124 35.59053 -2.134002923965454 0.2599869668483734
Pedestrian 0.0 0 0.6862336993217468 0.0 203.53265380859375 38.66545104980469 286.04742431640625 0.6577958 1.6434512 0.5831937 -12.395727 2.2891698 14.881317 -0.008291571401059628 0.19629786908626556
Pedestrian 0.0 0 0.9687575101852417 985.6802978515625 172.0044403076172 1057.0150146484375 295.3888854980469 0.76178426 1.7270926 0.5689256 5.9176474 1.7155585 10.50173 1.481900691986084 0.18915142118930817
Cyclist 0.0 0 -1.7553538084030151 315.3854675292969 187.09291076660156 332.22601318359375 221.2046661376953 1.0941533 1.6291693 0.5799168 -14.159594 2.3441124 35.59053 -2.134002923965454 0.15796518325805664
Cyclist 0.0 0 0.008422121405601501 425.60546875 156.5022430419922 447.7839050292969 196.85067749023438 0.9709305 1.8101765 0.6440426 -7.912719 1.0769358 32.791603 -0.22835472226142883 0.1322929859161377
Car 0.0 0 2.034632682800293 147.1433563232422 192.9499969482422 273.85205078125 256.4578552246094 3.4475136 1.4120717 1.5132679 -10.360382 1.9876556 18.899487 1.5331854820251465 0.8550169467926025
Car 0.0 0 -1.0179877281188965 0.0 216.7435302734375 218.91358947753906 375.0 4.1030116 1.4738436 1.6094583 -6.225276 2.0996926 8.159273 -1.669737696647644 0.40994852781295776
Car 0.0 0 -1.783788800239563 440.17230224609375 181.0489501953125 478.7532958984375 207.22586059570312 3.518993 1.4419506 1.5280157 -9.011349 1.9509366 42.86213 -1.991011142730713 0.29769107699394226
Car 0.0 0 0.23954153060913086 0.0 202.90673828125 43.044498443603516 298.3300476074219 4.323028 1.5065078 1.674625 -14.204904 2.1817327 14.370601 -0.5400581359863281 0.26244252920150757
Car 0.0 0 1.6596760749816895 1026.541015625 168.94187927246094 1065.1036376953125 196.11058044433594 4.218612 1.6101625 1.6903309 27.158375 1.3786671 44.960484 2.2030680179595947 0.24878399074077606
Car 0.0 0 1.1051371097564697 1027.892578125 181.90968322753906 1095.2646484375 211.03536987304688 3.8429775 1.4940171 1.6237736 25.053288 2.0242913 40.23232 1.662091851234436 0.24466164410114288
Car 0.0 0 3.4219093322753906 308.1033020019531 180.69297790527344 399.76043701171875 214.87049865722656 3.8683941 1.5865775 1.6547326 -12.353596 1.9760025 34.86668 3.0814003944396973 0.23833484947681427
Car 0.0 0 1.9459712505340576 822.2319946289062 191.70346069335938 875.4794921875 220.10501098632812 3.9644878 1.5110664 1.6918614 14.301098 2.6937158 43.189915 2.2657296657562256 0.236627459526062
Car 0.0 0 3.3578732013702393 308.71356201171875 182.44085693359375 429.0688781738281 224.23019409179688 3.9748394 1.4634138 1.636247 -8.899664 1.832868 26.755009 3.0367507934570312 0.220320925116539
Car 0.0 0 2.230015754699707 779.4618530273438 185.2783660888672 833.2741088867188 208.5217742919922 3.7428012 1.4567884 1.5466118 13.278504 2.3280175 48.82855 2.4955360889434814 0.18823951482772827
