Pedestrian 0.0 0 -1.9961457252502441 1187.674072265625 130.72525024414062 1242.0 254.42312622070312 0.8418355 1.761753 0.6273661 9.146375 1.1620969 10.764689 -1.2918463945388794 0.20484992861747742
Pedestrian 0.0 0 1.1762621402740479 808.5772705078125 159.6307830810547 827.3146362304688 195.20973205566406 0.8671029 1.825219 0.65101993 10.76056 1.1472188 37.48055 1.4558398723602295 0.20316602289676666
Pedestrian 0.0 0 -1.2759202718734741 342.81781005859375 182.65711975097656 355.6117858886719 210.05873107910156 0.75217 1.6948161 0.56179345 -16.40056 2.3159063 45.294674 -1.6233211755752563 0.17735224962234497
Cyclist 0.0 0 1.3599895238876343 326.9234924316406 188.1671142578125 340.6998596191406 216.50283813476562 1.5105377 1.6194774 0.45574823 -16.426767 2.544542 42.811203 0.9936110973358154 0.1872500330209732
Cyclist 0.0 0 2.9427995681762695 443.28289794921875 179.79249572753906 479.4300231933594 220.985595703125 1.3571295 1.6676055 0.7149613 -6.2244763 1.9622264 30.002632 2.738237142562866 0.17844998836517334
Car 0.0 0 -1.222683310508728 293.5304870605469 175.29563903808594 400.8831481933594 235.8649139404297 3.5943377 1.4369267 1.5208358 -6.857236 1.5078773 19.059103 -1.5680512189865112 0.672200083732605
Car 0.0 0 1.8798977136611938 384.1275939941406 177.31051635742188 457.88348388671875 221.25816345214844 3.7434337 1.4706377 1.5462052 -6.876856 1.6461279 26.441122 1.625452995300293 0.5095901489257812
Car 0.0 0 -1.980168342590332 52.31063461303711 188.8578643798828 198.5467529296875 258.6375427246094 3.7246742 1.457449 1.5836734 -11.837631 1.8830261 17.5005 -2.574890613555908 0.2511080205440521
Car 0.0 0 2.220282554626465 620.4852905273438 181.21044921875 665.8292236328125 200.20326232910156 4.0079703 1.4588971 1.6318697 2.7332745 2.169893 59.29604 2.266345262527466 0.1966279000043869
Car 0.0 0 3.126224994659424 142.95907592773438 173.4889678955078 227.62506103515625 200.63414001464844 4.292287 1.5510052 1.7013762 -25.385633 1.5909636 43.153286 2.594477653503418 0.1816619634628296
Car 0.0 0 1.9962432384490967 207.8919677734375 166.41262817382812 342.27294921875 230.59222412109375 4.3247614 1.5675306 1.6903225 -9.031049 1.4105636 19.784891 1.5680286884307861 0.16665662825107574
