Pedestrian 0.0 0 0.38843128085136414 781.6908569335938 133.3869171142578 874.5640869140625 293.3191223144531 0.804163 1.7057116 0.7167556 2.4339192 1.2851446 8.2237625 0.6761791706085205 0.6169588565826416
Pedestrian 0.0 0 2.120439291000366 174.23471069335938 183.84738159179688 200.6793670654297 230.08453369140625 0.68171453 1.6617217 0.5638752 -15.522419 2.070226 26.439337 1.5895624160766602 0.5125964283943176
Pedestrian 0.0 0 1.5351663827896118 757.418212890625 157.90374755859375 804.86669921875 288.7993469238281 0.89157563 1.7489241 0.61098236 2.3342743 1.5495284 10.1335 1.7615692615509033 0.49533382058143616
Pedestrian 0.0 0 -1.048014760017395 69.12995147705078 164.96392822265625 169.7130889892578 320.0969543457031 0.7174988 1.6601837 0.6661934 -5.538784 1.5761045 8.102185 -1.6476598978042603 0.34039556980133057
Pedestrian 0.0 0 -2.449759006500244 799.1884155273438 143.20960998535156 919.7515258789062 290.6856689453125 1.3891263 1.7244376 0.58962476 3.0842795 1.3781637 9.179873 -2.1256258487701416 0.18563206493854523
Pedestrian 0.0 0 -2.7585601806640625 829.4360961914062 115.69754791259766 1039.197265625 323.3484191894531 1.6483655 1.6702684 0.5852935 2.8535192 1.2108805 6.593038 -2.350094795227051 0.10165335237979889
Cyclist 0.0 0 -2.4796547889709473 787.9743041992188 148.36175537109375 922.0618286132812 293.6802978515625 1.6577294 1.7187073 0.54590875 3.0792873 1.4293911 9.371277 -2.1621813774108887 0.4446685016155243
Cyclist 0.0 0 -2.7585601806640625 829.4360961914062 115.69754791259766 1039.197265625 323.3484191894531 1.6483655 1.6702684 0.5852935 2.8535192 1.2108805 6.593038 -2.350094795227051 0.35114187002182007
Cyclist 0.0 0 -2.745512008666992 255.9048309326172 192.5592803955078 362.5356750488281 272.22576904296875 1.9353821 1.6498644 0.89246225 -6.5244966 2.088721 15.607185 -3.1414763927459717 0.2869216799736023
Car 0.0 0 1.9290168285369873 389.02606201171875 184.75616455078125 449.270751953125 216.71072387695312 4.0249476 1.4352362 1.5983442 -9.490923 2.0644798 36.039143 1.6715130805969238 0.9101355075836182
Car 0.0 0 2.1454999446868896 0.0 203.76150512695312 189.4392852783203 303.31988525390625 3.8832555 1.4166037 1.5876043 -9.751626 2.0790434 13.473482 1.5190021991729736 0.8714397549629211
Car 0.0 0 -1.6993399858474731 597.36962890625 171.40318298339844 630.2201538085938 195.8102264404297 3.9011497 1.507955 1.6276823 0.17204492 1.4186764 46.61324 -1.6956491470336914 0.6409243941307068
Car 0.0 0 1.8549126386642456 0.0 193.99461364746094 52.52444839477539 225.48822021484375 4.1957903 1.4869685 1.6925166 -32.157272 2.7069876 39.362972 1.1699261665344238 0.46349453926086426
Car 0.0 0 -1.0397793054580688 0.0 0.0 1242.0 375.0 3.9205992 1.459039 1.6030012 -2.050615 1.6806703 1.0958714 -2.119779586791992 0.36195892095565796
Car 0.0 0 2.055915355682373 253.5615234375 167.37277221679688 333.2660827636719 206.8245849609375 4.2943735 1.7709045 1.6882788 -15.101488 1.5252225 34.588856 1.6442607641220093 0.3530948758125305
Car 0.0 0 -1.1661397218704224 249.1859130859375 189.29212951660156 380.3482971191406 261.4869079589844 3.7074811 1.4567465 1.5597602 -6.953501 1.893426 17.278725 -1.5487403869628906 0.33024218678474426
Car 0.0 0 2.2440385818481445 201.22235107421875 194.19630432128906 252.2367401123047 215.5084686279297 3.538173 1.4730781 1.6152467 -29.471903 3.1720898 55.537502 1.7561596632003784 0.3021174371242523
Car 0.0 0 1.7980458736419678 461.4303283691406 178.31912231445312 505.53179931640625 206.32485961914062 3.7779799 1.427168 1.5646778 -6.8969374 1.7409433 39.44796 1.6249589920043945 0.2993351221084595
