Pedestrian 0.0 0 -1.9953889846801758 759.804931640625 171.5063018798828 781.441650390625 210.67330932617188 0.8920264 1.6910697 0.61215305 7.0001025 1.6332399 31.64967 -1.7777186632156372 0.6541524529457092
Pedestrian 0.0 0 -2.4046432971954346 889.2839965820312 166.99249267578125 929.1846923828125 234.06607055664062 0.7932682 1.6778814 0.5328327 7.626204 1.5316106 18.51947 -2.0140113830566406 0.4334801733493805
Pedestrian 0.0 0 -2.11103892326355 915.2090454101562 167.0071258544922 963.714599609375 235.8476104736328 1.3293508 1.7048612 0.5222103 8.40472 1.5604191 18.556656 -1.6857575178146362 0.30811527371406555
Pedestrian 0.0 0 -1.1353434324264526 96.26140594482422 160.3468475341797 113.5345687866211 192.50485229492188 0.6698225 1.9425721 0.6400886 -30.810139 1.1874088 43.96897 -1.7465555667877197 0.26820531487464905
Pedestrian 0.0 0 0.7434901595115662 846.5618896484375 182.92111206054688 874.183837890625 228.21621704101562 0.78489375 1.7275646 0.6550795 9.754118 2.128969 28.240423 1.0760571956634521 0.25649702548980713
Pedestrian 0.0 0 -2.252720355987549 1062.9342041015625 162.8347930908203 1128.3626708984375 244.1542510986328 1.0861846 1.679499 0.6147414 10.33964 1.4729291 15.468458 -1.6634953022003174 0.23206844925880432
Cyclist 0.0 0 -1.9460664987564087 859.2030029296875 161.23631286621094 916.8064575195312 245.4658203125 1.7420828 1.6814556 0.5286003 5.80143 1.4498922 15.275387 -1.5831035375595093 0.6296745538711548
Cyclist 0.0 0 -2.11103892326355 915.2090454101562 167.0071258544922 963.714599609375 235.8476104736328 1.3293508 1.7048612 0.5222103 8.40472 1.5604191 18.556656 -1.6857575178146362 0.5104222297668457
Cyclist 0.0 0 2.6170191764831543 972.0393676757812 188.63919067382812 1005.09619140625 218.0188751220703 1.8408618 1.9152834 0.6932618 25.060438 2.9705815 47.833435 3.099611759185791 0.42121437191963196
Cyclist 0.0 0 -3.361053466796875 1040.9681396484375 157.92233276367188 1148.67041015625 238.0895538330078 1.783214 1.6304955 0.7219139 10.202749 1.327163 15.329765 -2.7738232612609863 0.4039610028266907
Cyclist 0.0 0 -1.914251446723938 759.321044921875 172.1283721923828 779.6693725585938 210.6987762451172 0.9553013 1.6687698 0.58465934 6.9669523 1.6377333 31.725878 -1.6980842351913452 0.29307401180267334
Cyclist 0.0 0 -2.0367536544799805 706.6726684570312 167.44192504882812 727.73681640625 199.1953887939453 1.5769031 1.7192391 0.49403915 5.8818913 1.426569 39.88986 -1.8903553485870361 0.20384202897548676
Car 0.0 0 -0.3551514744758606 935.1638793945312 186.23414611816406 1004.1818237304688 212.0102081298828 3.8279114 1.6582334 1.604489 24.076748 2.57572 48.454144 0.10601115226745605 0.3228876292705536
Car 0.0 0 1.9602713584899902 126.7396240234375 188.19708251953125 182.59732055664062 215.63034057617188 4.123999 1.6303246 1.6677 -29.913773 2.6867092 47.484394 1.3981056213378906 0.22045956552028656
Car 0.0 0 2.104757308959961 0.0 193.31739807128906 74.58324432373047 225.946044921875 3.5072117 1.4740282 1.5568125 -29.207272 2.5690114 36.74986 1.433220386505127 0.21639478206634521
Car 0.0 0 1.592942714691162 187.2500762939453 178.1434326171875 211.5896759033203 198.5909423828125 3.9471474 1.5233271 1.5847552 -32.40191 1.956739 56.957714 1.0757224559783936 0.197744682431221
Car 0.0 0 -1.6520271301269531 660.5232543945312 173.4117431640625 683.6510009765625 192.39215087890625 3.6361952 1.4899367 1.5751731 4.986404 1.5369745 58.565086 -1.5670890808105469 0.17793479561805725
