Pedestrian 0.0 0 0.8757967948913574 928.818115234375 152.66734313964844 974.953369140625 221.4612274169922 0.8948207 1.7450347 0.66841936 8.857907 1.2333355 18.817127 1.3157607316970825 0.37671318650245667
Pedestrian 0.0 0 -0.9939796328544617 1133.796630859375 109.46936798095703 1231.2232666015625 258.4216613769531 0.8425822 1.7929646 0.60264367 7.1608953 1.0303507 9.10334 -0.32744890451431274 0.29437559843063354
Cyclist 0.0 0 0.9315299987792969 925.1814575195312 150.6158905029297 973.767822265625 221.5226593017578 1.0117153 1.8036063 0.6822134 8.837685 1.2383089 18.914555 1.3686299324035645 0.19220024347305298
Car 0.0 0 1.66335928440094 449.2549133300781 184.7330322265625 479.2229919433594 208.49652099609375 4.044194 1.4856406 1.6419657 -9.946346 2.3322573 49.301533 1.464286208152771 0.6413553357124329
Car 0.0 0 -0.7737016677856445 0.0 196.2372283935547 144.0949249267578 375.0 4.066865 1.4516126 1.6148157 -6.8156114 1.7491817 7.1095133 -1.5379971265792847 0.5737347602844238
Car 0.0 0 -1.6916470527648926 588.8154296875 178.2837677001953 619.4989624023438 201.91514587402344 3.7664454 1.4795911 1.5937724 -0.45711637 1.8563887 48.050114 -1.7011600732803345 0.5435547232627869
Car 0.0 0 1.9316569566726685 424.06463623046875 182.14662170410156 484.2908630371094 215.2867889404297 3.7892346 1.4450945 1.5840068 -7.431351 1.9163337 34.56824 1.7199034690856934 0.4024520814418793
Car 0.0 0 1.8105806112289429 361.5069885253906 182.33920288085938 441.40948486328125 231.4620819091797 4.230665 1.4393382 1.5985316 -6.8960667 1.7848969 24.11185 1.5320138931274414 0.38984715938568115
Car 0.0 0 1.8277359008789062 403.6100158691406 181.06239318847656 467.5875244140625 220.2630615234375 4.0024137 1.4632096 1.6007103 -7.155379 1.8254771 29.79223 1.5920244455337524 0.37923064827919006
Car 0.0 0 1.3648930788040161 711.0592041015625 172.8919677734375 751.8507690429688 199.4772186279297 3.876414 1.4825174 1.5849241 7.01742 1.4852008 42.20835 1.5296428203582764 0.36676928400993347
Car 0.0 0 1.9708962440490723 913.6383056640625 165.94387817382812 958.192138671875 186.88279724121094 4.0907497 1.5013871 1.5517327 24.252024 1.0062666 53.692253 2.395151138305664 0.3381875157356262
