Pedestrian 0.0 0 1.6599897146224976 400.64947509765625 184.9754638671875 424.95318603515625 251.41624450683594 0.7341142 1.7236059 0.56515425 -5.3104167 2.0547724 19.277206 1.3911806344985962 0.27870532870292664
Pedestrian 0.0 0 -1.4065624475479126 308.235107421875 160.7781982421875 354.0293884277344 260.70562744140625 1.8056664 1.7541939 0.5206526 -5.279379 1.5425647 13.600608 -1.7768311500549316 0.17610345780849457
Cyclist 0.0 0 -1.4065624475479126 308.235107421875 160.7781982421875 354.0293884277344 260.70562744140625 1.8056664 1.7541939 0.5206526 -5.279379 1.5425647 13.600608 -1.7768311500549316 0.5796942114830017
Car 0.0 0 1.8028560876846313 400.6169128417969 182.36526489257812 540.6303100585938 271.95458984375 4.4616203 1.4383248 1.711874 -2.6090322 1.6576499 14.336079 1.622835636138916 0.9445760250091553
Car 0.0 0 -1.7168020009994507 677.1401977539062 181.0292205810547 751.5233154296875 235.1962127685547 4.0681934 1.4308023 1.6128448 2.9891303 1.7003489 21.71408 -1.5800031423568726 0.9011288285255432
Car 0.0 0 -1.6864979267120361 661.2117309570312 179.57366943359375 716.1248168945312 222.11814880371094 4.0762606 1.4692682 1.6102136 2.8903167 1.7458425 27.609312 -1.5821915864944458 0.891592800617218
Car 0.0 0 -1.8131252527236938 715.4996948242188 151.65573120117188 862.97607421875 259.5445251464844 4.522718 1.767507 1.6829777 3.2209556 1.4205805 14.093829 -1.5884472131729126 0.7876572608947754
Car 0.0 0 3.063826560974121 512.1149291992188 181.69346618652344 563.763916015625 202.7883758544922 3.6936765 1.5030627 1.5583714 -5.378279 2.1712925 53.419495 2.963484525680542 0.34764111042022705
Car 0.0 0 1.2840895652770996 663.115478515625 168.96665954589844 693.5478515625 187.50318908691406 3.8475013 1.5756912 1.6349157 5.9445257 1.2456057 63.37622 1.3776133060455322 0.29948270320892334
Car 0.0 0 1.9137287139892578 578.381103515625 175.92208862304688 610.8555908203125 193.7451629638672 4.0903335 1.5264248 1.6345466 -1.3627992 1.8114597 64.74764 1.892683982849121 0.26844608783721924
Car 0.0 0 -2.130100727081299 485.1558532714844 178.45913696289062 543.3992309570312 205.13929748535156 3.7377963 1.438878 1.5886053 -5.6008334 1.7780974 41.6729 -2.263700008392334 0.2481321096420288
Car 0.0 0 -2.360746145248413 1014.721435546875 82.76510620117188 1242.0 338.2330322265625 4.155031 1.7465304 1.6651611 6.0374084 1.1309872 7.0695953 -1.653936505317688 0.2338649332523346
