Pedestrian 0.0 0 -1.4759875535964966 721.1360473632812 170.7176513671875 737.093505859375 208.34133911132812 0.7218267 1.7287993 0.66859335 5.5085454 1.6309928 33.58586 -1.3134211301803589 0.3676585853099823
Pedestrian 0.0 0 -3.4994139671325684 942.3060302734375 179.25042724609375 971.7889404296875 232.3150634765625 0.69479877 1.6772425 0.57874376 11.107553 1.8861136 23.199205 -3.05287766456604 0.262245237827301
Pedestrian 0.0 0 -2.0121912956237793 944.5038452148438 146.03439331054688 967.0969848632812 193.8499298095703 0.6228604 1.9223719 0.62062764 14.005577 0.8444766 29.318642 -1.5665405988693237 0.25582367181777954
Pedestrian 0.0 0 -0.5054043531417847 924.446044921875 169.2747344970703 954.534912109375 196.3551788330078 1.7343863 1.7499509 0.5452263 21.411242 1.5190151 46.96244 -0.07763604074716568 0.1390756070613861
Cyclist 0.0 0 -0.5054043531417847 924.446044921875 169.2747344970703 954.534912109375 196.3551788330078 1.7343863 1.7499509 0.5452263 21.411242 1.5190151 46.96244 -0.07763604074716568 0.3583677113056183
Cyclist 0.0 0 -3.119541645050049 714.8728637695312 170.0590057373047 738.3080444335938 207.4533233642578 1.0681852 1.7261965 0.6391131 5.4126763 1.5975316 33.71545 -2.960360050201416 0.2052927166223526
Car 0.0 0 2.057208776473999 180.39877319335938 194.35719299316406 314.68536376953125 257.0829162597656 3.8083272 1.3984804 1.6098217 -9.5835285 2.0322878 19.328077 1.5968990325927734 0.894035279750824
Car 0.0 0 1.999552845954895 268.7221984863281 184.05128479003906 347.2679443359375 223.9793243408203 3.5869324 1.446374 1.557403 -12.074279 1.9246304 28.973572 1.6047041416168213 0.7680932879447937
Car 0.0 0 -1.696448802947998 597.6431884765625 178.8732452392578 631.0740966796875 204.0240936279297 4.0687494 1.5078492 1.6438181 0.20423956 1.9128859 46.388084 -1.6920459270477295 0.7067463994026184
Car 0.0 0 1.645117163658142 468.51434326171875 181.8867645263672 493.2108459472656 201.53004455566406 4.1679816 1.4878744 1.6779183 -10.51022 2.2513254 58.794365 1.4682233333587646 0.512873113155365
Car 0.0 0 1.752616286277771 459.9610900878906 175.6141815185547 503.6225891113281 207.24974060058594 3.8341882 1.5834477 1.6200545 -6.7969203 1.7379508 38.369976 1.5772933959960938 0.2629474103450775
Car 0.0 0 1.8036153316497803 344.4107666015625 179.22772216796875 385.630615234375 204.8411865234375 3.9858384 1.5188751 1.6057154 -15.547482 1.9426322 45.868767 1.4768131971359253 0.23428462445735931
Car 0.0 0 1.8960436582565308 373.67974853515625 175.33822631835938 459.1700134277344 220.81272888183594 4.2241263 1.4726506 1.6795734 -6.8349257 1.569164 25.76269 1.6367145776748657 0.21544019877910614
