Pedestrian 0.0 0 2.4713988304138184 24.929880142211914 187.4542999267578 54.67166519165039 232.75608825683594 0.6848836 1.7418216 0.6152344 -22.485592 2.3251579 28.4039 1.8017778396606445 0.3207609951496124
Pedestrian 0.0 0 -1.816939115524292 1012.6181640625 136.4197235107422 1042.148681640625 187.9908905029297 1.1436176 1.9160448 0.7134084 15.825455 0.5627453 27.452368 -1.2940011024475098 0.2407916784286499
Pedestrian 0.0 0 0.0220801942050457 591.063720703125 167.22178649902344 605.9131469726562 191.3692169189453 1.1382159 1.8601545 0.54493666 -0.9141307 1.4266433 55.855316 0.005715608596801758 0.2348320037126541
Pedestrian 0.0 0 0.3218556344509125 317.68670654296875 170.5235137939453 327.3679504394531 193.98748779296875 0.540543 1.8486204 0.6336885 -22.803608 1.6653693 57.17585 -0.05764419585466385 0.11837922036647797
Pedestrian 0.0 0 0.5520913600921631 217.16299438476562 179.91409301757812 237.7020721435547 210.38900756835938 0.87551254 1.7834861 0.628168 -22.683651 2.205253 42.723537 0.06399893760681152 0.10515657812356949
Cyclist 0.0 0 1.4250632524490356 877.6561279296875 180.88209533691406 892.0886840820312 212.3042449951172 1.7608476 1.7628862 0.5299545 15.905569 2.2392628 41.863285 1.7881585359573364 0.10124213993549347
Cyclist 0.0 0 0.7138215899467468 24.78373146057129 187.2845001220703 59.13258743286133 232.1473846435547 0.8882495 1.7320864 0.5961504 -22.378807 2.3064058 28.377626 0.0460660457611084 0.1004524901509285
Car 0.0 0 -1.5676515102386475 570.5841064453125 180.6960906982422 605.537841796875 213.3687744140625 3.499109 1.4758842 1.6205148 -1.1058549 1.8782399 35.212658 -1.599046230316162 0.90831059217453
Car 0.0 0 -1.4830104112625122 523.2224731445312 181.9337158203125 553.1828002929688 206.54525756835938 3.7172155 1.4396758 1.5599052 -4.516075 2.0354912 45.449306 -1.5820504426956177 0.6744899153709412
Car 0.0 0 1.1688010692596436 986.6245727539062 188.81448364257812 1061.73974609375 225.6002960205078 3.644806 1.4709628 1.618254 18.463934 2.2303002 32.405277 1.6867048740386963 0.12957729399204254
Car 0.0 0 -3.3676013946533203 1006.0814208984375 179.10850524902344 1113.0087890625 213.04318237304688 4.0894146 1.5399097 1.7010902 21.501139 1.8541512 34.743557 -2.8134350776672363 0.12051999568939209
