Pedestrian 0.0 0 2.1467232704162598 250.7386016845703 187.2520294189453 283.0574645996094 245.71969604492188 0.56938 1.6204172 0.618585 -9.77977 2.035852 20.475788 1.701134443283081 0.298431396484375
Pedestrian 0.0 0 1.5791754722595215 380.51995849609375 175.79901123046875 399.2552795410156 226.85682678222656 0.6354806 1.6864549 0.5952426 -7.444752 1.7874502 24.264238 1.2814736366271973 0.2069258838891983
Cyclist 0.0 0 1.8072494268417358 507.6824951171875 185.12615966796875 529.6615600585938 225.85708618164062 1.3820763 1.5534598 0.56037724 -3.661097 2.053634 28.666265 1.6802226305007935 0.21402952075004578
Car 0.0 0 -1.4929202795028687 448.90399169921875 178.9512176513672 518.7142333984375 238.56626892089844 4.0691214 1.4684932 1.6158417 -3.496808 1.658176 20.301136 -1.6634933948516846 0.9542881846427917
Car 0.0 0 -1.7314608097076416 632.9505004882812 169.77828979492188 711.0874633789062 233.2237091064453 3.7601666 1.6410455 1.6159356 1.6257458 1.5618488 20.60005 -1.6527044773101807 0.929664671421051
Car 0.0 0 2.167433261871338 0.0 206.46876525878906 307.0227966308594 375.0 3.6492593 1.4682451 1.5595497 -2.9015238 1.7184349 3.4663346 1.4705007076263428 0.7313440442085266
Car 0.0 0 -1.7261826992034912 614.3935546875 180.21853637695312 664.5633544921875 216.50941467285156 3.9348614 1.4090191 1.5408106 1.156191 1.7455139 30.885656 -1.6887656450271606 0.6631379723548889
Car 0.0 0 1.5079333782196045 503.1728515625 179.08731079101562 539.0370483398438 212.3931121826172 3.6778374 1.4508222 1.4435775 -4.2816024 1.7625273 34.0959 1.383012056350708 0.4190359115600586
Car 0.0 0 -1.6975010633468628 660.4241333007812 153.31556701660156 696.3513793945312 181.86236572265625 3.673927 1.5636003 1.5911742 3.8427904 0.49377516 41.381214 -1.6049034595489502 0.3177397549152374
Car 0.0 0 1.547472357749939 525.8741455078125 174.30123901367188 548.1932983398438 197.62538146972656 3.6761587 1.7189507 1.6122731 -5.6489387 1.8341653 55.336456 1.4457412958145142 0.24302329123020172
Car 0.0 0 -1.7968624830245972 630.644775390625 181.54896545410156 696.3341064453125 226.67185974121094 3.6951551 1.4453807 1.5365728 1.7914207 1.7801625 25.804008 -1.7275495529174805 0.22451744973659515
Car 0.0 0 -1.2320199012756348 142.6963348388672 172.01742553710938 319.40618896484375 270.12884521484375 3.916075 1.521162 1.626036 -6.7522025 1.5085492 13.232871 -1.7038415670394897 0.20161573588848114
