Pedestrian 0.0 0 -2.632932186126709 411.1880798339844 177.05751037597656 442.1034240722656 231.80426025390625 0.78296405 1.8236248 0.6891133 -6.2743974 1.9694369 24.531437 -2.883333683013916 0.458141028881073
Pedestrian 0.0 0 1.4253054857254028 674.6963500976562 135.609619140625 696.5062255859375 189.44970703125 0.82920665 1.8666533 0.6496593 2.6156273 0.57573664 25.441387 1.5277554988861084 0.38649821281433105
Pedestrian 0.0 0 1.3631551265716553 739.6043090820312 132.28121948242188 775.9085083007812 219.39154052734375 0.6859068 1.7498963 0.6005196 2.9796383 0.9352168 14.837484 1.5613373517990112 0.253730446100235
Cyclist 0.0 0 -2.810802459716797 401.3678283691406 176.8909149169922 439.8678283691406 231.43856811523438 1.111041 1.8201963 0.6601978 -6.468012 1.9597034 24.49845 -3.068929672241211 0.15206915140151978
Car 0.0 0 -1.376610517501831 387.1600341796875 192.81996154785156 478.000244140625 262.3471374511719 3.4448805 1.4990991 1.5975999 -4.4432206 2.055021 18.318697 -1.6145663261413574 0.9703401327133179
Car 0.0 0 -1.8528128862380981 709.259521484375 182.9636688232422 866.0232543945312 292.1224060058594 3.4868052 1.508241 1.5871215 2.7395437 1.7030046 12.084977 -1.6298904418945312 0.9664851427078247
Car 0.0 0 -1.3887279033660889 451.27642822265625 182.90643310546875 514.2734375 231.70700073242188 4.1422997 1.6587664 1.6344016 -4.7949586 2.0706613 27.457727 -1.5616151094436646 0.9538695216178894
Car 0.0 0 -1.6860778331756592 659.5493774414062 182.3042449951172 722.6251831054688 234.28921508789062 3.3878274 1.4523759 1.5545124 2.406175 1.7694016 22.474676 -1.5794224739074707 0.9499813318252563
Car 0.0 0 -1.6878175735473633 635.6445922851562 180.62168884277344 673.1453247070312 211.88522338867188 3.5227532 1.5329596 1.565677 2.2618392 1.9626751 38.076557 -1.628484845161438 0.7829208970069885
Car 0.0 0 1.5421156883239746 502.9090881347656 183.65213012695312 532.7446899414062 214.21653747558594 3.6433055 1.6091223 1.5808779 -5.3411536 2.2558627 41.265858 1.4133985042572021 0.6425202488899231
Car 0.0 0 -0.3650469481945038 902.2100219726562 165.72442626953125 1066.98388671875 221.71343994140625 3.759721 1.48002 1.5343039 10.24521 1.291914 20.035154 0.10764861106872559 0.4372546076774597
Car 0.0 0 1.3964406251907349 707.7064819335938 175.76123046875 754.7496337890625 208.3709259033203 3.8246794 1.4435544 1.5468907 5.64567 1.5894653 34.20103 1.560038447380066 0.25957202911376953
