Pedestrian 0.0 0 -1.8973729610443115 1206.68896484375 129.5181884765625 1242.0 209.94932556152344 0.70324755 1.9242063 0.67484146 15.156042 0.8878138 17.710993 -1.1895548105239868 0.30469873547554016
Pedestrian 0.0 0 2.4347424507141113 1014.714111328125 140.29188537597656 1075.5238037109375 237.52139282226562 0.8005703 1.796641 0.58368903 8.193223 1.1953045 13.68453 2.9742214679718018 0.2339104264974594
Pedestrian 0.0 0 -1.9531431198120117 878.1427001953125 154.6269989013672 930.8441162109375 243.24559020996094 1.2047279 1.7737687 0.6074701 6.0678263 1.4092993 15.042075 -1.569717526435852 0.19538037478923798
Pedestrian 0.0 0 1.301990032196045 1166.1522216796875 185.71286010742188 1194.9970703125 235.11058044433594 0.72434634 1.577358 0.5706246 18.699795 2.008293 23.713257 1.9697285890579224 0.15903697907924652
Cyclist 0.0 0 -1.9645929336547852 877.5726318359375 154.44322204589844 931.7332763671875 244.52719116210938 1.334926 1.7944337 0.57188576 6.0675244 1.428057 15.040362 -1.5811450481414795 0.5479695796966553
Cyclist 0.0 0 -0.38893163204193115 951.8441162109375 165.61476135253906 994.1648559570312 205.8612060546875 1.5816549 1.7945337 0.63705355 16.324816 1.4721036 32.547264 0.0759732723236084 0.1630391925573349
Car 0.0 0 1.9532382488250732 123.12762451171875 170.94419860839844 280.0664367675781 248.06520080566406 4.193154 1.5233779 1.6385816 -9.114697 1.4860111 16.431665 1.446791410446167 0.3943691551685333
Car 0.0 0 1.8537288904190063 410.16455078125 179.1082763671875 442.337158203125 198.17999267578125 3.9617302 1.5284333 1.6011124 -15.551143 2.0762162 61.145344 1.6046783924102783 0.34577009081840515
Car 0.0 0 -1.8446414470672607 876.80322265625 160.52679443359375 942.58056640625 200.2273406982422 3.9574475 1.61896 1.6264479 12.9422035 1.1166235 31.480713 -1.4545897245407104 0.2659722864627838
Car 0.0 0 2.3365848064422607 0.0 241.5227813720703 99.56127166748047 375.0 3.9815326 1.4652573 1.6386982 -6.5389857 2.2418845 6.1229215 1.518338918685913 0.19258789718151093
Car 0.0 0 -0.4219018518924713 909.8599243164062 166.35659790039062 1013.2857055664062 199.69790649414062 3.952504 1.4906067 1.6158508 16.037796 1.2004824 33.120384 0.02904820442199707 0.16095416247844696
Car 0.0 0 2.3464255332946777 0.0 163.16392517089844 148.37599182128906 287.5042419433594 4.20162 1.5426774 1.6938952 -9.453182 1.4228114 11.104466 1.6411798000335693 0.15272410213947296
