Pedestrian 0.0 0 -3.3116061687469482 774.6890869140625 173.7490997314453 876.38818359375 367.8635559082031 0.7558393 1.6161771 0.64700234 1.822347 1.6248913 6.370604 -3.0329909324645996 0.40830835700035095
Pedestrian 0.0 0 0.7652904987335205 373.0144348144531 194.60745239257812 426.4285583496094 292.31390380859375 0.62709373 1.7498614 0.7440661 -4.010534 2.1748013 13.605526 0.4786365032196045 0.30713361501693726
Pedestrian 0.0 0 -1.5744001865386963 630.412109375 172.0459442138672 643.968505859375 203.06643676757812 1.0675251 1.7251456 0.753604 1.4948405 1.6805657 40.670166 -1.5376615524291992 0.18988437950611115
Car 0.0 0 -1.6659830808639526 764.2908935546875 179.4778594970703 826.6896362304688 227.7992401123047 3.9912293 1.4228717 1.6082171 6.012042 1.6619914 23.911661 -1.4196616411209106 0.889557957649231
Car 0.0 0 -1.7763017416000366 814.5902099609375 178.7609405517578 1136.631591796875 375.0 3.671255 1.4577518 1.6239424 2.7424655 1.5264397 6.383383 -1.3705196380615234 0.7884628176689148
Car 0.0 0 -1.6217666864395142 751.969482421875 168.16261291503906 787.6669311523438 202.5929718017578 4.185509 1.8185929 1.7251917 8.840325 1.5711539 40.314426 -1.4058990478515625 0.6878186464309692
Car 0.0 0 -2.4078495502471924 306.85400390625 188.16697692871094 482.412353515625 265.6291809082031 3.611631 1.509426 1.6121079 -4.875959 1.8843812 16.148918 -2.701082706451416 0.6765086650848389
Car 0.0 0 -0.23008224368095398 807.3035278320312 169.99209594726562 886.0248413085938 203.86656188964844 3.4622858 1.6474812 1.5832642 11.728007 1.5086507 36.02432 0.08465433120727539 0.32863762974739075
Car 0.0 0 0.7048088312149048 769.8360595703125 160.6378631591797 828.5830688476562 185.9791259765625 3.6755648 1.6394471 1.5867747 12.6820755 0.849484 48.637466 0.959876537322998 0.3278507888317108
Car 0.0 0 1.259143590927124 883.9512939453125 177.60914611816406 1018.5540161132812 264.68096923828125 3.604524 1.6375068 1.574448 7.1794734 1.7534611 15.654997 1.6891310214996338 0.2509159445762634
Car 0.0 0 -2.5659830570220947 65.3956069946289 161.46055603027344 375.48321533203125 289.8030700683594 3.905634 1.7745415 1.5877663 -5.8234076 1.6173667 10.932688 -3.0554161071777344 0.18222182989120483
