Pedestrian 0.0 0 -0.5314211845397949 1116.169677734375 199.22518920898438 1165.2611083984375 274.9259948730469 0.76914203 1.8364248 0.6496338 13.265061 2.512182 18.114916 0.10063767433166504 0.3860003650188446
Pedestrian 0.0 0 -0.2306971251964569 691.9031372070312 187.95758056640625 708.5712280273438 219.00619506835938 0.88673747 1.9005502 0.7300656 5.588815 2.8509617 44.973557 -0.10706203430891037 0.36325907707214355
Pedestrian 0.0 0 0.8013385534286499 1106.296630859375 50.48733139038086 1242.0 296.8062744140625 0.8941946 1.816774 0.75857097 4.636771 0.9145924 5.8001814 1.475724697113037 0.15450286865234375
Pedestrian 0.0 0 -3.5869381427764893 1159.6192626953125 145.28501892089844 1229.9476318359375 236.3482666015625 0.91014516 1.7509903 0.5999858 11.495586 1.2212439 14.268095 -2.908740520477295 0.12062402814626694
Cyclist 0.0 0 1.3235762119293213 1197.7379150390625 212.3329620361328 1242.0 304.42425537109375 1.6649017 1.7795582 0.53629225 13.1954975 2.678101 15.547534 2.0273265838623047 0.16082827746868134
Cyclist 0.0 0 -1.9137070178985596 1182.667724609375 106.41845703125 1242.0 218.439453125 1.7214823 1.7291752 0.45531774 10.107572 0.7040226 12.021131 -1.2145683765411377 0.1523660570383072
Cyclist 0.0 0 -1.1564512252807617 184.0703125 190.99008178710938 208.26010131835938 231.15325927734375 1.4161375 1.6435063 0.3607096 -17.752762 2.438785 30.899609 -1.6779325008392334 0.12338659167289734
Cyclist 0.0 0 -2.026395320892334 897.9922485351562 180.4458770751953 927.1375122070312 223.10763549804688 1.63595 1.6838298 0.42306814 12.3555 2.0043895 29.600197 -1.6309685707092285 0.1213182583451271
Cyclist 0.0 0 -0.23379744589328766 691.8569946289062 187.9561309814453 710.9459228515625 219.3363800048828 1.0368564 1.919683 0.7376106 5.660098 2.8701286 44.967026 -0.10858376324176788 0.10301408916711807
Car 0.0 0 1.7840843200683594 888.1914672851562 197.1655731201172 953.3519897460938 237.0490264892578 4.055738 1.4405959 1.7394301 13.296126 2.5529027 30.84291 2.191103458404541 0.24825218319892883
Car 0.0 0 1.390476942062378 647.9771118164062 176.34019470214844 703.042236328125 213.39532470703125 4.110914 1.4624424 1.6288551 2.6983101 1.6228287 30.995832 1.4773119688034058 0.14929312467575073
Car 0.0 0 1.4169864654541016 848.3374633789062 179.00433349609375 907.9125366210938 218.67990112304688 4.022682 1.4671699 1.6683044 10.82492 1.7370244 29.477577 1.7689237594604492 0.13023099303245544
Car 0.0 0 -2.207120418548584 905.6192626953125 167.16180419921875 1242.0 352.8344421386719 4.4233537 1.4674428 1.587129 5.0408397 1.422813 7.9628553 -1.6427574157714844 0.12344421446323395
