Pedestrian 0.0 0 0.0588630735874176 753.0563354492188 181.5227813720703 777.3997802734375 216.73068237304688 1.1760051 1.7579137 0.6469885 7.866099 2.2051306 36.722572 0.26987767219543457 0.30465924739837646
Pedestrian 0.0 0 -0.7890846133232117 1019.0802612304688 174.0087127685547 1056.0272216796875 233.63771057128906 0.72076917 1.6976252 0.58364993 12.35033 1.7320765 20.9273 -0.25593626499176025 0.22198304533958435
Pedestrian 0.0 0 2.7800238132476807 675.8192749023438 167.03890991210938 691.5064086914062 198.98330688476562 0.73870164 1.8466185 0.61971253 4.2621803 1.510822 42.101974 2.8809146881103516 0.1673860400915146
Pedestrian 0.0 0 -1.1962316036224365 475.5160827636719 162.31581115722656 492.6015319824219 195.46324157714844 0.8596589 1.7647159 0.6379608 -6.8213954 1.2040375 38.895622 -1.3698430061340332 0.13129648566246033
Cyclist 0.0 0 0.055457085371017456 752.2544555664062 181.5216064453125 778.9063110351562 216.76312255859375 1.2923379 1.7583866 0.66077816 7.8854074 2.2058601 36.72836 0.26694202423095703 0.35998770594596863
Cyclist 0.0 0 -1.701777696609497 677.190185546875 167.2499542236328 689.972412109375 198.0138702392578 1.7667105 1.7606055 0.51440394 4.2600245 1.4402465 42.181286 -1.601125717163086 0.3408421277999878
Car 0.0 0 -3.211013078689575 992.5966796875 182.79354858398438 1204.355712890625 253.38096618652344 4.102587 1.5000224 1.6594981 11.605203 1.766046 17.550388 -2.626769542694092 0.8923311829566956
Car 0.0 0 -0.8144846558570862 704.1851806640625 196.7611541748047 774.6941528320312 233.760498046875 3.102557 1.5454669 1.5256833 6.014414 2.712033 33.657944 -0.6376587152481079 0.8644083738327026
Car 0.0 0 1.7838449478149414 543.6737670898438 184.29238891601562 572.7128295898438 205.00503540039062 3.833304 1.630563 1.6793875 -4.369767 2.6306014 61.041496 1.712380051612854 0.1699405163526535
Car 0.0 0 1.8280887603759766 1085.07373046875 181.1251678466797 1242.0 365.3771057128906 3.929286 1.4414239 1.5958866 6.717781 1.5484546 7.5510573 2.555154800415039 0.16152262687683105
Car 0.0 0 0.9128547310829163 629.9677734375 182.2454376220703 678.8343505859375 205.08786010742188 3.9305642 1.6261164 1.671876 3.3305397 2.3719938 55.18006 0.9731392860412598 0.16075128316879272
Car 0.0 0 -1.6116877794265747 620.1884155273438 186.85317993164062 656.392333984375 219.56407165527344 4.4054656 1.6108348 1.7956122 1.4628781 2.4228292 39.623856 -1.5747854709625244 0.1474681794643402
Car 0.0 0 0.23134323954582214 832.2919311523438 179.91297912597656 978.6048583984375 235.02072143554688 3.9038858 1.5244527 1.6049856 8.995958 1.7594452 22.197304 0.6163866519927979 0.14084117114543915
Car 0.0 0 1.3469053506851196 519.36962890625 184.80079650878906 547.6975708007812 205.26992797851562 3.8727589 1.5974041 1.548499 -6.49953 2.6393132 60.819897 1.2404441833496094 0.11391520500183105
