Pedestrian 0.0 0 -1.761372447013855 763.8729858398438 164.1287841796875 791.6237182617188 225.02560424804688 0.8809258 1.7419764 0.6300133 5.11726 1.2462068 21.00083 -1.5223608016967773 0.8177326321601868
Pedestrian 0.0 0 -2.4074323177337646 91.12169647216797 175.35972595214844 190.90943908691406 329.15765380859375 0.7236755 1.6414042 0.59882027 -5.1720624 1.5772315 8.017409 -2.9803578853607178 0.500985860824585
Pedestrian 0.0 0 0.6809758543968201 510.47869873046875 173.9824676513672 525.906005859375 206.66175842285156 0.6407903 1.8169314 0.57698506 -4.6765604 1.3997762 40.351288 0.5655944347381592 0.46331459283828735
Pedestrian 0.0 0 2.9959208965301514 503.19378662109375 173.83580017089844 518.72021484375 208.5855712890625 0.7451957 1.8530296 0.63501245 -4.8814654 1.4451756 38.708256 2.870473861694336 0.4362061023712158
Pedestrian 0.0 0 -0.11627478897571564 707.542724609375 165.4346160888672 756.8373413085938 260.79510498046875 0.84683734 1.7735604 0.7192671 2.4488723 1.4760313 13.741737 0.060080766677856445 0.36327430605888367
Pedestrian 0.0 0 -1.302997350692749 681.3983154296875 170.9435272216797 717.1520385742188 239.33053588867188 0.9541792 1.638636 0.64941025 2.3953574 1.3868876 17.775639 -1.1690491437911987 0.31945914030075073
Pedestrian 0.0 0 0.11868656426668167 546.4979248046875 180.0128173828125 564.273193359375 214.1712646484375 0.8872552 1.8195078 0.6156075 -2.4742284 1.7411301 38.592304 0.054662227630615234 0.3034847676753998
Pedestrian 0.0 0 -1.2335501909255981 465.8813781738281 189.1183319091797 509.7586669921875 256.10546875 0.9720226 1.633066 0.8240757 -2.8977892 1.8329936 18.186493 -1.391559362411499 0.223434716463089
Pedestrian 0.0 0 1.1511262655258179 496.31878662109375 170.93385314941406 512.1884155273438 206.8860321044922 0.7251286 1.9548608 0.62364316 -5.351847 1.381164 39.52848 1.016552448272705 0.22177407145500183
Cyclist 0.0 0 1.9207426309585571 417.93402099609375 131.46963500976562 447.3277282714844 183.87136840820312 1.6095797 1.8276986 0.5128301 -6.0889344 0.083774045 25.881418 1.6896816492080688 0.40354660153388977
Cyclist 0.0 0 -1.3482587337493896 681.15576171875 170.63189697265625 717.6722412109375 239.42794799804688 1.0540007 1.6435043 0.6816593 2.3998995 1.3850688 17.770912 -1.214024305343628 0.16324694454669952
Car 0.0 0 1.9652893543243408 36.72029113769531 137.53916931152344 453.2245178222656 374.0 4.2379994 1.815742 1.7122803 -2.710061 1.543415 6.593238 1.5753051042556763 0.7510504722595215
Car 0.0 0 -1.635077953338623 647.2734985351562 172.1587371826172 684.3260498046875 206.08969116210938 3.611679 1.5982336 1.5926846 3.1402965 1.1591511 35.65687 -1.5472347736358643 0.6900430917739868
Car 0.0 0 2.289562702178955 0.0 148.55966186523438 157.54757690429688 351.84356689453125 3.9006124 1.5924226 1.6041034 -6.728508 1.3357787 7.5804553 1.5636337995529175 0.2693350613117218
Car 0.0 0 -0.2871636152267456 751.2477416992188 173.99789428710938 814.827880859375 197.83917236328125 3.7156787 1.5262411 1.608447 11.823746 1.0466888 46.86072 -0.0400056391954422 0.20266884565353394
Car 0.0 0 0.4589320719242096 0.0 112.42704010009766 272.6320495605469 217.58099365234375 3.4900599 1.534407 1.621691 -7.3999066 0.5278055 11.48264 -0.11352667212486267 0.19179096817970276
