Car 0.0 0 -1.9468663930892944 761.4208374023438 188.4403533935547 1050.6099853515625 372.9800720214844 3.6103547 1.4645158 1.574898 2.8150735 1.674289 7.862091 -1.6030323505401611 0.9554560780525208
Car 0.0 0 1.3861908912658691 702.693603515625 189.38656616210938 841.7244262695312 288.90478515625 4.322323 1.4297086 1.6519445 2.7205637 1.7838326 13.261354 1.5885331630706787 0.954954206943512
Car 0.0 0 1.4532747268676758 668.1681518554688 179.8119659423828 724.4708862304688 221.0966796875 4.181656 1.4011581 1.6146744 3.1397467 1.6848359 27.284208 1.567846417427063 0.8774015307426453
Car 0.0 0 1.9798407554626465 124.6713638305664 188.7784423828125 466.4031066894531 375.0 4.300589 1.4722134 1.6595526 -2.9554865 1.6930025 7.798271 1.6175744533538818 0.8765208721160889
Car 0.0 0 1.6972744464874268 482.0035400390625 175.7789306640625 541.9053344726562 227.8985595703125 3.2634287 1.5076984 1.4660296 -3.0617046 1.6066871 22.690681 1.5631521940231323 0.8676989674568176
Car 0.0 0 1.8146048784255981 370.470947265625 175.4774627685547 502.74249267578125 267.12109375 3.8775513 1.520201 1.5859791 -3.2468834 1.5786748 14.029488 1.5871760845184326 0.8587707877159119
Car 0.0 0 -1.6268632411956787 649.641845703125 174.34188842773438 676.8847045898438 199.43515014648438 3.68505 1.5769731 1.5743147 3.4345713 1.6789392 47.41693 -1.554556131362915 0.779323160648346
Car 0.0 0 0.4946413040161133 0.0 0.0 1242.0 375.0 3.6118748 1.5171481 1.5802621 2.8729355 1.4679791 1.5894232 1.5601102113723755 0.5234220623970032
Car 0.0 0 -1.5551421642303467 645.938232421875 174.45761108398438 668.301025390625 196.17279052734375 3.6537244 1.5231864 1.57597 3.4453113 1.6450225 52.77154 -1.4899474382400513 0.4030909836292267
Car 0.0 0 1.7055137157440186 571.8457641601562 174.71006774902344 594.7589111328125 192.39637756347656 3.8674018 1.5334558 1.5585322 -2.3951414 1.7061125 64.97722 1.6686691045761108 0.3882637619972229
