Pedestrian 0.0 0 1.4645715951919556 956.3232421875 154.58863830566406 986.0266723632812 221.08628845214844 0.96552336 1.8200985 0.6464452 10.109459 1.3205177 20.311453 1.9263951778411865 0.7681919932365417
Pedestrian 0.0 0 2.218470573425293 22.37425994873047 174.534912109375 88.70208740234375 273.84576416015625 0.7403889 1.784647 0.6611135 -10.294911 1.8169801 13.349382 1.5615452527999878 0.2536605894565582
Pedestrian 0.0 0 2.2087206840515137 544.8468627929688 182.0571746826172 569.4688110351562 221.7658233642578 0.98636925 1.6925193 0.60861915 -2.3506343 2.1033566 31.599752 2.134469747543335 0.21581313014030457
Pedestrian 0.0 0 2.123333692550659 652.462890625 170.3289337158203 680.5574340820312 213.2423553466797 1.3228649 1.7827383 0.5850972 2.3688896 1.6781985 30.678732 2.200396776199341 0.17465490102767944
Pedestrian 0.0 0 -3.5280134677886963 1016.2362670898438 143.8329315185547 1057.426513671875 208.95362854003906 0.8315331 1.8037977 0.6065492 11.978436 1.0002923 20.343775 -2.9958691596984863 0.1701946258544922
Pedestrian 0.0 0 -0.3681624233722687 812.1414184570312 120.91416931152344 858.9307250976562 189.6381072998047 1.1091855 1.8835138 0.57981867 6.2276607 0.4603596 20.099163 -0.06769657135009766 0.10739786177873611
Pedestrian 0.0 0 -0.9864630699157715 1150.574951171875 139.3660888671875 1193.8380126953125 215.4208526611328 0.6140337 1.7378026 0.549418 13.071109 0.97298324 16.842588 -0.32648181915283203 0.1049499660730362
Cyclist 0.0 0 2.1483399868011475 652.1055297851562 168.06382751464844 681.018798828125 209.4022216796875 1.3694896 1.7236328 0.57799846 2.3810956 1.5242617 30.80142 2.2254912853240967 0.25410643219947815
Cyclist 0.0 0 1.9097944498062134 546.0697631835938 180.8427734375 568.1349487304688 219.78579711914062 1.1751273 1.6604826 0.61172014 -2.355452 2.0187416 31.675365 1.8355687856674194 0.16820569336414337
Cyclist 0.0 0 -0.3681624233722687 812.1414184570312 120.91416931152344 858.9307250976562 189.6381072998047 1.1091855 1.8835138 0.57981867 6.2276607 0.4603596 20.099163 -0.06769657135009766 0.15521381795406342
Cyclist 0.0 0 1.4645715951919556 956.3232421875 154.58863830566406 986.0266723632812 221.08628845214844 0.96552336 1.8200985 0.6464452 10.109459 1.3205177 20.311453 1.9263951778411865 0.12225311994552612
Cyclist 0.0 0 0.18459153175354004 261.34869384765625 178.45416259765625 288.3118591308594 205.0173797607422 1.611308 1.8292935 0.68928695 -23.453194 2.2253406 50.445145 -0.25060421228408813 0.11688994616270065
Car 0.0 0 1.8539259433746338 327.69232177734375 186.24070739746094 529.2097778320312 329.8769836425781 3.6259081 1.4780573 1.6032076 -2.2292151 1.6913992 9.622384 1.6262723207473755 0.9413343667984009
Car 0.0 0 1.4621553421020508 909.5015869140625 166.15049743652344 941.137939453125 189.3675537109375 4.061277 1.5712582 1.6113316 22.215406 1.1179439 51.007107 1.8729157447814941 0.13455204665660858
Car 0.0 0 -1.3114864826202393 96.2297134399414 159.90261840820312 211.85499572753906 239.1969757080078 3.8097546 1.8736972 1.6558685 -11.961455 1.5680186 19.111382 -1.8707191944122314 0.12136925756931305
Car 0.0 0 -1.439997911453247 843.0943603515625 159.0689697265625 879.6949462890625 186.70301818847656 3.998257 1.6910303 1.7134383 16.144123 0.8478308 46.321735 -1.1046407222747803 0.11846138536930084
Car 0.0 0 1.6125568151474 875.4224853515625 176.5190887451172 922.4179077148438 215.7353973388672 3.8757622 1.4790726 1.6369689 11.9012785 1.6410245 29.706764 1.9936020374298096 0.11824348568916321
Car 0.0 0 1.910166621208191 638.1968994140625 177.3210906982422 699.9031982421875 214.79127502441406 3.4723456 1.4521304 1.5141113 2.4935598 1.6518542 30.305466 1.992262601852417 0.1129547655582428
