Pedestrian 0.0 0 -0.5360009670257568 787.4931030273438 158.06832885742188 863.9927368164062 270.9846496582031 0.8816643 1.6541293 0.6957162 3.3676596 1.3121856 10.962352 -0.23794974386692047 0.6085158586502075
Pedestrian 0.0 0 -1.5151276588439941 867.7871704101562 161.5467071533203 894.2523803710938 233.76109313964844 0.93737775 1.7409422 0.56397843 6.9236374 1.2611045 17.85828 -1.1452703475952148 0.34855589270591736
Pedestrian 0.0 0 -2.4194841384887695 138.37071228027344 188.95521545410156 235.79562377929688 332.559814453125 0.75507504 1.6283138 0.6704051 -4.9843855 1.7229688 8.586558 -2.945432424545288 0.31246238946914673
Pedestrian 0.0 0 1.8352398872375488 447.544677734375 130.0045623779297 476.74884033203125 197.64552307128906 0.7314269 1.8252376 0.6211339 -3.8576481 0.43683442 19.768118 1.6425169706344604 0.2943277359008789
Pedestrian 0.0 0 0.6900789737701416 697.0712280273438 154.56008911132812 732.726318359375 221.06649780273438 0.77097654 1.7602559 0.56636125 3.044447 1.0483916 19.48618 0.845062255859375 0.2876366972923279
Pedestrian 0.0 0 -3.309695243835449 928.013916015625 153.5253448486328 995.2966918945312 272.65155029296875 0.8165485 1.7327714 0.6014917 5.38008 1.3271731 10.851648 -2.8494255542755127 0.23389774560928345
Pedestrian 0.0 0 1.4151612520217896 540.078369140625 152.99732971191406 552.9680786132812 183.58120727539062 0.7651255 1.8795278 0.6867848 -3.4065568 0.12863985 44.593796 1.3389184474945068 0.21453924477100372
Pedestrian 0.0 0 -3.1054959297180176 650.7410888671875 166.64303588867188 697.649169921875 258.28814697265625 0.86810315 1.6968554 0.6257059 1.3528509 1.4230348 13.666057 -3.006824016571045 0.20357155799865723
Pedestrian 0.0 0 -1.8706902265548706 661.1605224609375 152.81219482421875 676.7138671875 189.8007354736328 0.6837935 1.9339297 0.6441518 3.5595648 0.43485174 37.955868 -1.7771821022033691 0.20164263248443604
Pedestrian 0.0 0 -1.459834098815918 686.49169921875 153.96902465820312 700.6729736328125 190.56539916992188 0.8753879 1.8882577 0.64363885 4.8171983 0.46860602 37.562546 -1.3322855234146118 0.18630769848823547
Pedestrian 0.0 0 2.954765796661377 525.1705322265625 161.57388305664062 543.737060546875 189.29904174804688 1.0871208 1.745364 0.57154447 -4.2511454 0.4916896 45.642998 2.8618946075439453 0.14541684091091156
Cyclist 0.0 0 1.8682469129562378 298.56573486328125 148.5206756591797 392.2762451171875 306.49505615234375 1.7976419 1.6636685 0.53891355 -3.0084696 1.3177158 8.472101 1.5270330905914307 0.9496579766273499
Cyclist 0.0 0 1.9161347150802612 405.21466064453125 164.12619018554688 483.96875 285.0186462402344 1.7387687 1.7247955 0.6463605 -2.4336836 1.4782354 11.15004 1.7012381553649902 0.907128095626831
Cyclist 0.0 0 2.954765796661377 525.1705322265625 161.57388305664062 543.737060546875 189.29904174804688 1.0871208 1.745364 0.57154447 -4.2511454 0.4916896 45.642998 2.8618946075439453 0.17435194551944733
Cyclist 0.0 0 -0.455364465713501 786.0485229492188 159.76361083984375 864.9423828125 272.6979675292969 0.9414254 1.6611571 0.69159603 3.3668394 1.3427454 10.978883 -0.1578042209148407 0.14926813542842865
Car 0.0 0 -1.2761898040771484 564.3793334960938 161.352783203125 607.5180053710938 186.36045837402344 3.9242163 1.5256763 1.6926402 -0.93350077 0.2972734 45.939793 -1.2965071201324463 0.3611966669559479
Car 0.0 0 2.217404365539551 0.0 141.16893005371094 90.78787231445312 374.0 3.7275093 1.4705898 1.5165312 -5.2938437 1.3111186 4.834458 1.3866807222366333 0.26398059725761414
Car 0.0 0 -1.713514804840088 858.955810546875 148.05003356933594 971.385986328125 229.55418395996094 3.8504126 1.474688 1.5834004 6.3784623 0.8707326 15.05799 -1.3128364086151123 0.25891709327697754
Car 0.0 0 0.960644006729126 929.374755859375 199.04052734375 1238.0 374.0 3.6368053 1.4367198 1.5711122 4.969345 1.6632569 7.3878803 1.552767038345337 0.19705936312675476
Car 0.0 0 1.5543012619018555 616.5892944335938 143.6628875732422 655.2565307617188 180.50328063964844 4.247149 1.5787659 1.6630087 1.5327737 -0.047944225 33.046143 1.6006509065628052 0.19331790506839752
Car 0.0 0 -1.8753087520599365 744.6599731445312 151.69805908203125 804.3695068359375 187.67440795898438 3.581992 1.5162276 1.5819288 7.653421 0.26119655 32.114002 -1.6413525342941284 0.1772412359714508
