Car 0.0 0 -1.7819242477416992 708.0173950195312 186.6339569091797 834.8595581054688 279.44171142578125 3.4605198 1.4553962 1.5918163 2.8316822 1.7479347 13.561791 -1.5760830640792847 0.9596775770187378
Car 0.0 0 0.5941590070724487 0.0 190.25689697265625 308.7785339355469 326.8852233886719 4.1164927 1.5048962 1.6292361 -6.2078285 1.7423612 8.992669 -0.010041425004601479 0.9155286550521851
Car 0.0 0 0.5102617144584656 77.99752044677734 185.0923309326172 398.26983642578125 299.3895568847656 4.1262097 1.5970067 1.703974 -5.666935 1.8036247 11.218855 0.04252171516418457 0.9098471403121948
Car 0.0 0 0.6414974927902222 172.08180236816406 181.05999755859375 395.38629150390625 268.8758239746094 3.67344 1.5038902 1.5502536 -6.2015085 1.6734428 13.721773 0.2170259952545166 0.9064184427261353
Car 0.0 0 0.37886327505111694 225.60089111328125 179.18533325195312 447.3470153808594 254.1828155517578 4.260716 1.5490376 1.682113 -5.9690223 1.6969976 15.934013 0.020435571670532227 0.8878029584884644
Car 0.0 0 -0.2551039755344391 771.23193359375 178.36279296875 954.9552612304688 239.3125762939453 4.1930184 1.4765526 1.6356224 6.3613553 1.6265268 18.623175 0.07405257225036621 0.8734334111213684
Car 0.0 0 3.3422868251800537 387.0848083496094 177.34083557128906 493.21661376953125 220.79229736328125 3.7536936 1.6221645 1.6676577 -6.5708566 1.8022301 28.007212 3.1118416786193848 0.8265745043754578
Car 0.0 0 -2.814523220062256 348.8860778808594 179.98533630371094 477.84454345703125 227.3880157470703 3.7204187 1.4569201 1.5630639 -6.346769 1.6968005 23.337269 -3.08005952835083 0.7583494782447815
Car 0.0 0 3.457247018814087 244.48509216308594 179.26695251464844 426.28326416015625 237.1846466064453 4.0611935 1.3955424 1.5601552 -6.960695 1.5676186 18.446741 3.096426248550415 0.7418574690818787
Car 0.0 0 3.4363808631896973 303.0141296386719 182.4531707763672 466.7364196777344 234.60643005371094 4.245148 1.4303253 1.603603 -6.476308 1.7195865 20.899246 3.135882616043091 0.7342971563339233
Car 0.0 0 -1.6406584978103638 639.4769897460938 178.4662628173828 668.2184448242188 203.5316925048828 3.7645886 1.5484362 1.6147406 2.8068106 1.9314954 47.308277 -1.5813977718353271 0.7322173118591309
Car 0.0 0 3.9666268825531006 0.0 195.1266632080078 99.57286834716797 375.0 3.9490256 1.4804182 1.6211144 -7.008784 1.6987818 6.208107 3.120722770690918 0.6366258859634399
Car 0.0 0 3.261052131652832 472.2618103027344 178.2025146484375 541.8973999023438 205.68011474609375 3.822382 1.5455117 1.6808815 -5.95548 1.8623313 41.80691 3.1195521354675293 0.6275148987770081
Car 0.0 0 2.8948216438293457 714.2855224609375 181.66571044921875 831.5840454101562 222.01365661621094 4.3032627 1.5453377 1.688474 6.428041 1.9101018 28.931837 3.1134490966796875 0.6164533495903015
