Pedestrian 0.0 0 -2.274303674697876 945.0410766601562 163.88619995117188 1012.8309326171875 232.50213623046875 1.7417969 1.6891767 0.56543595 9.463966 1.4687668 18.672707 -1.8052036762237549 0.17561975121498108
Cyclist 0.0 0 -2.1967732906341553 947.1620483398438 164.5852813720703 1008.1281127929688 232.58631896972656 1.6477301 1.6809154 0.53991187 9.443003 1.4768794 18.689014 -1.7289183139801025 0.4468589127063751
Car 0.0 0 -1.6960089206695557 716.6387939453125 185.46018981933594 784.1165161132812 238.4722900390625 3.9645975 1.4722325 1.6073033 4.3400254 1.9103851 23.027536 -1.5097230672836304 0.9469417929649353
Car 0.0 0 -1.8375307321548462 734.8900146484375 182.18270874023438 833.876708984375 253.39041137695312 3.422515 1.5458435 1.5053964 4.1517615 1.7995701 17.855465 -1.60906982421875 0.9386720657348633
Car 0.0 0 -1.8383538722991943 781.5940551757812 193.30848693847656 952.1419067382812 308.0704345703125 3.9721723 1.4931605 1.6361017 4.0288143 1.8950349 12.134213 -1.517784833908081 0.9358705282211304
Car 0.0 0 1.7894246578216553 476.634521484375 188.0811004638672 540.5012817382812 230.69674682617188 3.9996085 1.4559761 1.6389023 -3.9191298 2.0945399 28.179523 1.6512339115142822 0.9266464710235596
Car 0.0 0 -2.192624092102051 869.8256225585938 174.95909118652344 1242.0 375.0 4.501425 1.5326906 1.7411636 3.8744287 1.5572109 5.989549 -1.6184561252593994 0.8275775909423828
Car 0.0 0 -1.7134854793548584 700.5990600585938 183.28785705566406 754.5104370117188 225.0482635498047 3.6413755 1.4917814 1.5867963 4.536175 1.9310989 28.520388 -1.5557563304901123 0.6145195364952087
Car 0.0 0 1.7187961339950562 530.1727905273438 183.63308715820312 570.3621826171875 214.73463439941406 4.1781516 1.5376325 1.5826143 -3.231864 2.1568637 39.287136 1.6367182731628418 0.48081400990486145
Car 0.0 0 1.7149945497512817 569.08544921875 181.2956085205078 596.7952880859375 203.68679809570312 3.593221 1.6111586 1.6206912 -2.0637574 2.279274 55.200386 1.677625298500061 0.4596225619316101
Car 0.0 0 -2.026156425476074 911.4410400390625 171.30540466308594 1036.593994140625 232.6331329345703 3.7862325 1.5581368 1.6066936 9.993083 1.5191501 20.225122 -1.5672458410263062 0.4209239184856415
Car 0.0 0 1.4265856742858887 927.5982055664062 178.0795440673828 963.7606201171875 204.32164001464844 3.5435987 1.4760458 1.464215 20.040415 1.8034499 43.248398 1.860509991645813 0.36402037739753723
