Pedestrian 0.0 0 2.5064642429351807 145.99673461914062 193.1995849609375 174.77401733398438 229.83676147460938 0.89672655 1.6470143 0.7001162 -20.963799 2.6098793 33.58586 1.948451042175293 0.38480454683303833
Pedestrian 0.0 0 -1.7900198698043823 717.8928833007812 164.80056762695312 743.8440551757812 214.2965850830078 1.7050586 1.7077398 0.5517908 4.2562785 1.4302337 25.758675 -1.6262627840042114 0.25406408309936523
Cyclist 0.0 0 -1.7900198698043823 717.8928833007812 164.80056762695312 743.8440551757812 214.2965850830078 1.7050586 1.7077398 0.5517908 4.2562785 1.4302337 25.758675 -1.6262627840042114 0.7623021602630615
Cyclist 0.0 0 2.4378528594970703 140.95716857910156 191.13906860351562 178.49044799804688 229.78492736816406 1.3875899 1.7179259 0.6547143 -20.964512 2.5878882 33.551834 1.8793690204620361 0.16522543132305145
Car 0.0 0 1.9664617776870728 299.0556335449219 191.49688720703125 366.96295166015625 228.68826293945312 4.0368114 1.6157095 1.6861778 -13.548497 2.5844781 35.434593 1.6012609004974365 0.881853461265564
Car 0.0 0 -0.3942406475543976 646.308837890625 176.64053344726562 724.3580322265625 206.3388671875 3.8568606 1.5334994 1.6336592 4.01661 1.7451937 38.931755 -0.29143384099006653 0.15014998614788055
Car 0.0 0 1.5994888544082642 637.856689453125 179.13308715820312 676.645263671875 216.31382751464844 4.147459 1.5088785 1.6067518 2.118289 1.8075976 32.14206 1.6652976274490356 0.12154790014028549
Car 0.0 0 1.9967617988586426 340.6417236328125 196.01121520996094 405.6414794921875 226.8007354736328 4.5890617 1.4733893 1.7195727 -13.223703 2.849025 40.473343 1.6809693574905396 0.10999199002981186
Car 0.0 0 -0.4759114384651184 660.164306640625 180.5858154296875 765.0655517578125 219.26536560058594 4.016264 1.4980471 1.615145 4.209085 1.8344984 29.936747 -0.33622780442237854 0.10836109519004822
Car 0.0 0 -2.371689796447754 1096.7969970703125 180.44081115722656 1242.0 375.0 3.8349855 1.4940594 1.5881004 6.99731 1.5914805 7.2838736 -1.606354832649231 0.10026270896196365
