Pedestrian 0.0 0 -1.6043387651443481 897.333984375 144.9019317626953 922.6666870117188 206.19378662109375 0.61126727 1.9045621 0.7185205 9.440381 1.0363472 22.830343 -1.212247610092163 0.2934582233428955
Pedestrian 0.0 0 0.614284336566925 1095.77734375 115.29340362548828 1166.2353515625 243.05322265625 0.5674979 1.7976415 0.6421931 7.539156 0.9880942 10.523143 1.235956072807312 0.2865838408470154
Pedestrian 0.0 0 -2.0257086753845215 1074.9832763671875 144.21788024902344 1130.89404296875 230.03456115722656 0.90786475 1.8095915 0.6727672 10.664379 1.206108 15.708946 -1.4293031692504883 0.19784368574619293
Cyclist 0.0 0 1.2991794347763062 692.661376953125 176.162109375 709.148193359375 207.48312377929688 1.608969 1.6866854 0.4874549 4.978074 1.8736205 39.86039 1.4234238862991333 0.2258659303188324
Cyclist 0.0 0 1.8782827854156494 1196.3084716796875 87.17839050292969 1242.0 179.50099182128906 1.5326905 1.7459627 0.473752 12.13894 0.1260629 14.24921 2.5838804244995117 0.21748533844947815
Car 0.0 0 1.7484148740768433 411.26904296875 182.03369140625 444.7474060058594 205.4987335205078 4.048919 1.5672861 1.6463875 -13.069174 2.254282 51.89161 1.5016908645629883 0.817218005657196
Car 0.0 0 -1.615437626838684 586.1841430664062 181.91622924804688 613.7937622070312 207.03616333007812 3.9181068 1.5760213 1.6834348 -0.7425448 2.213506 48.719646 -1.630677580833435 0.6747955679893494
Car 0.0 0 -1.9499402046203613 417.7353210449219 183.2392578125 469.02685546875 210.96559143066406 4.014555 1.5186571 1.6150147 -10.053707 2.171297 43.206955 -2.1785593032836914 0.5969674587249756
Car 0.0 0 -1.3443652391433716 401.5612487792969 171.0146942138672 463.9617919921875 212.28140258789062 3.925155 1.5829738 1.6487875 -7.239906 1.5127769 29.648333 -1.583870768547058 0.31382864713668823
Car 0.0 0 1.8300409317016602 346.55181884765625 190.7022247314453 433.7946472167969 243.91688537597656 4.4530935 1.4726391 1.6474766 -7.1391726 2.1157353 23.72828 1.537784457206726 0.26336121559143066
Car 0.0 0 1.7454538345336914 429.0098876953125 184.89695739746094 476.74822998046875 218.06170654296875 3.957568 1.4239438 1.5625353 -7.473176 2.0327303 34.44268 1.5317914485931396 0.24561698734760284
