Pedestrian 0.0 0 2.7520744800567627 720.85791015625 190.6881866455078 753.4241943359375 246.68296813964844 0.8026328 1.6947342 0.67828405 3.9169123 2.2620852 22.51902 2.9242894649505615 0.5063812136650085
Pedestrian 0.0 0 1.2727614641189575 549.6908569335938 190.38821411132812 563.0693359375 219.0811004638672 0.7678725 1.8699534 0.6938462 -3.6070135 3.050933 48.096226 1.1979057788848877 0.4963972866535187
Pedestrian 0.0 0 -0.2354213148355484 556.227783203125 190.27439880371094 570.278076171875 215.9287872314453 0.8730335 1.8101822 0.68968284 -3.398604 3.0769148 51.990757 -0.30069783329963684 0.3331625163555145
Pedestrian 0.0 0 1.4657690525054932 325.18255615234375 171.19659423828125 359.9679260253906 252.29232788085938 0.85123557 1.7977133 0.6587103 -6.179267 1.7613302 16.520058 1.107834815979004 0.27868732810020447
Pedestrian 0.0 0 2.1707849502563477 980.5205078125 188.4554901123047 1060.6212158203125 278.2481994628906 0.8668826 1.5883073 1.0001664 7.687354 1.8971212 13.62269 2.684544563293457 0.27183589339256287
Pedestrian 0.0 0 1.7606436014175415 952.1995239257812 188.55731201171875 979.1494140625 238.833984375 1.2456827 1.8474206 0.7059266 13.600065 2.4653413 27.663338 2.2175710201263428 0.2619835138320923
Pedestrian 0.0 0 2.2505064010620117 1145.201416015625 121.2992172241211 1242.0 320.7525329589844 0.7836929 1.8192494 0.6136875 5.7177525 1.349367 6.9581447 2.9383606910705566 0.24444887042045593
Pedestrian 0.0 0 -2.850123882293701 539.9219360351562 176.288330078125 554.5177612304688 206.7684783935547 0.7462227 1.8632084 0.641349 -3.909409 2.0776284 44.58125 -2.937591791152954 0.2021496295928955
Pedestrian 0.0 0 -1.7906256914138794 869.1384887695312 120.36652374267578 905.293212890625 192.29037475585938 1.0545893 1.9011326 0.7027765 7.4852314 0.5141115 19.641691 -1.426527500152588 0.19771403074264526
Cyclist 0.0 0 -1.5743335485458374 0.0 68.39836120605469 92.20280456542969 375.0 1.7170063 1.9165328 0.4905498 -3.6417322 1.3868465 4.4781504 -2.257085084915161 0.5527417063713074
Cyclist 0.0 0 1.911435604095459 949.0686645507812 188.6201629638672 982.1287231445312 238.63343811035156 1.471305 1.8319272 0.6864795 13.598636 2.4534342 27.664639 2.368302822113037 0.3405439853668213
Cyclist 0.0 0 2.044027805328369 0.0 132.72372436523438 109.17743682861328 287.5411682128906 1.5576527 1.7309417 0.5742478 -6.925894 1.2826216 8.883329 1.3818186521530151 0.24594148993492126
Cyclist 0.0 0 1.5341248512268066 690.0989379882812 169.7974853515625 704.0208129882812 208.66653442382812 1.6010497 1.8184665 0.60101825 4.125621 1.6758275 34.576458 1.6528822183609009 0.23167769610881805
Cyclist 0.0 0 1.003290057182312 900.9734497070312 164.3809356689453 943.4967041015625 217.1007537841797 1.7413065 1.8095914 0.532253 11.039504 1.5191145 25.665905 1.4094921350479126 0.21487459540367126
Car 0.0 0 1.6856504678726196 497.18426513671875 191.3549041748047 550.193359375 236.40269470214844 3.6173863 1.5388093 1.63421 -3.3192563 2.3021932 27.943943 1.567421793937683 0.9107552766799927
Car 0.0 0 1.6806081533432007 652.0803833007812 194.23959350585938 682.9185180664062 221.51168823242188 3.2731555 1.5973215 1.6462883 3.7281778 3.0366068 46.783615 1.7601299285888672 0.41303756833076477
Car 0.0 0 -2.5430493354797363 0.0 185.13150024414062 320.3604736328125 300.74798583984375 3.7286456 1.5055902 1.6444426 -6.462183 1.7000182 10.494387 -3.094987630844116 0.2908482849597931
Car 0.0 0 1.435869574546814 959.8330688476562 182.08934020996094 989.285400390625 203.58377075195312 3.3886192 1.610029 1.6502352 29.001646 2.370619 57.521954 1.9028587341308594 0.21842060983181
