Pedestrian 0.0 0 -2.1446690559387207 863.9575805664062 161.91249084472656 901.4679565429688 227.8905792236328 0.9460587 1.8101201 0.5629579 7.6213956 1.5102959 20.31495 -1.7857564687728882 0.7078914642333984
Pedestrian 0.0 0 -2.0408589839935303 750.91259765625 169.785400390625 772.1280517578125 207.25030517578125 0.86417294 1.6870259 0.6245783 6.882971 1.5492064 32.986404 -1.8351497650146484 0.6236799955368042
Pedestrian 0.0 0 -0.6314322352409363 1022.0408325195312 167.50938415527344 1069.8970947265625 237.18243408203125 0.7516908 1.6282295 0.6262141 10.338753 1.5036861 17.205017 -0.09034019708633423 0.472195565700531
Cyclist 0.0 0 -1.8546072244644165 835.9152221679688 158.0685272216797 884.5359497070312 242.25169372558594 1.8342642 1.839007 0.56364334 5.7074895 1.5163718 16.688522 -1.5250762701034546 0.9408720135688782
Cyclist 0.0 0 -1.9533981084823608 890.044677734375 163.23631286621094 929.1378784179688 225.74481201171875 1.7109216 1.6943742 0.40710476 8.406077 1.4340324 20.412539 -1.5627527236938477 0.5428522825241089
Cyclist 0.0 0 -1.833082914352417 751.19677734375 170.01239013671875 771.277099609375 208.13381958007812 1.3205403 1.7141274 0.5771148 6.893412 1.5867126 33.116795 -1.6278588771820068 0.23027920722961426
Cyclist 0.0 0 -0.6314322352409363 1022.0408325195312 167.50938415527344 1069.8970947265625 237.18243408203125 0.7516908 1.6282295 0.6262141 10.338753 1.5036861 17.205017 -0.09034019708633423 0.1465306580066681
Car 0.0 0 -1.7463314533233643 648.1846923828125 173.1620330810547 675.2417602539062 192.43035888671875 3.835099 1.5615315 1.6135693 4.2811565 1.5885797 60.52681 -1.6757174730300903 0.32704511284828186
Car 0.0 0 0.870837390422821 1155.627685546875 197.03463745117188 1238.48779296875 225.44786071777344 3.8391593 1.4694614 1.7144858 34.47315 2.9605105 42.543232 1.5518325567245483 0.31286364793777466
Car 0.0 0 -1.3475289344787598 235.784912109375 0.0 1242.0 375.0 3.7266135 1.5279238 1.6380008 -0.00071473536 0.9587954 1.1334832 -1.3481595516204834 0.23180480301380157
Car 0.0 0 2.214963912963867 76.68730926513672 185.65567016601562 157.88941955566406 216.0096893310547 4.0843782 1.5603968 1.6881437 -27.86814 2.3237338 40.92181 1.61709725856781 0.2217807173728943
Car 0.0 0 1.257448434829712 985.4567260742188 178.87646484375 1016.91162109375 195.69908142089844 3.7788908 1.5156683 1.5280277 37.040653 2.103898 68.43218 1.7535685300827026 0.21149203181266785
Car 0.0 0 -0.5435445308685303 1127.429931640625 183.13937377929688 1199.189697265625 205.39578247070312 3.753074 1.5002111 1.4876404 38.614487 2.2332473 50.45119 0.10972929000854492 0.20504790544509888
Car 0.0 0 1.2109335660934448 773.6240844726562 173.35411071777344 813.8433837890625 194.9956512451172 3.7689414 1.4807147 1.5426668 13.014701 1.5180686 51.4143 1.4588595628738403 0.18311993777751923
