Car 0.0 0 -2.423194646835327 780.4412841796875 175.68389892578125 928.9365844726562 236.37779235839844 3.531415 1.4133685 1.5394528 6.242317 1.4953219 18.889702 -2.1040310859680176 0.9388762712478638
Car 0.0 0 -1.7729114294052124 631.4940795898438 176.03546142578125 681.5211181640625 212.3312530517578 3.2900069 1.4652112 1.5162989 1.9152985 1.6106418 31.163992 -1.7115299701690674 0.9326021671295166
Car 0.0 0 -2.4983558654785156 0.0 178.64764404296875 271.0242919921875 290.5022888183594 3.6918309 1.4282146 1.5949627 -7.0465264 1.5171654 10.165228 -3.1045026779174805 0.8629184365272522
Car 0.0 0 -2.866319417953491 352.0019226074219 177.36557006835938 475.529052734375 220.5239715576172 4.12829 1.5406387 1.6695473 -7.2606344 1.7138801 26.78993 -3.1309826374053955 0.8365541696548462
Car 0.0 0 -1.6543031930923462 613.1969604492188 174.28392028808594 647.8057250976562 201.9778594970703 4.2508135 1.4823698 1.6064875 1.0807395 1.5683031 41.010605 -1.6279566287994385 0.7805008292198181
Car 0.0 0 -2.5709497928619385 55.60041809082031 182.66580200195312 329.8909606933594 278.146484375 3.7749395 1.4767575 1.5729309 -6.989639 1.6553172 12.22 -3.0905141830444336 0.7479187846183777
Car 0.0 0 3.384127140045166 290.9102783203125 174.7782745361328 434.3043212890625 227.39837646484375 3.8318439 1.5183482 1.6264979 -7.4466786 1.5796177 21.862774 3.0558419227600098 0.5273008346557617
Car 0.0 0 3.343498706817627 402.8533020019531 178.0269012451172 490.3370056152344 211.3059539794922 3.7386746 1.5013075 1.5695645 -7.605366 1.748663 33.62657 3.1210696697235107 0.42541807889938354
Car 0.0 0 -2.71836256980896 168.18800354003906 141.8400115966797 409.64801025390625 250.169189453125 4.166189 2.0770752 1.7026579 -6.455704 1.4827788 14.702901 -3.1320958137512207 0.396036297082901
Car 0.0 0 1.6407749652862549 491.834228515625 177.2654571533203 523.4281616210938 202.93927001953125 4.3866196 1.5187258 1.6798617 -6.466705 1.8122408 45.69892 1.5002015829086304 0.3395897448062897
