Pedestrian 0.0 0 -0.13107293844223022 1005.1351928710938 115.79485321044922 1126.33447265625 288.1602478027344 1.0597274 1.7826195 0.5491077 4.91464 1.1928663 7.9276533 0.4238767623901367 0.15673241019248962
Pedestrian 0.0 0 -1.635547161102295 793.2869262695312 161.881103515625 809.54541015625 203.36338806152344 0.84451246 1.8136339 0.6425249 8.449493 1.3342496 32.019474 -1.377542495727539 0.10746637731790543
Cyclist 0.0 0 2.213700294494629 0.0 184.8477020263672 57.586334228515625 242.82870483398438 1.9538386 1.7375607 0.50206476 -18.635292 2.1368911 23.013615 1.533042073249817 0.6390902400016785
Cyclist 0.0 0 1.5002851486206055 692.6754760742188 171.20404052734375 704.0993041992188 203.05838012695312 1.5875974 1.6727895 0.49485016 4.697601 1.5865022 38.693115 1.6211005449295044 0.20825107395648956
Cyclist 0.0 0 -0.5759729146957397 1073.6561279296875 172.89466857910156 1242.0 353.3608093261719 1.7702496 1.7054099 0.64708453 5.696755 1.7061975 7.2195363 0.0920708179473877 0.128737673163414
Car 0.0 0 -1.6074542999267578 592.7633056640625 176.96234130859375 628.2886352539062 208.0045166015625 4.4061046 1.5538064 1.7444432 -0.061050992 1.7886232 38.939915 -1.6090221405029297 0.8814999461174011
Car 0.0 0 -1.2149498462677002 534.1642456054688 174.75656127929688 566.0811767578125 192.0376739501953 4.017055 1.543182 1.66234 -5.5465965 1.7260721 67.06328 -1.297468900680542 0.25339147448539734
Car 0.0 0 3.2839136123657227 445.6225891113281 174.11959838867188 491.4521789550781 192.065673828125 3.926149 1.6179667 1.6582683 -12.951538 1.7359129 66.10835 3.0904502868652344 0.22333188354969025
Car 0.0 0 2.211195468902588 0.0 192.13088989257812 51.64730453491211 246.32192993164062 3.5380673 1.4336064 1.539997 -19.27417 2.075874 22.202602 1.4962843656539917 0.16856658458709717
Car 0.0 0 1.6436704397201538 573.4822387695312 175.45848083496094 594.654296875 193.06033325195312 4.1468544 1.5337464 1.6277987 -2.3473144 1.7784678 65.59307 1.6078996658325195 0.15919522941112518
Car 0.0 0 1.5963717699050903 624.16015625 176.7877197265625 645.4523315429688 195.9759979248047 4.6566715 1.5156708 1.6630099 2.0850806 1.8579447 60.338646 1.630914330482483 0.12814854085445404
Car 0.0 0 0.7833316326141357 794.0056762695312 189.06861877441406 855.0966186523438 212.87350463867188 4.1855636 1.5254761 1.7196743 15.239958 2.734824 51.54755 1.070791482925415 0.10989493131637573
Car 0.0 0 1.4508956670761108 509.93267822265625 181.02078247070312 533.7575073242188 199.85350036621094 3.8968296 1.5058044 1.5581192 -7.573145 2.226604 61.57017 1.3285101652145386 0.10704156011343002
