Pedestrian 0.0 0 -0.6525548696517944 852.0275268554688 137.04481506347656 983.0884399414062 311.0487976074219 1.080775 1.7557559 0.7108331 3.2935057 1.3189727 7.604748 -0.2438557744026184 0.5983768701553345
Pedestrian 0.0 0 1.3260383605957031 839.458984375 174.99774169921875 868.8696899414062 240.7247772216797 0.75197953 1.6199476 0.53060937 6.235971 1.4859326 17.820118 1.6626596450805664 0.2650817930698395
Pedestrian 0.0 0 3.006225109100342 613.7442016601562 159.96998596191406 668.7110595703125 247.78358459472656 1.0606587 1.7724506 0.60659605 0.6976791 1.3596947 14.614836 3.053926706314087 0.20330007374286652
Pedestrian 0.0 0 -0.13042804598808289 823.679931640625 133.19517517089844 875.6481323242188 233.94837951660156 0.8041118 1.7409569 0.5642888 4.293624 0.925203 12.568399 0.1987624168395996 0.16426856815814972
Pedestrian 0.0 0 0.2015017867088318 442.5465393066406 154.53819274902344 505.4234924316406 238.7119903564453 1.196019 1.7379764 0.6851454 -2.7966757 1.2035544 14.946211 0.016524791717529297 0.12079731374979019
Pedestrian 0.0 0 0.7493307590484619 200.81417846679688 150.21372985839844 259.0257263183594 239.44631958007812 0.8695529 1.714719 0.55667955 -7.445363 1.1343627 13.962446 0.2594444751739502 0.12006314098834991
Pedestrian 0.0 0 -2.438784122467041 1119.2747802734375 194.82675170898438 1224.0 370.0 0.65207815 1.6437261 0.6319498 4.3724995 1.760726 5.307844 -1.7497100830078125 0.1125493124127388
Cyclist 0.0 0 1.5661258697509766 854.9290161132812 160.47903442382812 891.4644775390625 265.9870300292969 1.621275 1.6218741 0.52934533 4.389805 1.3157696 11.715946 1.92462158203125 0.12647949159145355
Cyclist 0.0 0 1.9608820676803589 64.5357666015625 156.00437927246094 130.28012084960938 254.38510131835938 1.2562865 1.7256498 0.5538411 -9.40021 1.297628 13.072192 1.3374521732330322 0.10398910194635391
Cyclist 0.0 0 -0.6189789772033691 851.5284423828125 137.48919677734375 982.4453735351562 312.93243408203125 1.0673989 1.7713438 0.7209747 3.2819912 1.3387834 7.5980396 -0.21123436093330383 0.10351449996232986
Car 0.0 0 -1.6442794799804688 788.037109375 183.5213165283203 877.0104370117188 260.26080322265625 3.9777675 1.4791147 1.5751591 4.946731 1.55773 15.904687 -1.3427402973175049 0.11958804726600647
