Car 0.0 0 -2.044370174407959 776.7736206054688 186.92507934570312 1111.35009765625 375.0 3.2750258 1.5427796 1.6184715 2.9253209 1.7171246 7.216396 -1.6592419147491455 0.966586172580719
Car 0.0 0 -0.29064345359802246 725.126220703125 177.76548767089844 867.0319213867188 225.73219299316406 4.449577 1.5863258 1.7476934 6.333646 1.7636431 25.025938 -0.042764998972415924 0.8375664949417114
Car 0.0 0 -0.2523288130760193 794.4286499023438 184.16078186035156 982.5042724609375 253.6777801513672 3.9059339 1.5327764 1.6429116 6.4812436 1.819784 17.264753 0.1067953109741211 0.8351969718933105
Car 0.0 0 3.5138657093048096 71.28916931152344 181.3307647705078 356.7702941894531 287.1384582519531 3.8113372 1.5779167 1.6667308 -6.4206467 1.7314614 11.981522 3.021928548812866 0.7797631621360779
Car 0.0 0 -0.40000706911087036 835.8739013671875 188.30438232421875 1058.45654296875 263.9111022949219 3.7901933 1.4157033 1.5808125 6.6864877 1.7487606 14.693021 0.027062654495239258 0.7647221088409424
Car 0.0 0 0.2781473398208618 289.3464050292969 171.58619689941406 451.3548889160156 230.2688446044922 4.1936984 1.6447651 1.7513676 -6.9746494 1.609589 21.179409 -0.03998030722141266 0.7485483884811401
Car 0.0 0 3.3393023014068604 396.5166320800781 183.77967834472656 503.08123779296875 222.3931884765625 4.184987 1.572641 1.7156862 -6.811984 2.0529273 30.792429 3.1215860843658447 0.744387149810791
Car 0.0 0 0.5909456610679626 0.0 193.70338439941406 252.54022216796875 375.0 3.7477593 1.5432745 1.6394109 -5.8129373 1.7755415 7.01896 -0.10074146091938019 0.6635514497756958
Car 0.0 0 3.2036333084106445 439.5838928222656 176.97494506835938 524.6682739257812 211.53756713867188 4.0713787 1.6560361 1.7085965 -6.3378863 1.8676236 35.903828 3.02890944480896 0.6373705863952637
Car 0.0 0 0.29528170824050903 326.6680603027344 181.74803161621094 451.8160095214844 229.54615783691406 3.629374 1.4977282 1.5710866 -7.2248425 1.7997869 23.686071 -0.0007787311915308237 0.5048196315765381
