Pedestrian 0.0 0 -0.5790650844573975 1158.4442138671875 177.4580535888672 1195.63330078125 229.883544921875 0.7770556 1.798607 0.67590404 19.741716 1.9620564 25.186634 0.08573007583618164 0.3511762022972107
Pedestrian 0.0 0 1.4617282152175903 516.1609497070312 174.91616821289062 533.5947265625 218.5054168701172 0.759668 1.8182851 0.65372396 -3.6528587 1.9073218 30.581402 1.3428443670272827 0.2826405167579651
Pedestrian 0.0 0 -1.4621227979660034 542.8490600585938 170.0829620361328 553.611572265625 204.01718139648438 0.74760693 1.7831378 0.49198395 -3.3119845 1.6378862 38.29103 -1.5484031438827515 0.18333525955677032
Pedestrian 0.0 0 0.21014122664928436 443.08880615234375 179.40927124023438 481.8927001953125 243.51219177246094 0.9494532 1.7708241 0.6963125 -4.199549 1.9593058 20.35268 0.006658077239990234 0.17197182774543762
Pedestrian 0.0 0 1.9598926305770874 251.95169067382812 143.6807098388672 334.38800048828125 268.6758117675781 1.8336799 1.769833 0.50891525 -4.8916273 1.3571197 11.136527 1.5460212230682373 0.15617059171199799
Pedestrian 0.0 0 0.4050416946411133 1113.1590576171875 113.20848083496094 1242.0 291.9272766113281 1.684487 1.7536579 0.60615695 6.581928 1.168751 7.964855 1.0956571102142334 0.10667078197002411
Cyclist 0.0 0 1.9598926305770874 251.95169067382812 143.6807098388672 334.38800048828125 268.6758117675781 1.8336799 1.769833 0.50891525 -4.8916273 1.3571197 11.136527 1.5460212230682373 0.5999295115470886
Cyclist 0.0 0 -3.052203416824341 682.0419311523438 181.02806091308594 739.2188110351562 234.9778594970703 1.6894882 1.6118431 0.7546659 3.0685894 1.8709533 22.28051 -2.915339231491089 0.3766545057296753
Cyclist 0.0 0 0.41259992122650146 1103.913818359375 123.27275848388672 1242.0 295.5744934082031 1.7204187 1.7106998 0.62408817 6.5674944 1.2187899 8.068735 1.09578537940979 0.33741262555122375
Cyclist 0.0 0 -2.221135377883911 1052.1697998046875 136.85069274902344 1242.0 375.0 1.8092116 1.7046118 0.52125597 3.7882278 1.5032705 4.944963 -1.5674234628677368 0.19124896824359894
Car 0.0 0 2.115642547607422 0.0 158.2666778564453 304.90643310546875 375.0 3.785781 1.5219582 1.6083502 -3.5182972 1.4658775 4.7481966 1.4779422283172607 0.8757315278053284
Car 0.0 0 -1.6737443208694458 678.2291870117188 186.01318359375 739.5272827148438 238.14797973632812 3.4302924 1.5379612 1.6499653 3.1561835 2.0059004 23.897552 -1.5424329042434692 0.3798973560333252
Car 0.0 0 1.451635718345642 644.7326049804688 181.6829376220703 676.8638305664062 206.1409454345703 4.3823967 1.5837471 1.7286358 3.4832315 2.2301493 50.56283 1.520416259765625 0.36374151706695557
Car 0.0 0 0.9708820581436157 922.9549560546875 142.9785919189453 1242.0 375.0 4.123767 1.6806518 1.6534083 4.560469 1.4901413 6.669009 1.5706731081008911 0.14320899546146393
