Pedestrian 0.0 0 1.156299352645874 1019.497314453125 106.71974182128906 1067.7813720703125 191.46929931640625 0.93130225 1.8098282 0.5843954 9.492945 0.39788803 15.903833 1.6944338083267212 0.263903945684433
Pedestrian 0.0 0 0.8112106323242188 1170.2073974609375 86.33842468261719 1242.0 260.4322509765625 0.72191775 1.7950696 0.6118975 6.6072297 0.9033712 7.814992 1.5130605697631836 0.2363414764404297
Cyclist 0.0 0 -1.904609203338623 714.9182739257812 164.9533233642578 738.6746826171875 204.31411743164062 1.8404021 1.7499313 0.49420708 5.2923813 1.3990353 33.02508 -1.7457069158554077 0.44841906428337097
Cyclist 0.0 0 1.156299352645874 1019.497314453125 106.71974182128906 1067.7813720703125 191.46929931640625 0.93130225 1.8098282 0.5843954 9.492945 0.39788803 15.903833 1.6944338083267212 0.14587654173374176
Car 0.0 0 -1.282387137413025 348.87493896484375 185.51771545410156 424.1175842285156 229.40785217285156 4.26281 1.5479692 1.724528 -8.858771 2.0917482 28.819843 -1.5806047916412354 0.8914671540260315
Car 0.0 0 -1.5422881841659546 586.3309936523438 176.17926025390625 612.22705078125 200.4234161376953 3.8028548 1.5507463 1.6379708 -0.7182213 1.7838445 48.586575 -1.5570694208145142 0.6702621579170227
Car 0.0 0 1.6599429845809937 437.9587097167969 180.04103088378906 478.3786315917969 212.6241455078125 3.7571628 1.469618 1.6115614 -7.4259596 1.8418026 35.366306 1.452976942062378 0.4899222254753113
Car 0.0 0 -1.5079765319824219 475.5787048339844 179.2234344482422 498.2452697753906 197.91456604003906 4.067346 1.4852239 1.6350666 -10.375203 2.0416234 60.877632 -1.6767818927764893 0.3568788170814514
Car 0.0 0 1.7146377563476562 59.017738342285156 198.3129119873047 100.33377075195312 224.20587158203125 3.84989 1.5469724 1.7445192 -36.251835 3.3635337 49.36178 1.081188440322876 0.3352251946926117
Car 0.0 0 -1.3135018348693848 353.3685302734375 162.29489135742188 405.261474609375 194.68077087402344 3.9908109 1.6894608 1.7600249 -12.647925 1.1389859 39.675316 -1.622102975845337 0.30247876048088074
