Pedestrian 0.0 0 1.1752970218658447 725.8610229492188 167.41995239257812 757.23779296875 229.7111053466797 0.85391206 1.7470359 0.60200197 3.7224846 1.5949891 20.715603 1.353094220161438 0.6815181374549866
Cyclist 0.0 0 1.116438865661621 718.0949096679688 138.6477508544922 752.69970703125 190.26235961914062 1.6077135 1.7348883 0.53048277 4.3006916 0.5854939 25.095837 1.286160945892334 0.3838833272457123
Cyclist 0.0 0 -1.7263203859329224 771.5294189453125 159.43045043945312 799.0449829101562 220.24676513671875 1.8529567 1.7053983 0.49757937 5.079644 1.3293362 21.173841 -1.4908682107925415 0.26420536637306213
Cyclist 0.0 0 1.1752970218658447 725.8610229492188 167.41995239257812 757.23779296875 229.7111053466797 0.85391206 1.7470359 0.60200197 3.7224846 1.5949891 20.715603 1.353094220161438 0.118734210729599
Car 0.0 0 1.698560357093811 366.9140319824219 181.67349243164062 459.50689697265625 254.60919189453125 3.6953728 1.4413557 1.5933903 -4.4706044 1.669104 16.66268 1.4364333152770996 0.8861936330795288
Car 0.0 0 0.9457147717475891 341.7922668457031 182.4754180908203 436.5047912597656 224.0797576904297 3.649776 1.4175612 1.5536069 -8.369169 1.8021901 27.095858 0.6461379528045654 0.7070009112358093
Car 0.0 0 2.7025811672210693 620.6807861328125 174.55303955078125 702.191650390625 203.51014709472656 4.6740327 1.7007829 1.7768087 3.1220808 1.8092633 44.243237 2.7730307579040527 0.6193883419036865
Car 0.0 0 2.6359384059906006 499.75555419921875 177.09840393066406 583.0922241210938 206.5185546875 4.426005 1.5624545 1.7007874 -3.884239 1.8145057 40.832256 2.5410971641540527 0.5024651288986206
Car 0.0 0 -2.5258729457855225 115.17640686035156 186.61180114746094 216.9458465576172 220.7218017578125 3.7184293 1.476685 1.5846019 -20.223019 2.1213486 32.87821 -3.0773134231567383 0.4463721811771393
Car 0.0 0 0.5415142178535461 211.72021484375 196.09197998046875 273.5580749511719 218.30355834960938 3.9495528 1.6031854 1.5757641 -27.970585 3.4027507 54.93738 0.07058477401733398 0.3515308201313019
Car 0.0 0 -2.721388578414917 349.6267395019531 177.3088836669922 410.2275085449219 200.33953857421875 3.789567 1.6008283 1.6365575 -16.4479 1.9259274 51.57038 -3.030130386352539 0.3146091103553772
Car 0.0 0 -0.029907356947660446 535.14501953125 175.71014404296875 622.8547973632812 211.87017822265625 3.7072637 1.5146561 1.5897244 -1.4029112 1.6426034 31.298767 -0.07470058649778366 0.25272345542907715
