Car 0.0 0 2.0619149208068848 18.444124221801758 199.6210479736328 306.0633239746094 360.97247314453125 4.0884304 1.6704473 1.6656287 -5.9902196 2.1273987 10.23045 1.5322041511535645 0.9466682076454163
Car 0.0 0 1.9620962142944336 238.22213745117188 199.87086486816406 393.6687927246094 294.5958557128906 3.870187 1.5661567 1.6111907 -5.9504313 2.2004588 14.982368 1.584038496017456 0.9068247079849243
Car 0.0 0 -1.7614301443099976 672.8758544921875 177.6021270751953 751.630126953125 232.6809844970703 4.3662224 1.5597167 1.6631491 3.1034102 1.7263646 23.04035 -1.627541422843933 0.8943122029304504
Car 0.0 0 1.763887643814087 427.4393615722656 191.69349670410156 490.7639465332031 235.60174560546875 4.2149086 1.4965632 1.6688713 -5.915332 2.2970147 28.523384 1.5594009160995483 0.8909927010536194
Car 0.0 0 1.8113462924957275 351.2243347167969 190.7723388671875 447.905029296875 259.1285705566406 4.1731467 1.6808847 1.7411528 -6.0216947 2.254689 20.969833 1.5317106246948242 0.8686017990112305
Car 0.0 0 -1.7225775718688965 660.9622192382812 176.40184020996094 718.0800170898438 220.28668212890625 3.8716626 1.5824543 1.6440243 3.0023048 1.731702 28.305826 -1.616905927658081 0.8375125527381897
Car 0.0 0 2.6529157161712646 890.9329833984375 154.81492614746094 1100.253173828125 221.24208068847656 4.0770516 1.4905447 1.6057081 8.9228 1.0861279 17.001469 3.136225700378418 0.7791621685028076
Car 0.0 0 2.662485122680664 882.4694213867188 141.42137145996094 1049.86181640625 201.09657287597656 3.747916 1.5412002 1.5738814 9.477372 0.7297643 19.46752 3.1155412197113037 0.7265113592147827
Car 0.0 0 1.376632571220398 649.904541015625 177.37802124023438 693.4468994140625 207.94329833984375 3.7680614 1.5049001 1.5813282 3.1633437 1.7562195 38.063015 1.459550142288208 0.604422390460968
Car 0.0 0 1.8270400762557983 490.50311279296875 186.03543090820312 534.0109252929688 213.58226013183594 4.039182 1.5016545 1.6260532 -5.8617873 2.3342066 43.447086 1.6929320096969604 0.5884206891059875
Car 0.0 0 2.7246432304382324 832.9285888671875 152.24501037597656 978.521484375 206.31369018554688 3.7778416 1.5825655 1.6040646 8.888481 0.97970796 21.979616 3.108933925628662 0.5660419464111328
Car 0.0 0 -0.2506294250488281 785.386962890625 163.3642120361328 919.8624877929688 211.40750122070312 4.043081 1.5693462 1.6714951 8.116996 1.2597175 24.539246 0.0688178539276123 0.5657082200050354
Car 0.0 0 -1.8634405136108398 771.2111206054688 137.97862243652344 839.5184936523438 187.1099853515625 3.8877265 1.9708123 1.7634163 8.2388315 0.57221013 30.9116 -1.6029669046401978 0.5212821960449219
