Pedestrian 0.0 0 1.873651146888733 76.91853332519531 176.9522247314453 103.26093292236328 225.653564453125 0.77225125 1.799748 0.60390323 -19.636826 1.9572437 27.201178 1.2483707666397095 0.4166398346424103
Pedestrian 0.0 0 1.0405809879302979 1196.652099609375 172.45201110839844 1242.0 269.0779113769531 0.88489056 1.7179282 0.62905204 11.408628 1.7111388 13.316776 1.7489582300186157 0.16909725964069366
Pedestrian 0.0 0 1.380847454071045 1047.8363037109375 146.91574096679688 1084.784423828125 223.16241455078125 0.8702798 1.7623917 0.58781725 10.808735 1.1632038 17.187263 1.942232370376587 0.15576404333114624
Cyclist 0.0 0 -3.280116081237793 786.8683471679688 166.11697387695312 841.0783081054688 214.83261108398438 1.7951095 1.7128512 0.62269145 7.232853 1.4763346 25.795843 -3.006747245788574 0.316013365983963
Cyclist 0.0 0 -0.4436240792274475 95.88072967529297 186.31002807617188 137.48403930664062 224.6937713623047 1.5348979 1.684665 0.42909375 -22.57244 2.3144596 32.97757 -1.0438568592071533 0.1830371916294098
Car 0.0 0 -1.5447887182235718 573.2787475585938 180.08457946777344 609.315673828125 216.58901977539062 4.2194815 1.6817985 1.6985053 -0.92309695 2.0659454 36.185352 -1.5702934265136719 0.8153359293937683
Car 0.0 0 3.027956962585449 20.561079025268555 187.11257934570312 131.66595458984375 225.34640502929688 3.8732786 1.5483215 1.601211 -24.066162 2.2295306 32.54469 2.3912224769592285 0.24750056862831116
Car 0.0 0 1.3736333847045898 506.47637939453125 173.39007568359375 539.0949096679688 196.03656005859375 4.3389196 1.7580062 1.8025097 -7.1311893 1.8035413 58.462452 1.2522540092468262 0.2128005027770996
Car 0.0 0 1.2347533702850342 407.14459228515625 183.2362518310547 464.07861328125 214.90036010742188 4.325492 1.5868483 1.7245293 -9.741941 2.1947844 39.938526 0.9955019950866699 0.20918871462345123
Car 0.0 0 1.3689924478530884 727.0657958984375 179.4328155517578 788.4716186523438 222.23155212402344 4.007654 1.5586151 1.6216255 5.791423 1.8407812 28.89782 1.5667825937271118 0.19589340686798096
Car 0.0 0 -1.0226129293441772 165.00204467773438 182.03892517089844 235.4055633544922 213.24143981933594 3.6830416 1.5434004 1.5934902 -21.902088 2.059591 38.652832 -1.538138747215271 0.19391527771949768
Car 0.0 0 1.5354512929916382 509.83831787109375 187.52308654785156 551.3795776367188 226.2923583984375 4.053803 1.4885522 1.6426842 -3.5540137 2.1712737 31.435305 1.4228713512420654 0.19144782423973083
Car 0.0 0 1.6738579273223877 544.4560546875 184.71165466308594 569.1358642578125 203.61599731445312 4.244206 1.5056591 1.6994385 -4.5802627 2.5652308 62.30403 1.6004751920700073 0.18185360729694366
Car 0.0 0 -2.0869412422180176 775.3719482421875 171.88336181640625 811.742431640625 189.63414001464844 3.6667218 1.553769 1.573283 16.510569 1.4691643 65.1314 -1.838674545288086 0.1762450635433197
Car 0.0 0 0.5357425212860107 353.6420593261719 191.29380798339844 412.37860107421875 213.25198364257812 3.8118796 1.5029998 1.584177 -16.568518 2.8790262 52.61932 0.23069524765014648 0.17211300134658813
