Pedestrian 0.0 0 1.3887771368026733 512.2881469726562 171.45693969726562 531.0065307617188 217.94520568847656 0.76413786 1.8473446 0.6207114 -3.6125681 1.7921871 29.127344 1.265380620956421 0.23688271641731262
Pedestrian 0.0 0 -1.8882100582122803 931.713134765625 133.53184509277344 960.3892822265625 198.84072875976562 0.60391575 1.9232742 0.61892664 9.999427 0.7656386 21.581614 -1.4543256759643555 0.23566243052482605
Pedestrian 0.0 0 1.357393503189087 684.132080078125 178.0792236328125 696.2506103515625 209.40597534179688 0.6209929 1.788451 0.5759412 4.5915675 2.0928395 41.641563 1.4672138690948486 0.19140253961086273
Pedestrian 0.0 0 0.32827407121658325 420.27783203125 169.6569061279297 474.3442077636719 239.11837768554688 1.1898267 1.7680275 0.77522045 -4.2781544 1.6870087 18.810442 0.10464310646057129 0.15937761962413788
Pedestrian 0.0 0 1.607433795928955 440.66253662109375 148.18064880371094 467.019775390625 219.71963500976562 0.93253434 1.911532 0.6754726 -4.3231483 1.2526145 19.795639 1.392420768737793 0.14444559812545776
Pedestrian 0.0 0 -1.990517020225525 930.0182495117188 125.46283721923828 1055.3006591796875 310.1328430175781 1.692146 1.7816653 0.53899795 4.0180182 1.3248013 7.81814 -1.515783429145813 0.135396808385849
Cyclist 0.0 0 -3.1159398555755615 690.2515258789062 174.24371337890625 751.4252319335938 234.16111755371094 1.7164907 1.6864698 0.60771364 3.145462 1.7277147 20.776276 -2.965684175491333 0.3672296404838562
Cyclist 0.0 0 -1.9825788736343384 930.2643432617188 122.16813659667969 1053.312744140625 304.7320251464844 1.6306189 1.7719105 0.5582106 4.019367 1.2803267 7.8314095 -1.5083980560302734 0.22686800360679626
Cyclist 0.0 0 0.32827407121658325 420.27783203125 169.6569061279297 474.3442077636719 239.11837768554688 1.1898267 1.7680275 0.77522045 -4.2781544 1.6870087 18.810442 0.10464310646057129 0.12328189611434937
Car 0.0 0 -1.6483407020568848 653.6027221679688 191.3292236328125 683.6097412109375 217.56991577148438 3.8876643 1.5589948 1.6670237 3.791153 2.8267674 47.549835 -1.5687788724899292 0.8186822533607483
Car 0.0 0 2.2512259483337402 0.0 178.90782165527344 232.52101135253906 375.0 3.512854 1.4771711 1.5600808 -3.3981826 1.5215485 3.4169629 1.4685834646224976 0.656134843826294
Car 0.0 0 -1.6438796520233154 691.8416748046875 180.60072326660156 753.2534790039062 239.56753540039062 3.3125505 1.6320833 1.6049757 3.3332212 1.888463 22.130682 -1.4943878650665283 0.2578495442867279
Car 0.0 0 0.9818026423454285 930.531494140625 96.69898986816406 1242.0 375.0 4.2881904 1.7527184 1.6699148 4.5913687 1.2920742 6.528521 1.5947256088256836 0.17249776422977448
Car 0.0 0 -2.03367018699646 543.7660522460938 184.1385040283203 586.1453247070312 207.34657287597656 3.606113 1.5693198 1.6470165 -3.3500993 2.4244385 52.678467 -2.097179889678955 0.15405912697315216
