Pedestrian 0.0 0 1.1449706554412842 954.5465698242188 132.84768676757812 987.0403442382812 198.04115295410156 0.60510343 1.7921245 0.61559504 10.020059 0.6927359 20.145195 1.606529712677002 0.24382230639457703
Pedestrian 0.0 0 0.06751778721809387 846.111083984375 147.4686279296875 868.734130859375 197.02377319335938 0.81026536 1.9351012 0.607944 9.7710905 0.9441745 28.609774 0.39662694931030273 0.23123544454574585
Pedestrian 0.0 0 1.7238506078720093 6.478213310241699 140.70750427246094 43.94988250732422 224.03445434570312 0.6998603 1.9551908 0.60300255 -14.127094 1.2012606 17.38177 1.0413813591003418 0.176860973238945
Pedestrian 0.0 0 1.3804517984390259 776.1776733398438 155.96966552734375 789.5337524414062 190.907470703125 0.6886081 1.910609 0.59626883 9.499491 0.9876306 39.81232 1.6146790981292725 0.1651078462600708
Pedestrian 0.0 0 1.449916958808899 385.9967956542969 130.2163543701172 417.11492919921875 202.1950225830078 1.4659035 1.8750571 0.63518286 -5.7204785 0.76469696 19.59223 1.1658369302749634 0.13235624134540558
Cyclist 0.0 0 1.5011566877365112 389.3421325683594 131.21743774414062 417.5240173339844 199.59588623046875 1.5270184 1.7830647 0.6278163 -5.682427 0.6976907 19.63727 1.2194809913635254 0.32473865151405334
Cyclist 0.0 0 0.7027594447135925 1192.139892578125 185.9716796875 1242.0 233.61041259765625 1.7062361 1.7562379 0.5127001 23.56406 2.28118 27.968058 1.4029035568237305 0.1779175102710724
Cyclist 0.0 0 -2.3049848079681396 1062.465576171875 153.34060668945312 1145.039306640625 229.93878173828125 1.8555192 1.7198223 0.5010522 11.638424 1.2820556 17.150997 -1.7087758779525757 0.16952279210090637
Car 0.0 0 2.138049840927124 0.0 202.18643188476562 87.0705795288086 264.4343566894531 3.912849 1.4685957 1.6261688 -17.303886 2.405125 20.984787 1.4484926462173462 0.6248701214790344
Car 0.0 0 2.0516834259033203 159.73602294921875 196.87425231933594 221.18609619140625 222.86856079101562 4.1256776 1.486421 1.7701737 -27.410318 3.1293983 47.239 1.5259144306182861 0.39866653084754944
Car 0.0 0 1.315321922302246 526.7196655273438 173.3197021484375 556.8723754882812 191.82916259765625 3.9204335 1.5344757 1.6390187 -5.9195266 1.5762503 62.043625 1.220200777053833 0.32366302609443665
Car 0.0 0 0.7882283926010132 85.89173126220703 205.21365356445312 195.37554931640625 244.9280242919922 4.3520775 1.6430931 1.6139091 -21.563196 3.1849394 33.123405 0.21115350723266602 0.28688910603523254
Car 0.0 0 1.3551998138427734 1172.095947265625 190.0994110107422 1242.0 233.5846710205078 3.490272 1.5613941 1.5834124 24.213966 2.308752 29.337221 2.045217990875244 0.15716871619224548
Car 0.0 0 1.60897958278656 168.35926818847656 175.18601989746094 194.27037048339844 194.6747283935547 4.124558 1.5038503 1.6486934 -34.688187 1.7001218 58.408337 1.0730640888214111 0.13044194877147675
