Pedestrian 0.0 0 -2.3036751747131348 272.9320373535156 173.95477294921875 327.374755859375 261.0690612792969 0.8096784 1.7289754 0.6502366 -6.287111 1.6007001 14.491931 -2.713005542755127 0.4575187563896179
Pedestrian 0.0 0 0.015147686004638672 989.0809936523438 110.08642578125 1064.9947509765625 249.7625732421875 0.8830798 1.8477046 0.46276394 5.7808876 0.9179122 9.776049 0.5491690635681152 0.4035831093788147
Pedestrian 0.0 0 -1.6542176008224487 790.7297973632812 163.08506774902344 805.4078979492188 198.64662170410156 0.6866657 1.8768779 0.69934434 10.283766 0.9591594 37.71304 -1.388005256652832 0.3549383878707886
Pedestrian 0.0 0 0.2873668670654297 768.3651123046875 158.30294799804688 799.4328002929688 190.13829040527344 1.6289606 1.7970939 0.58588195 10.256287 0.5454653 40.574947 0.5349545478820801 0.2685071527957916
Pedestrian 0.0 0 1.207603931427002 540.5263671875 168.42283630371094 555.5184326171875 197.02891540527344 0.9392129 1.6966987 0.6027968 -3.4324727 0.9817406 42.485397 1.1269872188568115 0.23757721483707428
Pedestrian 0.0 0 3.621737003326416 113.21573638916016 108.22596740722656 209.86289978027344 244.4920654296875 0.9637131 1.823893 0.61025316 -6.175362 0.8581921 9.802311 3.0595569610595703 0.23456722497940063
Pedestrian 0.0 0 0.47878992557525635 1009.5093383789062 151.6212615966797 1053.5748291015625 192.4410858154297 1.6958294 1.8665568 0.57593447 19.996105 0.547485 33.19946 1.0209004878997803 0.1398404985666275
Cyclist 0.0 0 0.8318498134613037 872.045166015625 152.1343231201172 910.1385498046875 190.63821411132812 1.8564694 1.7717699 0.5684523 13.519043 0.4679699 33.49927 1.215423345565796 0.49606096744537354
Cyclist 0.0 0 -2.0670251846313477 970.7564086914062 144.24716186523438 1029.13818359375 214.0390625 1.8906021 1.7426378 0.4940195 10.315449 0.8390336 18.597145 -1.5605965852737427 0.37283894419670105
Cyclist 0.0 0 0.2873668670654297 768.3651123046875 158.30294799804688 799.4328002929688 190.13829040527344 1.6289606 1.7970939 0.58588195 10.256287 0.5454653 40.574947 0.5349545478820801 0.3500792682170868
Cyclist 0.0 0 -2.7212560176849365 480.99859619140625 162.72076416015625 515.14501953125 196.275634765625 1.7270734 1.8007696 0.6397766 -5.828497 0.848027 38.47848 -2.8715875148773193 0.23446305096149445
Cyclist 0.0 0 0.47878992557525635 1009.5093383789062 151.6212615966797 1053.5748291015625 192.4410858154297 1.6958294 1.8665568 0.57593447 19.996105 0.547485 33.19946 1.0209004878997803 0.2242596447467804
Cyclist 0.0 0 -2.730485677719116 266.9010925292969 177.66648864746094 332.33612060546875 262.97503662109375 1.0533868 1.7048564 0.6609632 -6.2724786 1.649858 14.456505 -3.1398589611053467 0.1361100971698761
Cyclist 0.0 0 1.207603931427002 540.5263671875 168.42283630371094 555.5184326171875 197.02891540527344 0.9392129 1.6966987 0.6027968 -3.4324727 0.9817406 42.485397 1.1269872188568115 0.10229674726724625
Car 0.0 0 -0.7610311508178711 1049.2479248046875 156.21246337890625 1189.6080322265625 203.8158721923828 3.7256248 1.5361975 1.6501554 17.291508 0.75396764 23.8791 -0.1342952996492386 0.8969019055366516
Car 0.0 0 2.250399351119995 0.0 208.37159729003906 283.1510314941406 370.0 3.9983597 1.5002447 1.586748 -3.1244245 1.7130914 3.295494 1.491641640663147 0.8301686644554138
Car 0.0 0 -2.594461679458618 1077.4825439453125 144.0081787109375 1180.3380126953125 176.1269989013672 4.033288 1.5528071 1.6741577 27.26273 -0.24071246 36.956688 -1.9588829278945923 0.21148937940597534
Car 0.0 0 -0.9720793962478638 0.0 172.2279510498047 110.02139282226562 231.29302978515625 4.5431066 2.0277941 1.7987454 -21.01533 1.7453352 26.597975 -1.6407607793807983 0.2108553647994995
Car 0.0 0 0.9595738053321838 656.4791259765625 173.40252685546875 701.72314453125 192.76336669921875 3.9786026 1.4861509 1.5890478 5.8802624 0.9425969 56.393364 1.0634706020355225 0.19433066248893738
Car 0.0 0 1.6911189556121826 0.0 187.4440155029297 38.08518600463867 218.4207763671875 3.8702161 1.5548096 1.6254243 -32.145355 1.9543904 38.47464 0.9951064586639404 0.1940833330154419
