Pedestrian 0.0 0 -2.4293689727783203 272.8280029296875 176.53631591796875 328.6956787109375 263.8692321777344 0.82470703 1.7360742 0.65477896 -6.2695565 1.6589099 14.486063 -2.83782696723938 0.4561489224433899
Pedestrian 0.0 0 0.01923835277557373 990.4365844726562 104.42684936523438 1066.8707275390625 244.1580352783203 0.8879426 1.84702 0.4610928 5.8010216 0.84312904 9.770958 0.5550129413604736 0.38811028003692627
Pedestrian 0.0 0 -1.8818333148956299 789.4481811523438 164.95191955566406 806.9835205078125 199.80174255371094 0.7907576 1.8394449 0.6927151 10.294341 1.0201968 37.72497 -1.6154403686523438 0.32903292775154114
Pedestrian 0.0 0 -0.00138169527053833 991.3114624023438 152.9983673095703 1024.852294921875 225.42417907714844 0.73665375 1.813439 0.65011716 10.314633 1.1264318 18.16285 0.5150983333587646 0.2984897792339325
Cyclist 0.0 0 0.8208751678466797 871.8589477539062 153.69801330566406 909.67578125 192.02743530273438 1.8527932 1.7626921 0.5391194 13.492936 0.5315796 33.47222 1.2040584087371826 0.41965797543525696
Cyclist 0.0 0 0.602886974811554 764.651123046875 157.5420684814453 797.7130126953125 190.01577758789062 1.8421919 1.8250448 0.5713014 10.101235 0.53618187 40.61089 0.8466720581054688 0.27919119596481323
Car 0.0 0 1.1656403541564941 449.3586730957031 175.21316528320312 511.1858825683594 207.18374633789062 3.6240947 1.4168371 1.5549256 -5.9347353 1.184008 33.270443 0.9891183376312256 0.8988920450210571
Car 0.0 0 2.018618583679199 135.0382537841797 186.25991821289062 257.5964050292969 245.57505798339844 4.3842325 1.7293168 1.7601709 -13.302471 1.9389648 23.294212 1.4997478723526 0.8582870364189148
Car 0.0 0 2.2555630207061768 0.0 211.62461853027344 286.5555114746094 370.0 4.0114183 1.4942721 1.584067 -3.1154346 1.7320832 3.3011708 1.4991029500961304 0.8358875513076782
Car 0.0 0 -0.40798419713974 1116.5919189453125 152.52870178222656 1224.0 206.19192504882812 3.8764799 1.6337656 1.6663007 19.121132 0.783744 22.870926 0.28835248947143555 0.7394927740097046
Car 0.0 0 -2.6048176288604736 259.49322509765625 182.75596618652344 363.8490295410156 218.96047973632812 3.867792 1.501086 1.6456082 -12.652189 1.603485 30.537653 -2.997602701187134 0.5583866238594055
