Pedestrian 0.0 0 0.6733887791633606 716.2257080078125 151.119873046875 814.7764892578125 312.1841125488281 0.92915195 1.7371643 0.6140177 1.8369108 1.4108561 8.299321 0.8912098407745361 0.6949028968811035
Pedestrian 0.0 0 0.3595525324344635 793.46728515625 158.43251037597656 906.1813354492188 353.3332214355469 0.851209 1.7321857 0.65179914 2.336909 1.5285538 6.903375 0.6859610080718994 0.6775513291358948
Pedestrian 0.0 0 -2.9216175079345703 831.9251708984375 138.1543426513672 959.60986328125 374.0 0.7833068 1.6933525 0.6936923 2.2261426 1.3907768 5.542659 -2.5396997928619385 0.6523674726486206
Pedestrian 0.0 0 1.1758601665496826 701.4661254882812 152.4438934326172 768.8030395507812 286.0971374511719 0.9473937 1.744063 0.58791316 1.7784845 1.3662353 9.896958 1.3536626100540161 0.5785801410675049
Pedestrian 0.0 0 1.214808464050293 772.9306640625 159.08021545410156 840.058837890625 297.16717529296875 0.8636177 1.7465734 0.5883564 2.6587315 1.464335 9.538148 1.4866549968719482 0.557654857635498
Pedestrian 0.0 0 -0.10786321759223938 750.8435668945312 155.28424072265625 813.2861938476562 272.7312927246094 0.87135094 1.750682 0.57616776 2.7202678 1.3612136 11.048513 0.1335463523864746 0.5162419080734253
Pedestrian 0.0 0 -2.202129364013672 0.0 76.71415710449219 101.97862243652344 290.5989990234375 0.7836013 1.8763957 0.6667088 -5.344441 0.95849985 6.724464 -2.8736767768859863 0.5046173334121704
Pedestrian 0.0 0 1.0260157585144043 698.9442749023438 151.410400390625 735.1704711914062 206.9386749267578 1.2320162 1.7698811 0.6236556 3.7592008 0.8119206 23.581366 1.1840996742248535 0.46721458435058594
Pedestrian 0.0 0 0.3470980226993561 797.916015625 141.8452911376953 840.9508056640625 235.45848083496094 0.64831036 1.7543397 0.5485569 4.1720824 1.012459 13.872709 0.6392338275909424 0.44975677132606506
Pedestrian 0.0 0 -1.4021992683410645 0.0 102.84114074707031 120.81654357910156 374.0 0.6607861 1.654174 0.55591106 -2.7329497 1.3238099 3.450807 -2.0720272064208984 0.3832922577857971
Pedestrian 0.0 0 1.8605176210403442 685.5596923828125 157.51190185546875 707.1832275390625 203.10409545898438 0.7642183 1.8212633 0.68185383 3.842785 0.8640173 29.180609 1.9914538860321045 0.3830491900444031
Pedestrian 0.0 0 -2.2684326171875 558.667236328125 147.4348907470703 621.9465942382812 235.78799438476562 1.3900722 1.782514 0.5781008 -0.28791794 1.0964975 15.203661 -2.287367820739746 0.35443270206451416
Pedestrian 0.0 0 -0.30903828144073486 1146.7156982421875 78.51756286621094 1238.0 278.9691162109375 0.813266 1.8838266 0.6611999 6.0254545 0.91738135 7.207915 0.38724207878112793 0.31235724687576294
Pedestrian 0.0 0 -1.518266201019287 69.17986297607422 129.44644165039062 114.72907257080078 250.3339385986328 1.867711 1.8243229 0.5150179 -8.3590145 1.0400839 11.764367 -2.13602876663208 0.12334654480218887
Cyclist 0.0 0 -2.2069525718688965 554.5635375976562 148.84727478027344 626.6627807617188 239.6077117919922 1.6821649 1.8094507 0.64553165 -0.2900169 1.1597137 15.182079 -2.226052761077881 0.6104463338851929
Cyclist 0.0 0 2.940135955810547 649.873291015625 152.55763244628906 703.4767456054688 202.49856567382812 1.8260483 1.7642235 0.6125009 2.6689725 0.74285835 25.767761 3.0433459281921387 0.4576491415500641
Cyclist 0.0 0 -1.518266201019287 69.17986297607422 129.44644165039062 114.72907257080078 250.3339385986328 1.867711 1.8243229 0.5150179 -8.3590145 1.0400839 11.764367 -2.13602876663208 0.291525274515152
Cyclist 0.0 0 1.0629830360412598 697.5247192382812 150.46812438964844 735.9129028320312 206.84661865234375 1.3886387 1.7906097 0.64753765 3.7440734 0.8061238 23.575336 1.2204807996749878 0.2518552541732788
Cyclist 0.0 0 1.1164692640304565 696.6484985351562 151.39276123046875 768.5988159179688 286.9903564453125 0.9545924 1.7662822 0.6141899 1.7440449 1.3754385 9.897914 1.2908822298049927 0.13870114088058472
Cyclist 0.0 0 -3.256436824798584 845.318603515625 144.2954559326172 983.5142822265625 374.0 0.8876232 1.6612256 0.7212345 2.310727 1.400757 5.523218 -2.860198497772217 0.10300495475530624
Car 0.0 0 1.5360134840011597 532.4246826171875 161.3341827392578 582.9578247070312 207.1561737060547 4.024464 1.5281185 1.6704229 -1.6751525 0.85669106 26.038101 1.4717673063278198 0.7965245842933655
