Pedestrian 0.0 0 -0.044483065605163574 1160.1153564453125 71.95728302001953 1242.0 283.0349426269531 0.6812441 1.8579842 0.6828219 5.5835805 0.97021174 6.8258386 0.641141414642334 0.4431394636631012
Pedestrian 0.0 0 1.5666301250457764 476.6509704589844 176.1973876953125 489.5487365722656 211.88890075683594 0.80707896 1.7933347 0.6408405 -6.5102487 1.9662867 36.79054 1.391488790512085 0.40732336044311523
Car 0.0 0 -1.8159358501434326 676.4053344726562 174.83892822265625 825.3141479492188 280.16253662109375 3.6299312 1.5417683 1.6423548 2.207335 1.5816548 12.498006 -1.641123652458191 0.942818820476532
Car 0.0 0 -1.7893142700195312 633.4830932617188 174.72259521484375 706.0244140625 222.97296142578125 4.1344614 1.527917 1.6426748 1.9436077 1.5990808 25.175653 -1.7122652530670166 0.9045166969299316
Car 0.0 0 0.5318094491958618 84.48673248291016 190.88185119628906 294.70123291015625 262.3218994140625 3.7563784 1.476655 1.650257 -9.356954 1.9021428 16.173565 0.007323503494262695 0.8795676231384277
Car 0.0 0 -1.5232937335968018 490.5045166015625 178.632568359375 541.1470336914062 226.06370544433594 3.853681 1.556573 1.6376152 -3.3872442 1.782273 26.147488 -1.6521201133728027 0.862679660320282
Car 0.0 0 -1.0410315990447998 0.0 201.3089141845703 248.98484802246094 375.0 3.8579044 1.4681517 1.5817574 -3.4265769 1.702259 3.8793616 -1.7645339965820312 0.7687564492225647
Car 0.0 0 -1.62620210647583 8.487913131713867 187.76080322265625 164.76683044433594 319.6373291015625 3.9851904 1.5057896 1.6203778 -7.958156 1.770672 10.750308 -2.263448476791382 0.5001354217529297
Car 0.0 0 -1.7086973190307617 488.9486083984375 174.38385009765625 537.943359375 213.00074768066406 3.5466628 1.5589415 1.6168221 -4.267297 1.6295495 31.203777 -1.8446099758148193 0.4514768123626709
Car 0.0 0 0.4014790654182434 278.0416564941406 173.14968872070312 422.5920715332031 220.6795196533203 4.6655135 1.675413 1.7807131 -9.494085 1.6870365 26.465872 0.057048797607421875 0.39308446645736694
Car 0.0 0 3.7398366928100586 0.0 183.47976684570312 105.52315521240234 256.7146911621094 3.7779825 1.5183091 1.5996637 -13.901985 1.7727367 16.248266 3.032101631164551 0.37874072790145874
Car 0.0 0 -1.4419400691986084 524.8612060546875 175.73809814453125 562.2406616210938 205.75247192382812 3.7202976 1.5762308 1.607386 -3.6849666 1.744601 40.141266 -1.5334835052490234 0.3501737415790558
