Pedestrian 0.0 0 0.6406484246253967 0.0 159.61077880859375 75.07575225830078 317.2372741699219 0.7960083 1.7699544 0.59526515 -6.913214 1.621607 8.415278 -0.04706995189189911 0.5356846451759338
Pedestrian 0.0 0 1.1035022735595703 399.0161437988281 156.39697265625 420.0552673339844 196.80084228515625 0.87637895 1.9140725 0.64978874 -9.687638 1.134804 34.721706 0.8314135074615479 0.3891921043395996
Car 0.0 0 1.1391593217849731 773.3526000976562 187.54620361328125 1098.318359375 375.0 3.7058165 1.5010217 1.613019 3.0048933 1.696288 7.6724653 1.5124436616897583 0.9257136583328247
Car 0.0 0 -2.70766019821167 232.54571533203125 182.76809692382812 406.84619140625 250.05136108398438 3.5335708 1.5083047 1.6219469 -6.941389 1.759405 17.342249 -3.0883896350860596 0.846425473690033
Car 0.0 0 0.11629590392112732 449.2356262207031 181.58847045898438 533.8302001953125 213.30360412597656 4.133725 1.5702411 1.6966982 -6.087259 2.0321505 37.18271 -0.0459766685962677 0.7655704617500305
Car 0.0 0 -1.7049312591552734 640.3234252929688 179.9375457763672 684.7858276367188 214.13531494140625 4.249184 1.5545174 1.6373383 2.5111322 1.9283686 35.86886 -1.635036587715149 0.7569379806518555
Car 0.0 0 -2.668067455291748 346.4347229003906 178.03851318359375 482.814697265625 230.16856384277344 3.7614565 1.5141428 1.6088785 -6.0653915 1.6836786 22.36536 -2.9328935146331787 0.7251614332199097
Car 0.0 0 -2.8062567710876465 284.9549865722656 178.3048095703125 458.0021057128906 238.98667907714844 4.225507 1.5925952 1.7085047 -6.5579886 1.7507098 19.987148 -3.1232991218566895 0.6713409423828125
Car 0.0 0 0.22897326946258545 405.4245300292969 180.2327117919922 513.0346069335938 221.35084533691406 3.8125863 1.526355 1.615919 -5.8247137 1.8211828 27.939983 0.023444652557373047 0.6199913620948792
Car 0.0 0 0.69225013256073 977.3945922851562 0.0 1242.0 375.0 3.866461 1.5036349 1.6177939 2.8153124 1.3709546 2.2029328 1.5990785360336304 0.50727778673172
