Car 0.0 0 -2.015087604522705 871.012939453125 192.6907196044922 1242.0 375.0 3.8809953 1.5100973 1.6047848 3.7681222 1.7499688 6.719576 -1.5040149688720703 0.9079931974411011
Car 0.0 0 1.9131155014038086 242.2614288330078 195.08233642578125 464.6930847167969 347.3553771972656 3.6706798 1.5234728 1.5936488 -3.1910393 1.877002 9.609096 1.5924886465072632 0.9070988297462463
Car 0.0 0 -1.8463127613067627 742.3793334960938 172.0251922607422 907.6431274414062 286.05096435546875 3.6645665 1.6222615 1.6593497 3.3446915 1.6108278 12.099762 -1.5766210556030273 0.8980236649513245
Car 0.0 0 -1.7136777639389038 679.1435546875 179.59603881835938 745.6464233398438 230.0724639892578 4.2461824 1.5603294 1.6693519 3.4059966 1.8142042 24.999525 -1.5782690048217773 0.8964180946350098
Car 0.0 0 2.2039875984191895 0.0 195.1953125 257.2848205566406 375.0 3.913074 1.4941217 1.5743246 -3.1070442 1.656 3.1650057 1.427830457687378 0.7401499152183533
Car 0.0 0 1.66145658493042 499.2538146972656 184.18031311035156 553.8411254882812 230.40606689453125 3.915843 1.4965886 1.6271518 -3.0114572 1.9408953 26.302395 1.547459363937378 0.6793177723884583
Car 0.0 0 1.265261173248291 709.1116333007812 184.5601806640625 821.573974609375 251.5954132080078 4.0946107 1.4581586 1.634128 3.7945335 1.7939892 18.553932 1.4669930934906006 0.6542317271232605
Car 0.0 0 1.5614856481552124 545.8365478515625 176.924072265625 575.5642700195312 205.24298095703125 3.9172044 1.5668577 1.6676979 -2.9597406 1.818449 42.51752 1.491985559463501 0.6422252058982849
Car 0.0 0 -0.23214223980903625 748.0899047851562 170.20484924316406 863.998291015625 209.92337036132812 4.4140034 1.617328 1.7410967 8.120567 1.5098133 30.31357 0.029597759246826172 0.631848156452179
Car 0.0 0 1.680169939994812 467.37005615234375 159.49075317382812 546.560546875 232.07119750976562 4.655325 1.8777878 1.7721809 -2.9195065 1.5324143 21.016832 1.5421404838562012 0.5884284973144531
Car 0.0 0 -1.7454545497894287 661.5986938476562 179.98785400390625 706.6214599609375 212.62014770507812 3.8504696 1.5346452 1.6273892 3.682283 1.9182253 36.776733 -1.6456618309020996 0.5772401094436646
Car 0.0 0 -1.6974680423736572 673.6735229492188 177.3829345703125 720.8096923828125 215.89820861816406 3.365729 1.4981425 1.530784 3.5497086 1.6983749 30.150667 -1.5802751779556274 0.5735865235328674
