Pedestrian 0.0 0 0.3551628589630127 342.5403747558594 103.03158569335938 437.6673278808594 250.372802734375 1.0234454 1.8232545 0.6043562 -2.8282678 0.80740917 9.222749 0.05760526657104492 0.22551728785037994
Pedestrian 0.0 0 0.5329680442810059 202.73448181152344 111.9078369140625 306.6747741699219 249.9339599609375 1.0721341 1.7150767 0.5435614 -4.5752234 0.80530345 9.238771 0.07315182685852051 0.20421382784843445
Pedestrian 0.0 0 -2.071887731552124 849.3833618164062 157.97471618652344 1023.27685546875 376.0 1.0139142 1.7068694 0.6576082 2.120361 1.5430644 4.8835554 -1.662264108657837 0.19667959213256836
Cyclist 0.0 0 -2.4253506660461426 504.14813232421875 176.43431091308594 534.4542846679688 207.17129516601562 1.8060358 1.731855 0.55163443 -5.1076155 1.2382048 41.233055 -2.5485947132110596 0.21325714886188507
Cyclist 0.0 0 0.5033276081085205 214.53219604492188 114.23247528076172 332.9674987792969 252.1864776611328 1.269421 1.7122844 0.5573706 -4.3273263 0.8323721 9.238143 0.0652620792388916 0.17090252041816711
Car 0.0 0 -1.582895278930664 567.1376953125 175.9454345703125 630.6400756835938 237.32943725585938 3.4606256 1.6362455 1.6949066 -0.32863685 1.3902696 20.911182 -1.5986098051071167 0.8322364687919617
Car 0.0 0 1.451870322227478 503.8885192871094 177.07470703125 553.4561767578125 214.36175537109375 4.1953726 1.5503654 1.701281 -3.6327558 1.2130016 32.12259 1.3392584323883057 0.2739640176296234
Car 0.0 0 -2.9889204502105713 491.73858642578125 178.18069458007812 561.3067626953125 207.6372833251953 3.445187 1.5177015 1.5790163 -4.27782 1.156366 37.892246 -3.1013388633728027 0.26978105306625366
Car 0.0 0 0.19306965172290802 347.5423278808594 185.81185913085938 499.95062255859375 241.97605895996094 3.8722413 1.4911668 1.6231617 -5.072224 1.5096632 20.018358 -0.05508635938167572 0.25259026885032654
Car 0.0 0 -1.6106995344161987 533.2986450195312 169.8943328857422 561.316650390625 194.80543518066406 4.0356846 1.5407928 1.6408075 -3.97627 0.59427214 46.563103 -1.6958881616592407 0.23545962572097778
Car 0.0 0 -1.7324955463409424 467.64105224609375 176.97647094726562 520.3333129882812 213.90293884277344 3.789726 1.4675875 1.6153164 -4.9389634 1.1412634 30.619085 -1.8924214839935303 0.2092246115207672
