Pedestrian 0.0 0 -0.6308730244636536 652.3372192382812 165.7460479736328 666.248046875 195.7818145751953 0.6058607 1.8569361 0.63887966 3.0435936 1.4178511 45.03758 -0.5633966326713562 0.5175703167915344
Pedestrian 0.0 0 -2.0790886878967285 960.2784423828125 142.574462890625 1000.6033325195312 205.80703735351562 0.98737276 1.8096869 0.65194714 10.800809 0.9434587 21.152483 -1.6069837808609009 0.2894572913646698
Pedestrian 0.0 0 -1.8130604028701782 591.5687866210938 164.53997802734375 608.9725341796875 205.890869140625 0.7325036 1.7545117 0.58904046 -0.4628594 1.4021074 31.041101 -1.8279705047607422 0.25047537684440613
Pedestrian 0.0 0 -2.368070602416992 601.2510375976562 167.27491760253906 617.4378662109375 198.82833862304688 0.6756655 1.8193296 0.65910774 -0.07237109 1.4980044 42.072006 -2.36979079246521 0.24700534343719482
Pedestrian 0.0 0 0.4565073251724243 566.7989501953125 171.7958984375 587.965576171875 192.1350860595703 1.8326325 1.7854853 0.51877224 -2.9133363 1.6929574 63.94165 0.4109764099121094 0.12392745912075043
Cyclist 0.0 0 0.4252881407737732 568.8662109375 172.90167236328125 589.0521240234375 193.0712127685547 1.7011094 1.7707828 0.575118 -2.7719622 1.775404 63.93126 0.3819568157196045 0.2354828119277954
Cyclist 0.0 0 -2.0790886878967285 960.2784423828125 142.574462890625 1000.6033325195312 205.80703735351562 0.98737276 1.8096869 0.65194714 10.800809 0.9434587 21.152483 -1.6069837808609009 0.10036332160234451
Car 0.0 0 2.240107536315918 246.52401733398438 183.54641723632812 324.26824951171875 214.9677276611328 4.1269097 1.555981 1.6754166 -17.681206 2.1734521 39.43494 1.8186150789260864 0.48637309670448303
Car 0.0 0 1.008265495300293 0.0 190.99180603027344 72.36986541748047 219.54067993164062 3.6390417 1.4992083 1.5651053 -32.61136 2.5620492 40.925846 0.33545422554016113 0.46249914169311523
Car 0.0 0 2.620830535888672 406.8947448730469 175.6298370361328 476.12677001953125 200.53900146484375 4.3114977 1.6051792 1.6968697 -11.44372 1.8022892 49.050144 2.3916239738464355 0.4111439883708954
Car 0.0 0 2.6712005138397217 0.0 195.5745391845703 100.3476333618164 236.23220825195312 3.9760618 1.628364 1.6913265 -26.306458 2.750677 33.467945 2.005042552947998 0.3518005907535553
Car 0.0 0 1.8922765254974365 92.69458770751953 189.40834045410156 148.06521606445312 216.3506622314453 4.255968 1.5719938 1.7405262 -31.96563 2.707445 47.18742 1.2968672513961792 0.2924848198890686
