Cyclist 0.0 0 -1.3730506896972656 0.0 87.02406311035156 66.517822265625 242.85476684570312 1.7948351 1.7957648 0.52085626 -7.507299 0.807034 9.227419 -2.056020975112915 0.3726252317428589
Car 0.0 0 -1.9686250686645508 760.9476318359375 173.4838409423828 1049.79345703125 338.10992431640625 4.163279 1.5329207 1.6542599 3.1649082 1.5428648 8.855792 -1.625388264656067 0.9143481850624084
Car 0.0 0 2.1625328063964844 0.0 177.06504821777344 303.11029052734375 375.0 4.166407 1.701114 1.7049849 -4.228593 1.7480035 5.8596745 1.5374284982681274 0.872273325920105
Car 0.0 0 -1.7305705547332764 663.5253295898438 172.6485137939453 736.0648803710938 225.78469848632812 4.2027035 1.591037 1.6949587 2.805334 1.5852422 23.73718 -1.6129330396652222 0.802056610584259
Car 0.0 0 1.5420891046524048 487.9093017578125 180.06784057617188 518.0650024414062 208.35586547851562 3.5981953 1.4768775 1.5659623 -6.0837417 1.9017693 40.550545 1.3931711912155151 0.7607808709144592
Car 0.0 0 -1.7350832223892212 628.6473388671875 174.15579223632812 669.7911987304688 205.1055450439453 3.701944 1.551073 1.584052 1.9927217 1.623921 38.24794 -1.683030128479004 0.7577821016311646
Car 0.0 0 -2.4264402389526367 947.3505859375 189.2233123779297 1242.0 375.0 4.0440283 1.5153039 1.6583647 2.876426 1.618026 2.4851701 -1.5681973695755005 0.661763072013855
Car 0.0 0 -1.7994921207427979 606.0275268554688 172.49957275390625 643.521484375 197.80532836914062 3.4333599 1.5148141 1.5964172 0.85054666 1.4939559 45.03411 -1.7806077003479004 0.5641355514526367
Car 0.0 0 1.4445860385894775 656.3895874023438 177.61517333984375 707.0997924804688 217.22232055664062 3.6512973 1.4675783 1.5685585 2.781022 1.6716865 29.02602 1.5401058197021484 0.5565435290336609
Car 0.0 0 -1.7422505617141724 578.0896606445312 177.89755249023438 607.0300903320312 199.61874389648438 3.734393 1.6257393 1.6642307 -1.4344332 2.0379307 56.920963 -1.767445683479309 0.475093275308609
Car 0.0 0 -1.904524326324463 310.3298645019531 188.6575469970703 375.4042053222656 226.6881561279297 3.6381142 1.5093434 1.6079689 -11.980054 2.2556162 32.138832 -2.261329174041748 0.3802485167980194
