Pedestrian 0.0 0 1.81572425365448 0.0 177.68817138671875 65.57347106933594 375.0 0.798484 1.767669 0.546839 -5.602169 1.8166184 6.7717743 1.1245677471160889 0.5515530109405518
Pedestrian 0.0 0 1.591176986694336 364.72174072265625 153.3012237548828 387.22137451171875 210.53390502929688 0.8525757 1.8480984 0.690746 -7.759231 1.2170786 23.804628 1.2760818004608154 0.3835996985435486
Pedestrian 0.0 0 -0.641487717628479 823.9329223632812 155.6671600341797 866.0679321289062 226.07540893554688 0.8040819 1.7774373 0.6538219 6.021916 1.3439181 18.651608 -0.32918980717658997 0.3315046727657318
Pedestrian 0.0 0 1.0910093784332275 797.212158203125 119.47681427001953 865.8358154296875 255.0738983154297 0.81178373 1.7893118 0.59640825 2.9926698 1.085315 9.973049 1.382535696029663 0.32906073331832886
Cyclist 0.0 0 1.7189399003982544 199.45819091796875 174.18775939941406 240.20042419433594 262.5941467285156 1.8197528 1.716605 0.4838625 -8.122647 1.74638 14.97356 1.221899390220642 0.6308824419975281
Car 0.0 0 -1.9290369749069214 780.33349609375 180.5774688720703 1110.8074951171875 375.0 3.3481226 1.5708948 1.6440916 2.7487261 1.6628342 6.860535 -1.5479637384414673 0.945779025554657
Car 0.0 0 -1.7561980485916138 660.80908203125 177.2830352783203 735.4689331054688 230.5161895751953 3.7122326 1.5045041 1.6447426 2.6241732 1.655424 22.616415 -1.640684962272644 0.919082760810852
Car 0.0 0 1.718369960784912 438.81982421875 179.46311950683594 502.6802062988281 231.11048889160156 3.9478185 1.6775038 1.6899548 -4.9645157 1.9340019 25.953672 1.5293692350387573 0.8879634141921997
Car 0.0 0 -1.2146055698394775 230.6804962158203 180.74722290039062 429.4227600097656 303.8790588378906 4.1652336 1.6502826 1.6874866 -4.430809 1.8049759 12.020211 -1.5677651166915894 0.8855491876602173
Car 0.0 0 1.627676010131836 503.6393127441406 181.54656982421875 537.1448364257812 210.72940063476562 4.3449097 1.5546414 1.6915663 -5.196896 2.0876138 41.98382 1.5045192241668701 0.5083970427513123
Car 0.0 0 1.6160707473754883 540.2783813476562 181.566162109375 561.4515380859375 200.51210021972656 3.8758848 1.4906702 1.5989699 -4.9560623 2.2458029 60.541653 1.5343908071517944 0.4949200749397278
Car 0.0 0 -0.19733744859695435 0.0 218.9004669189453 154.99574279785156 375.0 3.959163 1.5091571 1.6388401 -4.9103236 1.8842648 3.7308736 -1.1183888912200928 0.37525489926338196
