Pedestrian 0.0 0 1.7748932838439941 764.4952392578125 167.76499938964844 783.6043701171875 209.78717041015625 0.8343337 1.8236003 0.667793 7.1996765 1.6031152 31.827137 1.9973609447479248 0.5790344476699829
Pedestrian 0.0 0 -1.668250560760498 969.615234375 160.41773986816406 1023.793701171875 284.121337890625 0.6001984 1.6726452 0.6130872 5.3715057 1.5048473 10.147456 -1.181403398513794 0.5668745636940002
Pedestrian 0.0 0 -2.5421431064605713 920.177490234375 174.25146484375 949.4363403320312 232.4525604248047 0.62224543 1.6808906 0.48190755 9.515524 1.72316 21.245773 -2.1210548877716064 0.44143375754356384
Pedestrian 0.0 0 1.6965324878692627 867.8377075195312 138.51272583007812 888.613525390625 188.22500610351562 0.6886596 1.8978719 0.6757974 10.371049 0.5871792 28.004992 2.051201343536377 0.2657383382320404
Pedestrian 0.0 0 -2.37321400642395 0.0 200.74569702148438 40.01323699951172 268.8127746582031 0.68403906 1.6699696 0.6730926 -15.164364 2.3941004 18.358559 -3.063615083694458 0.2575109899044037
Cyclist 0.0 0 -2.3360962867736816 774.194580078125 172.03736877441406 809.010986328125 207.46778869628906 1.9774212 1.6926936 0.39564082 8.860241 1.6540369 35.425076 -2.0910120010375977 0.19402165710926056
Cyclist 0.0 0 -2.4254302978515625 777.7582397460938 171.2795867919922 810.2667846679688 205.5253448486328 1.6620178 1.6753702 0.49000993 9.16199 1.5987042 36.11882 -2.1770076751708984 0.19273416697978973
Car 0.0 0 1.3578972816467285 432.14019775390625 186.2954864501953 464.5198974609375 208.37429809570312 3.8852973 1.5300382 1.6034893 -12.305273 2.5877306 54.655247 1.136446237564087 0.5966153144836426
Car 0.0 0 -1.3901594877243042 604.0928344726562 176.9674072265625 639.4324951171875 202.42767333984375 3.7712724 1.5190636 1.587768 0.75458914 1.7913913 45.699474 -1.373649001121521 0.501736044883728
Car 0.0 0 1.0211892127990723 694.5083618164062 180.98963928222656 735.3096313476562 201.8275909423828 3.9401321 1.6681584 1.6207651 8.885509 2.3865893 61.552235 1.1645560264587402 0.3284003734588623
Car 0.0 0 3.2862064838409424 54.348358154296875 194.07150268554688 126.86860656738281 219.5996551513672 3.7754629 1.5710305 1.5883044 -34.932133 3.0466852 48.592907 2.662925958633423 0.24721470475196838
Car 0.0 0 1.520066738128662 0.0 200.7847442626953 40.847408294677734 238.2962646484375 4.2355223 1.572702 1.7665628 -29.459324 3.035571 35.620323 0.8290557861328125 0.20407618582248688
Car 0.0 0 3.1823441982269287 541.544921875 193.95033264160156 597.7879638671875 217.70166015625 3.802345 1.5600985 1.5384635 -2.771573 3.0342476 49.606197 3.126530647277832 0.20197196304798126
Car 0.0 0 1.9872961044311523 199.0401153564453 187.9296112060547 247.491943359375 211.03628540039062 4.221629 1.6341082 1.7589871 -29.984285 2.8505058 56.02773 1.4959110021591187 0.19208750128746033
