Pedestrian 0.0 0 -0.21947896480560303 934.8978881835938 157.80955505371094 993.9593505859375 262.5978698730469 0.7914095 1.747767 0.6377559 6.04008 1.4971981 12.433349 0.2327415943145752 0.45774582028388977
Pedestrian 0.0 0 0.6197645664215088 1056.617431640625 109.0421371459961 1111.2418212890625 203.4739532470703 0.6842536 1.8437548 0.62301016 9.478379 0.5982039 14.517129 1.1981828212738037 0.24443350732326508
Pedestrian 0.0 0 0.8740947246551514 1171.9984130859375 118.74771118164062 1242.0 255.05435180664062 0.7693495 1.8306031 0.64166784 8.414554 1.1043116 10.072445 1.5700533390045166 0.17726759612560272
Pedestrian 0.0 0 0.7124431133270264 901.292724609375 132.62472534179688 937.8056640625 199.29965209960938 0.75830764 1.8675153 0.59289175 8.819718 0.7410812 20.677868 1.1156084537506104 0.16429290175437927
Cyclist 0.0 0 -0.3580874800682068 954.57861328125 157.23007202148438 1016.3217163085938 206.02639770507812 1.8613253 1.73321 0.6719973 13.504235 1.1786177 26.070597 0.11984610557556152 0.2823905050754547
Cyclist 0.0 0 -2.215571641921997 929.4929809570312 157.24232482910156 995.2966918945312 263.5132141113281 0.9368506 1.764319 0.5737486 6.031433 1.5054901 12.491411 -1.7657407522201538 0.1574014127254486
Car 0.0 0 1.8212599754333496 386.74359130859375 182.02658081054688 421.4075012207031 203.97618103027344 3.876764 1.5515866 1.6130985 -15.562655 2.2709873 54.599247 1.5435891151428223 0.775248110294342
Car 0.0 0 -3.6249794960021973 953.2158203125 176.3944091796875 1078.062255859375 216.56422424316406 4.162318 1.5921662 1.696154 16.55419 1.7424763 29.65626 -3.1158607006073 0.5881994366645813
Car 0.0 0 1.3635753393173218 422.7686462402344 179.9446563720703 449.36358642578125 197.67820739746094 4.001018 1.5686134 1.6338112 -16.366495 2.2555263 67.70315 1.1263866424560547 0.24341914057731628
Car 0.0 0 -0.47031068801879883 952.1622924804688 159.02920532226562 1083.649169921875 202.85012817382812 3.9433527 1.5735638 1.6260351 15.027278 1.0774877 26.79954 0.040732383728027344 0.1854567974805832
Car 0.0 0 3.3803255558013916 283.9986572265625 188.7484588623047 341.84814453125 210.12542724609375 3.828217 1.5580564 1.6068033 -22.744265 2.8000882 55.28049 2.9900014400482178 0.15678341686725616
