Pedestrian 0.0 0 0.9217114448547363 773.269775390625 183.4806671142578 813.4749755859375 256.6764831542969 0.7185261 1.666505 0.60669845 4.267028 1.9239707 17.005049 1.167562484741211 0.42843717336654663
Car 0.0 0 1.7144997119903564 475.0968322753906 186.63482666015625 549.6498413085938 247.95578002929688 3.629331 1.5525068 1.6331929 -2.783183 1.9870884 20.908525 1.582165241241455 0.8954133987426758
Car 0.0 0 -1.7302309274673462 661.2463989257812 181.60667419433594 738.7339477539062 244.29864501953125 3.7506785 1.6301767 1.6597884 2.4988892 1.9109001 21.200922 -1.6129052639007568 0.8953149914741516
Car 0.0 0 1.171854019165039 785.5958251953125 188.50831604003906 1128.18798828125 375.0 3.4829853 1.4842252 1.5729425 2.8426383 1.6718764 6.8828087 1.5635215044021606 0.891379714012146
Car 0.0 0 1.9794070720672607 0.0 194.75534057617188 439.9496154785156 375.0 4.3990345 1.5029582 1.7133995 -2.7916396 1.7530538 6.0032682 1.544132947921753 0.8703872561454773
Car 0.0 0 -1.6743335723876953 651.99853515625 185.82943725585938 707.97802734375 233.0279083251953 3.7463374 1.5044872 1.6046515 2.3975408 2.0047488 25.913744 -1.5820761919021606 0.798412561416626
Car 0.0 0 -1.7433254718780518 637.0556640625 177.33108520507812 692.6759643554688 217.1724853515625 4.122323 1.5749234 1.6944424 2.2511268 1.7817407 31.135145 -1.6711492538452148 0.7659332156181335
Car 0.0 0 1.5085783004760742 539.6661376953125 185.86703491210938 570.9586181640625 213.4744415283203 4.1346183 1.5762544 1.7008046 -3.5152118 2.434522 45.4006 1.4313058853149414 0.7533708810806274
Car 0.0 0 -1.674813151359558 634.1932983398438 176.03038024902344 667.6336059570312 203.81924438476562 4.117438 1.642822 1.6651989 2.4858947 1.8515351 45.22964 -1.6199067831039429 0.5691725015640259
Car 0.0 0 -2.799241304397583 0.0 0.0 1242.0 375.0 3.8514469 1.4921529 1.6122853 2.721631 1.4059806 1.7053332 -1.7881832122802734 0.47017887234687805
