Pedestrian 0.0 0 0.2524641752243042 825.4535522460938 131.3106689453125 927.710693359375 307.96429443359375 0.90120214 1.8189417 0.76042473 2.968913 1.3141482 7.8456726 0.6142246723175049 0.5897985100746155
Pedestrian 0.0 0 -2.650123119354248 285.3603210449219 162.271728515625 353.224609375 271.3307800292969 0.8001537 1.7280011 0.6934157 -4.714075 1.4408362 11.584693 -3.036583185195923 0.49032628536224365
Pedestrian 0.0 0 -0.0006987452507019043 990.7189331054688 108.67628479003906 1066.2862548828125 248.75294494628906 0.87628347 1.8502562 0.46848807 5.787064 0.903218 9.7591305 0.5345501899719238 0.4182168245315552
Pedestrian 0.0 0 1.4789066314697266 288.5064697265625 172.8433074951172 321.0416259765625 258.9854431152344 0.69239014 1.7032801 0.5471193 -6.1666546 1.5535145 14.41012 1.0745491981506348 0.327375590801239
Pedestrian 0.0 0 1.2069664001464844 516.8112182617188 171.52687072753906 532.2855224609375 202.95033264160156 0.7905794 1.7078737 0.60375977 -4.4405236 1.221583 38.91314 1.0933442115783691 0.3204100430011749
Cyclist 0.0 0 -2.766977310180664 864.7244873046875 159.4461669921875 908.959228515625 197.01629638671875 1.9166434 1.757487 0.5083521 13.488326 0.7740637 33.910847 -2.3884048461914062 0.5058446526527405
Cyclist 0.0 0 -2.1950953006744385 965.294677734375 145.06431579589844 1029.9013671875 214.02911376953125 1.8922566 1.7264661 0.4674249 10.287607 0.8409631 18.662666 -1.691300630569458 0.3961355686187744
Cyclist 0.0 0 -1.1771085262298584 279.04254150390625 161.61944580078125 351.42437744140625 272.4015808105469 1.1240994 1.7157235 0.716671 -4.7353477 1.4249715 11.5085945 -1.567456603050232 0.17214955389499664
Cyclist 0.0 0 -2.1757099628448486 819.1503295898438 129.82351684570312 941.0577392578125 308.7507629394531 1.0551747 1.8252636 0.792196 2.9565115 1.3099982 7.815193 -1.8140466213226318 0.1368809938430786
Car 0.0 0 2.271121025085449 0.0 206.2940673828125 285.29937744140625 370.0 4.023634 1.4989519 1.5775846 -3.1426108 1.6962217 3.2996001 1.5100868940353394 0.7861140370368958
Car 0.0 0 -2.7353434562683105 726.9207153320312 166.25401306152344 822.6077880859375 200.2715301513672 4.090416 1.5191795 1.6262999 7.97585 0.8844362 33.444984 -2.50123929977417 0.7204431295394897
Car 0.0 0 2.0273385047912598 444.86553955078125 172.73812866210938 498.02716064453125 198.9043426513672 3.9564571 1.5447251 1.6685337 -8.226783 1.0878729 43.865128 1.8419450521469116 0.4814334511756897
Car 0.0 0 -1.2258154153823853 87.28983306884766 181.66795349121094 137.3818817138672 204.729736328125 3.9279914 1.5140519 1.600027 -33.880898 1.5993176 48.730427 -1.8333611488342285 0.29566138982772827
