Pedestrian 0.0 0 0.8700711727142334 517.9381713867188 169.8683319091797 543.784912109375 213.9292449951172 0.85403985 1.7418313 0.6340656 -2.8604374 1.2830117 28.919857 0.7714827060699463 0.6424738764762878
Pedestrian 0.0 0 0.8454676270484924 665.3021850585938 166.83926391601562 718.640625 261.69842529296875 0.81448764 1.698359 0.59205484 1.6378763 1.4371442 13.361769 0.9674384593963623 0.6393885016441345
Pedestrian 0.0 0 1.3710333108901978 712.3172607421875 160.0865936279297 758.4004516601562 257.21240234375 0.93724203 1.7604005 0.67411095 2.4609911 1.3735518 13.492227 1.5514506101608276 0.6328331232070923
Pedestrian 0.0 0 1.4938609600067139 421.6416931152344 164.8391876220703 460.32666015625 264.24639892578125 0.8422041 1.7480701 0.62328804 -2.9809644 1.4563658 13.123708 1.2705073356628418 0.5661711692810059
Pedestrian 0.0 0 1.3779487609863281 461.95208740234375 179.92909240722656 475.2474365234375 210.16143798828125 0.7561373 1.7793359 0.6443666 -7.9046593 1.6876509 42.745213 1.1950894594192505 0.5229093432426453
Pedestrian 0.0 0 1.5253303050994873 216.92555236816406 147.57159423828125 244.79917907714844 227.4195556640625 0.8048237 1.8724709 0.55979294 -8.980649 1.078038 17.33111 1.0472440719604492 0.5030856132507324
Pedestrian 0.0 0 1.0491654872894287 726.4618530273438 164.34263610839844 752.8317260742188 215.23187255859375 0.66911274 1.7698036 0.67087835 4.862013 1.1741778 25.405054 1.2382588386535645 0.4588308036327362
Pedestrian 0.0 0 -1.7701308727264404 312.8353576660156 168.19935607910156 330.875 207.90199279785156 0.78492534 1.8373845 0.64654845 -13.147675 1.2227738 33.745876 -2.1416468620300293 0.4541022777557373
Pedestrian 0.0 0 -0.15958458185195923 773.526123046875 153.89857482910156 799.1265258789062 213.92945861816406 0.6836157 1.8552942 0.6397951 5.7710166 1.0033665 22.547634 0.09098410606384277 0.40687528252601624
Pedestrian 0.0 0 1.3238482475280762 787.38037109375 153.55450439453125 813.7973022460938 208.97254943847656 1.0405511 1.8313168 0.62184006 6.6931324 0.9089302 24.262182 1.5930202007293701 0.3912186026573181
Pedestrian 0.0 0 0.6034507155418396 751.3067016601562 163.88168334960938 780.4732666015625 214.5115203857422 0.7995564 1.7661437 0.6224443 5.828114 1.1526196 25.56035 0.827631950378418 0.3860054910182953
Pedestrian 0.0 0 -2.200802803039551 739.8447875976562 161.13380432128906 767.5524291992188 209.7387237548828 0.9240174 1.8204752 0.606714 5.7931128 1.0587013 27.448034 -1.992798089981079 0.36320921778678894
Pedestrian 0.0 0 1.3490028381347656 562.8384399414062 170.8193359375 571.79638671875 191.54641723632812 0.81462795 1.8461134 0.6387858 -3.0292883 0.89521354 64.455315 1.3020391464233398 0.3036750257015228
Pedestrian 0.0 0 1.2705572843551636 610.5733032226562 169.29393005371094 639.2622680664062 215.59912109375 1.6291754 1.7847015 0.6854267 0.90167797 1.3152727 28.55989 1.3021183013916016 0.23346903920173645
Cyclist 0.0 0 1.650206446647644 575.7288818359375 168.4578857421875 598.8148193359375 229.49362182617188 1.7905548 1.775738 0.56417775 -0.44392386 1.397433 21.806574 1.6298519372940063 0.8101556897163391
Cyclist 0.0 0 1.0794367790222168 560.3262329101562 168.91505432128906 593.375732421875 214.3702850341797 1.8712513 1.8136508 0.53866386 -1.0453643 1.312518 29.60297 1.0441386699676514 0.6593545079231262
Cyclist 0.0 0 -2.0608601570129395 1000.6720581054688 48.46078872680664 1238.0 374.0 1.7336738 1.6404307 0.5177933 2.0682414 1.3055035 2.7108805 -1.4091283082962036 0.547065794467926
Cyclist 0.0 0 1.3672199249267578 699.9139404296875 156.9320068359375 726.302978515625 213.408203125 1.7890494 1.7294567 0.47395775 3.517907 0.97823316 22.900251 1.5196470022201538 0.5199069380760193
Cyclist 0.0 0 1.2705572843551636 610.5733032226562 169.29393005371094 639.2622680664062 215.59912109375 1.6291754 1.7847015 0.6854267 0.90167797 1.3152727 28.55989 1.3021183013916016 0.46025291085243225
Cyclist 0.0 0 -1.6616523265838623 450.0153503417969 176.76499938964844 480.02197265625 250.28961181640625 1.7625864 1.6696031 0.54247904 -3.3236225 1.5632932 17.23135 -1.8521946668624878 0.368472158908844
Cyclist 0.0 0 -1.4738008975982666 261.1922302246094 183.25338745117188 319.0858154296875 312.71563720703125 1.8556585 1.7279745 0.6098133 -4.5945764 1.7575026 10.588139 -1.883216142654419 0.33692696690559387
Cyclist 0.0 0 -0.8620943427085876 723.2869873046875 182.80990600585938 793.1072998046875 252.3614501953125 1.7922329 1.6398009 0.6901527 3.859762 1.6748903 17.780043 -0.6483271718025208 0.3196173906326294
Cyclist 0.0 0 -1.7733489274978638 786.7051391601562 153.2227020263672 813.7918701171875 208.46876525878906 1.1410999 1.8197609 0.662385 6.676776 0.8894177 24.249947 -1.5046744346618652 0.14599590003490448
Cyclist 0.0 0 -1.7693405151367188 520.7137451171875 169.20721435546875 541.4144897460938 213.57894897460938 0.95301855 1.7500777 0.65151584 -2.8523972 1.2662436 28.880407 -1.8677870035171509 0.12842132151126862
Cyclist 0.0 0 1.4016954898834229 712.4305419921875 159.08428955078125 758.8756713867188 257.7579040527344 0.9933778 1.781518 0.6939397 2.4604695 1.3780792 13.467356 1.5824012756347656 0.11882882565259933
Cyclist 0.0 0 -2.164032459259033 664.2261352539062 163.67880249023438 722.7786865234375 264.91082763671875 0.98640925 1.7956299 0.63098633 1.6552651 1.4807948 13.321627 -2.040412187576294 0.10027299076318741
Car 0.0 0 -1.5702353715896606 464.1573791503906 184.82118225097656 512.6875610351562 229.49087524414062 3.8536627 1.4931561 1.6313986 -4.1646643 1.6253444 26.339981 -1.7270491123199463 0.45841893553733826
Car 0.0 0 -2.963808298110962 437.80615234375 181.00442504882812 529.47705078125 218.11767578125 3.7205074 1.5763298 1.6283324 -5.1056876 1.5562526 31.352066 -3.125241279602051 0.39795660972595215
Car 0.0 0 2.2839884757995605 241.78399658203125 183.13400268554688 292.4183654785156 203.4995574951172 3.721235 1.5471562 1.5916371 -26.40398 1.6816394 56.89629 1.8494939804077148 0.3448292315006256
