Pedestrian 0.0 0 1.6081790924072266 139.8977508544922 196.71249389648438 201.4954833984375 352.0063171386719 0.9494557 1.789839 0.6284305 -5.545193 2.1084964 9.055599 1.0587284564971924 0.487182080745697
Pedestrian 0.0 0 -1.8520623445510864 758.171142578125 170.36204528808594 774.2465209960938 207.3278350830078 0.66595644 1.7885846 0.60594845 7.592813 1.6683693 35.261875 -1.6399742364883423 0.4250395596027374
Cyclist 0.0 0 0.8665328621864319 0.0 179.66195678710938 100.48865509033203 289.5249938964844 1.8230648 1.7057552 0.66243184 -9.424046 1.8217988 11.75994 0.19095802307128906 0.4019154906272888
Car 0.0 0 -1.8562036752700806 711.2394409179688 181.09750366210938 912.205810546875 312.8499450683594 4.0555305 1.4950482 1.6407776 2.6064305 1.6389773 10.503228 -1.612962007522583 0.9394135475158691
Car 0.0 0 -2.1890807151794434 808.627685546875 179.31117248535156 1242.0 375.0 4.0815372 1.5749915 1.6798235 2.8016691 1.6366795 4.745718 -1.655781626701355 0.9229540228843689
Car 0.0 0 -1.5117381811141968 561.183349609375 180.74244689941406 589.32666015625 205.0972442626953 4.0948653 1.4996654 1.6258277 -2.2935088 2.0452852 47.81489 -1.5596678256988525 0.7200711369514465
Car 0.0 0 0.2361481487751007 384.6468505859375 180.3364715576172 469.2574157714844 215.78306579589844 3.4791358 1.5680746 1.6302556 -8.389857 1.9204396 33.105392 -0.012054936960339546 0.6954646706581116
Car 0.0 0 1.3362114429473877 673.2509765625 170.36122131347656 714.4649658203125 199.53533935546875 4.0752587 1.7893202 1.7225926 5.3040304 1.6367893 46.37746 1.4500832557678223 0.5539494156837463
Car 0.0 0 -0.9182379245758057 0.0 226.96173095703125 164.67141723632812 375.0 3.8498495 1.5197141 1.6222517 -6.172684 2.1838396 6.8652954 -1.650563359260559 0.3754153549671173
Car 0.0 0 -2.234865188598633 644.8160400390625 175.30433654785156 691.6078491210938 197.14022827148438 3.6778622 1.5714505 1.5772442 4.3215113 1.7630208 54.334255 -2.155496597290039 0.3161368668079376
Car 0.0 0 1.684852123260498 466.2416076660156 186.22975158691406 507.7995300292969 218.12159729003906 4.120069 1.5028491 1.6923336 -6.4304056 2.2441788 37.865204 1.51663339138031 0.30351710319519043
