Pedestrian 0.0 0 1.5328845977783203 757.7326049804688 130.5283966064453 778.5559692382812 188.68539428710938 0.8122512 1.7955143 0.60675395 5.1037354 0.25426835 22.27967 1.7580751180648804 0.26280567049980164
Pedestrian 0.0 0 -3.2288730144500732 756.779052734375 172.40797424316406 784.6771850585938 234.8289031982422 0.69472927 1.6860116 0.60850555 4.516321 1.4690248 19.442717 -3.0006320476531982 0.26090461015701294
Pedestrian 0.0 0 3.5969629287719727 163.00363159179688 176.11105346679688 179.9008026123047 201.08392333984375 0.86595696 1.8102769 0.6239403 -31.632498 1.4934051 51.600307 3.04701828956604 0.2515988051891327
Pedestrian 0.0 0 0.5212544202804565 760.2174072265625 145.7860107421875 811.3018798828125 235.5889892578125 0.8260781 1.8191584 0.64842135 3.7515428 1.1175762 14.838077 0.7688968181610107 0.22187848389148712
Pedestrian 0.0 0 3.715263843536377 49.234642028808594 199.88648986816406 92.9365463256836 266.0947570800781 0.7087715 1.7633896 0.6680656 -14.674604 2.3067765 19.396242 3.0675714015960693 0.20295964181423187
Pedestrian 0.0 0 -2.569342613220215 994.2392578125 96.39757537841797 1215.787841796875 370.0 0.94109905 1.7814574 0.812683 3.3008122 1.2818425 4.8006635 -1.9670050144195557 0.17441605031490326
Pedestrian 0.0 0 -2.0962562561035156 1072.4268798828125 133.9058837890625 1128.4588623046875 220.60304260253906 1.0009532 1.7726774 0.5402123 10.433755 0.8216033 14.973077 -1.487657904624939 0.1724478155374527
Cyclist 0.0 0 -0.925218403339386 421.7245178222656 173.9523162841797 444.988037109375 200.29287719726562 1.815514 1.7209773 0.5211171 -11.429046 1.294508 47.127167 -1.163140058517456 0.6110208630561829
Cyclist 0.0 0 3.215702533721924 491.3684387207031 168.45391845703125 510.3902893066406 187.36056518554688 1.7594914 1.7921273 0.51807195 -9.885381 0.6514348 67.3363 3.0699377059936523 0.16947968304157257
Cyclist 0.0 0 1.3859655857086182 755.5631103515625 126.99276733398438 781.6497192382812 187.48828125 0.98287535 1.8631531 0.62820643 5.11456 0.2167829 22.274729 1.6116660833358765 0.14946672320365906
Cyclist 0.0 0 -2.0962562561035156 1072.4268798828125 133.9058837890625 1128.4588623046875 220.60304260253906 1.0009532 1.7726774 0.5402123 10.433755 0.8216033 14.973077 -1.487657904624939 0.10938578844070435
Car 0.0 0 -1.7566711902618408 543.7344970703125 164.3612823486328 573.1351318359375 184.71780395507812 3.9983823 1.5950961 1.6717873 -3.8116016 0.33174145 57.54246 -1.8228143453598022 0.5501251220703125
Car 0.0 0 2.248772382736206 37.39630889892578 184.79331970214844 152.45680236816406 226.86639404296875 3.9817138 1.5491849 1.6168461 -20.412485 1.7359502 28.476791 1.6268526315689087 0.4400663375854492
Car 0.0 0 -1.7819299697875977 570.6911010742188 169.1320343017578 598.1459350585938 187.49581909179688 4.0427523 1.6151121 1.6825527 -1.8842249 0.61646724 64.34422 -1.8112051486968994 0.34156009554862976
Car 0.0 0 -2.4891786575317383 15.526991844177246 166.49093627929688 117.30773162841797 199.45755004882812 3.8375993 1.6145353 1.6710472 -26.971195 0.9298801 35.462376 -3.1394028663635254 0.2200716882944107
Car 0.0 0 0.9553746581077576 150.1681671142578 196.0950927734375 237.55081176757812 228.66099548339844 4.4622793 1.5511543 1.682783 -21.531078 2.405723 36.98415 0.42816829681396484 0.1916574388742447
Car 0.0 0 0.8947103023529053 215.5266876220703 188.88534545898438 268.59332275390625 211.8580780029297 3.6292186 1.6080849 1.5388936 -26.681244 2.2430336 51.984177 0.420513391494751 0.18176250159740448
Car 0.0 0 1.5833383798599243 436.5245361328125 177.38917541503906 453.8545227050781 193.86434936523438 3.6541781 1.5406182 1.584001 -15.33335 1.2508625 68.06393 1.3617587089538574 0.17545269429683685
