Pedestrian 0.0 0 1.971388816833496 141.63052368164062 172.08901977539062 166.1195068359375 215.33602905273438 0.75210977 1.8450196 0.654599 -19.761267 1.8127419 31.204195 1.4068512916564941 0.397072434425354
Pedestrian 0.0 0 1.0914300680160522 1044.3582763671875 149.8819580078125 1086.306396484375 215.56166076660156 0.9234662 1.7924469 0.6362101 12.671444 1.1658812 20.17463 1.6522469520568848 0.22630925476551056
Pedestrian 0.0 0 1.9008862972259521 280.6600646972656 148.81466674804688 313.89056396484375 208.45361328125 1.298985 1.7981979 0.55874944 -9.750102 1.0737362 22.42239 1.4907126426696777 0.20674534142017365
Pedestrian 0.0 0 1.9950810670852661 1192.1658935546875 191.8009033203125 1242.0 271.9610900878906 1.3774629 1.7364194 0.67048347 14.043931 2.185994 16.506943 2.700033187866211 0.15853911638259888
Cyclist 0.0 0 1.028097152709961 1185.13525390625 193.55023193359375 1242.0 276.36083984375 1.7370074 1.7475489 0.55695194 14.021713 2.2493145 16.576244 1.7302014827728271 0.349504292011261
Cyclist 0.0 0 -0.15168246626853943 764.2745361328125 170.34971618652344 811.295654296875 212.72674560546875 1.7869325 1.7049577 0.6219297 7.1940136 1.6045611 29.415373 0.08817577362060547 0.25867760181427
Cyclist 0.0 0 -1.2039438486099243 281.9891357421875 158.38499450683594 315.71533203125 215.22264099121094 1.386395 1.7166756 0.50388205 -9.730489 1.2800243 22.492996 -1.6122348308563232 0.24016931653022766
Car 0.0 0 -1.575217604637146 571.592041015625 174.50025939941406 608.2234497070312 208.59332275390625 4.2107043 1.5723306 1.7007135 -1.0427414 1.6588142 35.612473 -1.6044894456863403 0.7115681171417236
Car 0.0 0 1.9305628538131714 220.11880493164062 206.04739379882812 359.517578125 284.5464782714844 4.1789446 1.4832104 1.7185211 -7.637722 2.3896093 17.562061 1.520337700843811 0.22001779079437256
Car 0.0 0 -1.8751028776168823 743.1903076171875 184.71546936035156 808.3923950195312 223.88232421875 3.7392287 1.510896 1.667159 6.9862046 2.051567 30.932976 -1.6529797315597534 0.20309649407863617
Car 0.0 0 1.3963671922683716 611.0557861328125 184.85614013671875 646.1707763671875 209.55889892578125 4.090746 1.5133706 1.6635808 1.1730586 2.355138 48.433903 1.4205822944641113 0.17569178342819214
