Pedestrian 0.0 0 -2.3610639572143555 1147.34814453125 87.69134521484375 1242.0 302.330078125 0.820325 1.7274647 0.6204198 5.2242618 1.0424129 6.2416635 -1.6641666889190674 0.27016913890838623
Pedestrian 0.0 0 -1.2251924276351929 0.0 208.59381103515625 82.7599105834961 375.0 0.823518 1.6604161 0.60072464 -5.573096 2.024808 6.858724 -1.9075425863265991 0.26742875576019287
Car 0.0 0 -1.7180984020233154 658.068603515625 185.7722625732422 717.430419921875 231.55958557128906 4.2115083 1.5645804 1.6705086 2.8898454 2.104648 28.001432 -1.615259051322937 0.9205541610717773
Car 0.0 0 1.7092928886413574 486.6622314453125 191.6513214111328 558.51953125 249.9309844970703 4.141016 1.5456 1.668647 -2.6778896 2.1882887 22.566118 1.5911766290664673 0.8705827593803406
Car 0.0 0 -0.9435649514198303 0.0 0.0 1242.0 375.0 3.833018 1.4773387 1.5725355 -2.410366 1.7054057 1.5975714 -1.9290459156036377 0.6418697237968445
Car 0.0 0 -1.782044529914856 539.0067749023438 186.39781188964844 580.5748901367188 217.08236694335938 3.568461 1.5702381 1.611514 -2.9012651 2.3685596 40.57006 -1.8534355163574219 0.5289627313613892
Car 0.0 0 -1.4443244934082031 506.88385009765625 183.6648406982422 561.8973999023438 227.5816650390625 4.076926 1.5449795 1.6544756 -2.9471235 2.0024788 28.450653 -1.5475435256958008 0.46917790174484253
Car 0.0 0 -1.7362192869186401 639.7520141601562 176.72821044921875 677.9784545898438 203.9780731201172 3.9509182 1.5272994 1.6391108 2.833417 1.7699103 43.067387 -1.6705236434936523 0.2886316478252411
Car 0.0 0 -1.748628854751587 0.0 224.1606903076172 52.700828552246094 375.0 3.6433978 1.4829291 1.594183 -7.110819 2.0985525 6.966252 -2.5442962646484375 0.28401079773902893
Car 0.0 0 -1.9324928522109985 607.8880615234375 185.66558837890625 663.5430297851562 218.3888397216797 3.8108134 1.556722 1.6821612 1.2594895 2.2690878 38.022068 -1.8993797302246094 0.2715131640434265
Car 0.0 0 1.243214726448059 622.7175903320312 184.4783935546875 654.9949951171875 203.47915649414062 3.8193119 1.4995974 1.6014023 2.402363 2.5242941 61.520496 1.2822446823120117 0.23491829633712769
