Pedestrian 0.0 0 -0.8741359710693359 833.461669921875 152.91751098632812 949.0982055664062 339.5854187011719 0.74068964 1.6580539 0.7187065 2.712358 1.4055548 6.8705325 -0.4981365501880646 0.6478846073150635
Pedestrian 0.0 0 2.262667179107666 955.2789306640625 154.09014892578125 1028.662841796875 279.7960510253906 0.76480794 1.7465402 0.5782217 5.598762 1.3670315 10.389307 2.7569456100463867 0.5979226231575012
Pedestrian 0.0 0 0.7211213111877441 994.7584228515625 149.16622924804688 1117.033447265625 324.17840576171875 0.88917744 1.7235125 0.64030814 4.7261868 1.4064603 7.5895762 1.2780799865722656 0.5453202724456787
Pedestrian 0.0 0 -2.1240789890289307 534.4901733398438 170.42953491210938 563.5740966796875 224.09616088867188 0.84542274 1.7061762 0.5849463 -1.732708 1.3553244 23.348684 -2.198153257369995 0.5183144211769104
Pedestrian 0.0 0 -3.2468676567077637 924.107666015625 182.6654510498047 988.91650390625 280.4785461425781 0.93913424 1.6430539 0.7738407 6.1647973 1.6656194 12.600659 -2.7918617725372314 0.4389803111553192
Pedestrian 0.0 0 -1.3344190120697021 611.9263305664062 173.9680633544922 625.9078979492188 204.5482177734375 0.8112156 1.7087139 0.6182735 0.9907183 1.2886631 40.6071 -1.3100261688232422 0.4165811836719513
Pedestrian 0.0 0 -1.7096688747406006 814.3081665039062 149.2002410888672 837.0403442382812 199.86399841308594 1.045551 1.7618985 0.6304765 7.9436455 0.6396975 25.545341 -1.4081852436065674 0.3839877247810364
Pedestrian 0.0 0 -1.5086640119552612 459.3062438964844 169.7126922607422 474.38653564453125 207.8470458984375 0.65873975 1.8626897 0.6931994 -6.6475306 1.2878271 35.454258 -1.6940081119537354 0.35999104380607605
Pedestrian 0.0 0 -2.108959197998047 665.1544189453125 176.59532165527344 694.7833862304688 227.95895385742188 0.81692725 1.6973995 0.6690359 2.6218963 1.5364025 24.246796 -2.001244068145752 0.35583722591400146
Pedestrian 0.0 0 -2.4171242713928223 1099.4876708984375 137.9923095703125 1165.26123046875 243.8513641357422 0.69367 1.6615295 0.51119816 8.568099 0.97994465 11.665135 -1.783613920211792 0.31490588188171387
Pedestrian 0.0 0 1.7366174459457397 708.5263671875 185.71580505371094 743.4995727539062 259.80047607421875 0.8271643 1.6692971 0.6779777 2.875406 1.771715 16.74232 1.9067028760910034 0.3025585114955902
Pedestrian 0.0 0 -2.510531187057495 512.3291015625 161.47132873535156 544.2884521484375 192.6619110107422 1.7093824 1.7331551 0.7099149 -4.141878 0.62104094 40.650906 -2.612069845199585 0.11956489831209183
Pedestrian 0.0 0 -1.5555059909820557 1194.4052734375 109.10027313232422 1234.5318603515625 224.21409606933594 1.6229366 1.7149898 0.46089646 9.749772 0.6376713 11.461245 -0.850621223449707 0.11131931841373444
Pedestrian 0.0 0 0.9797930121421814 1062.522216796875 149.28431701660156 1208.5767822265625 306.7129211425781 1.6732473 1.7273096 0.5775115 6.357023 1.3751942 8.726112 1.6093952655792236 0.10839157551527023
Cyclist 0.0 0 -2.1653966903686523 1099.30615234375 140.72438049316406 1238.0 297.73748779296875 1.8245788 1.7230134 0.5717638 6.927429 1.27691 8.810597 -1.4990893602371216 0.40151864290237427
Cyclist 0.0 0 -2.6832759380340576 512.4354248046875 160.10171508789062 546.153076171875 190.5844268798828 1.7726194 1.7059337 0.7191031 -4.1019874 0.5092079 40.845734 -2.7833666801452637 0.3955180048942566
Cyclist 0.0 0 -3.2433464527130127 668.9737548828125 175.84388732910156 723.4324340820312 228.10513305664062 1.7703317 1.7430879 0.62238896 3.1680129 1.5555207 24.29206 -3.1136648654937744 0.36904433369636536
Cyclist 0.0 0 -1.5555059909820557 1194.4052734375 109.10027313232422 1234.5318603515625 224.21409606933594 1.6229366 1.7149898 0.46089646 9.749772 0.6376713 11.461245 -0.850621223449707 0.32669100165367126
Cyclist 0.0 0 -1.7367233037948608 815.3087768554688 148.2747802734375 837.2100830078125 198.8644256591797 0.9664323 1.7640772 0.59007585 7.9716363 0.60656744 25.564796 -1.4344573020935059 0.19158828258514404
Cyclist 0.0 0 -3.2468676567077637 924.107666015625 182.6654510498047 988.91650390625 280.4785461425781 0.93913424 1.6430539 0.7738407 6.1647973 1.6656194 12.600659 -2.7918617725372314 0.16316883265972137
Cyclist 0.0 0 -0.6639543771743774 832.5687866210938 155.67332458496094 956.6847534179688 345.9066162109375 0.80054295 1.6967475 0.7616666 2.738612 1.4677725 6.8825083 -0.2852518856525421 0.12022968381643295
Car 0.0 0 2.2272119522094727 0.0 193.05259704589844 398.6856689453125 374.0 3.6883414 1.392094 1.5046529 -2.7177367 1.4946463 4.377538 1.6716119050979614 0.8332370519638062
Car 0.0 0 -1.7773751020431519 596.6383666992188 181.7745819091797 628.7855834960938 203.67898559570312 3.5665214 1.5054532 1.592691 0.78478956 1.5263813 51.31507 -1.7620826959609985 0.5148789882659912
Car 0.0 0 1.551198124885559 711.08203125 180.06683349609375 775.5413818359375 240.63421630859375 3.8015614 1.5110184 1.589625 3.8507042 1.4764494 19.926655 1.742089033126831 0.4514171779155731
Car 0.0 0 1.6845060586929321 565.2172241210938 179.05917358398438 598.2037353515625 204.884033203125 3.9877234 1.5202873 1.5947899 -1.1688102 1.377369 44.34101 1.6581525802612305 0.3694402575492859
Car 0.0 0 -3.2360517978668213 688.3628540039062 166.7101287841797 805.7269897460938 217.1253662109375 3.5809827 1.5637157 1.5983803 4.6085443 1.1060936 23.253761 -3.0404021739959717 0.3016004264354706
