Pedestrian 0.0 0 -3.178328514099121 820.0374145507812 145.3408966064453 941.758544921875 317.7804870605469 1.1788856 1.7454934 0.58986497 2.893768 1.391294 7.6202765 -2.815403699874878 0.7410704493522644
Pedestrian 0.0 0 1.0550763607025146 834.641845703125 169.142822265625 875.2763061523438 237.91693115234375 0.80910534 1.6912317 0.65072286 6.2608457 1.4135433 17.83796 1.3926279544830322 0.40701088309288025
Pedestrian 0.0 0 1.952674150466919 55.76661682128906 188.31373596191406 96.0362777709961 254.74305725097656 0.56975615 1.8684976 0.7722919 -15.252194 2.0991082 20.345762 1.3093972206115723 0.3342379331588745
Pedestrian 0.0 0 -2.4602091312408447 1114.033935546875 202.70726013183594 1224.0 370.0 0.6101027 1.5372934 0.61647654 4.340219 1.7187648 5.356254 -1.7792140245437622 0.24124905467033386
Pedestrian 0.0 0 1.4669512510299683 820.337158203125 169.46035766601562 858.8975830078125 259.03497314453125 0.74528533 1.7338096 0.65377986 4.6311297 1.521758 14.114062 1.7840039730072021 0.22926554083824158
Pedestrian 0.0 0 -2.1556944847106934 1003.9021606445312 165.94496154785156 1067.00390625 269.63482666015625 0.7200052 1.6909165 0.6094213 7.1857924 1.4552135 11.897537 -1.612358570098877 0.1705693006515503
Pedestrian 0.0 0 -3.672003746032715 1014.8562622070312 193.69215393066406 1175.1649169921875 370.0 0.75729156 1.5989051 0.67888695 3.6233437 1.7074805 5.359798 -3.07755184173584 0.16322782635688782
Pedestrian 0.0 0 -1.064182996749878 1116.59033203125 215.7160186767578 1224.0 370.0 1.0548892 1.5380279 0.61450356 5.360298 1.8901289 6.549952 -0.3783395290374756 0.14909780025482178
Pedestrian 0.0 0 -2.5047149658203125 1132.925048828125 154.66587829589844 1224.0 258.79058837890625 1.6994617 1.6642846 0.4751127 10.061357 1.2530178 12.178128 -1.8142116069793701 0.13710945844650269
Cyclist 0.0 0 -2.6079769134521484 1123.996826171875 157.75352478027344 1224.0 262.0464172363281 1.7116705 1.6830692 0.4598282 10.022528 1.3176423 12.2878685 -1.923769474029541 0.4833453893661499
Cyclist 0.0 0 1.4111690521240234 868.4410400390625 187.38851928710938 937.406005859375 306.2239685058594 1.7556417 1.5804815 0.65352255 4.30706 1.6929097 10.435656 1.802597165107727 0.44159531593322754
Cyclist 0.0 0 1.1014044284820557 926.22216796875 159.36984252929688 1022.0576171875 271.6578674316406 1.8867507 1.680361 0.5817516 5.9077654 1.365815 11.520486 1.575243592262268 0.22095949947834015
Cyclist 0.0 0 -1.0684490203857422 1110.88818359375 219.5626220703125 1224.0 370.0 1.1481107 1.5536916 0.64264995 5.3823347 1.9483525 6.5949206 -0.38394784927368164 0.16391025483608246
Cyclist 0.0 0 0.4857965409755707 284.1689453125 200.07276916503906 353.4670104980469 269.0855407714844 1.5002837 1.730488 0.74563766 -7.480819 2.2545433 18.42295 0.10007715225219727 0.1458205133676529
Cyclist 0.0 0 1.1186473369598389 887.1921997070312 166.53823852539062 979.8577270507812 279.3163757324219 1.8643004 1.7107925 0.62202173 5.3142276 1.5006589 11.660124 1.5462815761566162 0.14482907950878143
Car 0.0 0 2.3172550201416016 0.0 197.56629943847656 153.6070098876953 251.24107360839844 4.2770624 1.5049425 1.726566 -17.388374 2.1261623 23.449558 1.679201602935791 0.21211978793144226
Car 0.0 0 -0.006874443963170052 504.209228515625 162.48472595214844 667.959228515625 227.7109375 4.0784936 1.6183244 1.6273104 -0.52939355 1.1729442 18.423313 -0.03560151904821396 0.20831796526908875
Car 0.0 0 1.6109105348587036 592.8223876953125 178.57284545898438 634.9794311523438 217.14312744140625 4.145233 1.5594519 1.6654809 0.4262807 1.4830267 30.696587 1.6247965097427368 0.16622205078601837
Car 0.0 0 -1.0833370685577393 1038.5726318359375 195.90673828125 1195.9615478515625 260.5477294921875 4.0997424 1.492837 1.6563971 13.574673 1.9391186 18.756342 -0.45685675740242004 0.16271083056926727
Car 0.0 0 -1.5719399452209473 1157.2958984375 208.35748291015625 1224.0 370.0 3.7882996 1.4823511 1.6340898 6.8552675 1.8452148 7.225094 -0.8128010630607605 0.15121354162693024
