Pedestrian 0.0 0 1.8240516185760498 1055.3492431640625 164.8040313720703 1107.6114501953125 257.8526306152344 0.8003556 1.7267075 0.6653458 9.035731 1.5776818 13.902456 2.4003829956054688 0.44412174820899963
Pedestrian 0.0 0 0.9658575057983398 869.0867919921875 168.07479858398438 933.2817993164062 265.1865234375 0.9614606 1.75708 0.6969553 5.420144 1.6709658 13.598827 1.3451342582702637 0.33576154708862305
Pedestrian 0.0 0 -2.6760408878326416 699.2413330078125 147.62371826171875 721.6767578125 190.52745056152344 0.8024015 1.9252396 0.6589579 4.5383167 0.79342765 32.874016 -2.538856267929077 0.3053293228149414
Pedestrian 0.0 0 2.6862564086914062 840.933349609375 151.6158905029297 899.4691162109375 229.50865173339844 1.108498 1.7727952 0.6515606 6.000989 1.289786 16.804909 3.0292398929595947 0.22946663200855255
Pedestrian 0.0 0 1.7345548868179321 595.1495361328125 182.330078125 608.9609375 213.16864013671875 0.874403 1.6537002 0.6222581 -0.46661323 2.178664 39.46312 1.722731351852417 0.2077583223581314
Pedestrian 0.0 0 -0.9120558500289917 26.204965591430664 196.54885864257812 123.59586334228516 299.7348327636719 1.6327571 1.6975983 0.5289541 -9.689737 2.154139 13.066908 -1.5501255989074707 0.11568088829517365
Cyclist 0.0 0 -0.005952909588813782 542.4443359375 178.38864135742188 562.3868408203125 200.6674041748047 1.4789928 1.6496893 0.6221802 -4.3368177 2.0670278 53.98454 -0.08611519634723663 0.21263842284679413
Cyclist 0.0 0 -0.9120558500289917 26.204965591430664 196.54885864257812 123.59586334228516 299.7348327636719 1.6327571 1.6975983 0.5289541 -9.689737 2.154139 13.066908 -1.5501255989074707 0.2095412015914917
Cyclist 0.0 0 1.7304229736328125 596.019287109375 182.99644470214844 609.4879760742188 213.69796752929688 0.93124807 1.64875 0.59969205 -0.42935738 2.2126677 39.58421 1.7195767164230347 0.11647471785545349
Cyclist 0.0 0 2.7040936946868896 839.69873046875 152.60841369628906 905.2153930664062 231.1728973388672 1.2659123 1.7891059 0.6815374 6.058999 1.3284224 16.825827 3.049738883972168 0.114748015999794
Cyclist 0.0 0 -2.6760408878326416 699.2413330078125 147.62371826171875 721.6767578125 190.52745056152344 0.8024015 1.9252396 0.6589579 4.5383167 0.79342765 32.874016 -2.538856267929077 0.10951050370931625
Car 0.0 0 1.7065529823303223 412.21099853515625 186.31661987304688 473.6122741699219 234.370361328125 3.7647533 1.4510375 1.5600016 -5.7101626 1.950834 24.819864 1.4804235696792603 0.9273905158042908
Car 0.0 0 1.297034740447998 635.2081909179688 171.0535430908203 713.1246337890625 221.60482788085938 3.9590678 1.5528187 1.5756927 2.015273 1.4978712 24.25427 1.3799337148666382 0.8289220333099365
Car 0.0 0 1.6596041917800903 447.5161437988281 185.89256286621094 488.36334228515625 221.2333526611328 3.6110168 1.4670036 1.5314392 -6.5252943 2.1014073 33.208595 1.4655818939208984 0.6646982431411743
Car 0.0 0 0.2210184782743454 283.5506896972656 173.7476348876953 406.4879455566406 219.13525390625 3.775337 1.5168834 1.5640668 -9.202515 1.5496813 25.17087 -0.1294872909784317 0.3224072754383087
Car 0.0 0 -1.469298005104065 541.6045532226562 177.29306030273438 566.7237548828125 197.47262573242188 3.720937 1.4868989 1.5721954 -4.3172455 1.8425484 55.868374 -1.5464200973510742 0.21176688373088837
