Car 0.0 0 -1.819525957107544 716.6795043945312 186.73814392089844 867.2103881835938 290.4896545410156 3.8379085 1.4534254 1.580294 2.9166486 1.7327055 12.557652 -1.5913115739822388 0.966905951499939
Car 0.0 0 1.9453638792037964 158.92031860351562 180.0779571533203 382.0180358886719 317.6895446777344 3.6315818 1.5162438 1.5212591 -4.4703526 1.6351639 9.99045 1.5246220827102661 0.9459876418113708
Car 0.0 0 -1.7767939567565918 685.4043579101562 178.3477783203125 781.9876708984375 245.91506958007812 4.140463 1.5180794 1.6107687 3.014302 1.6765301 18.65576 -1.6166034936904907 0.9095425605773926
Car 0.0 0 1.7924473285675049 345.5986022949219 175.4490509033203 463.8410949707031 261.8580017089844 3.9056568 1.5912187 1.5859673 -4.2676105 1.6541029 15.393022 1.5219968557357788 0.9077204465866089
Car 0.0 0 -2.218101978302002 889.3717651367188 199.13111877441406 1242.0 375.0 3.881907 1.4404662 1.5676805 2.9948082 1.6548052 3.9288425 -1.5667991638183594 0.8507145643234253
Car 0.0 0 1.4835972785949707 648.1786499023438 177.06072998046875 690.0061645507812 211.11077880859375 3.8711631 1.4709725 1.5970175 2.6559296 1.6785076 33.58995 1.5625022649765015 0.7840644121170044
Car 0.0 0 2.2202327251434326 0.0 199.41177368164062 196.49575805664062 375.0 3.4729545 1.4636545 1.5283691 -4.5007305 1.7109648 4.9067693 1.4779690504074097 0.7507236003875732
Car 0.0 0 -1.6536717414855957 512.3773193359375 176.36013793945312 538.9215087890625 198.76478576660156 3.5226586 1.4873016 1.5483168 -5.9460955 1.7415411 50.364193 -1.7711896896362305 0.5128669142723083
Car 0.0 0 -1.6642440557479858 627.423095703125 174.90237426757812 656.1310424804688 198.02284240722656 3.7592568 1.4659725 1.5569351 2.047139 1.6080561 48.00336 -1.6216241121292114 0.40610620379447937
Car 0.0 0 -1.739896297454834 582.6810913085938 176.21131896972656 605.9855346679688 193.01986694335938 3.7262123 1.4902068 1.5454468 -1.4952674 1.8102782 66.732574 -1.7622994184494019 0.39742618799209595
