Pedestrian 0.0 0 -0.7385337948799133 715.0988159179688 139.6088104248047 748.6115112304688 203.39930725097656 0.70378196 1.8147633 0.65490794 3.4963489 0.8693354 20.990128 -0.573478102684021 0.49955835938453674
Pedestrian 0.0 0 2.456191062927246 942.8768310546875 88.77632141113281 1080.3291015625 293.0107421875 0.882338 1.7528319 0.65593755 3.5929198 1.0315974 6.593897 2.955099105834961 0.42775577306747437
Car 0.0 0 -1.7245018482208252 667.9502563476562 181.58145141601562 727.529296875 226.4703369140625 3.600438 1.4315015 1.5439886 2.98935 1.7629874 25.545399 -1.6080105304718018 0.9478081464767456
Car 0.0 0 2.0408360958099365 286.017333984375 190.71778869628906 437.1944885253906 267.4669189453125 4.1190934 1.4432591 1.5999143 -5.6063185 1.911044 16.722837 1.7173621654510498 0.9180079698562622
Car 0.0 0 1.1908828020095825 748.1557006835938 183.86941528320312 939.0799560546875 297.0174560546875 3.6385994 1.4064617 1.5159172 3.3473926 1.6067328 11.212144 1.4810093641281128 0.9164648652076721
Car 0.0 0 2.2488253116607666 0.0 208.75140380859375 235.88821411132812 375.0 3.784188 1.5242116 1.5816878 -5.7856665 1.9960992 7.5637 1.5958402156829834 0.9079878330230713
Car 0.0 0 -1.841322898864746 700.6296997070312 184.2636260986328 814.8046875 257.4549865722656 3.9955995 1.4485171 1.5799012 3.2731566 1.7497872 16.972185 -1.6508077383041382 0.8982794880867004
Car 0.0 0 1.756439447402954 452.7110290527344 181.06024169921875 503.8891296386719 220.16104125976562 3.7311857 1.5751473 1.5510354 -5.7645345 1.9575543 31.718966 1.5766637325286865 0.8840422630310059
Car 0.0 0 -1.7611167430877686 661.19970703125 179.25665283203125 711.3627319335938 216.75868225097656 3.2978172 1.4846076 1.5261357 3.1664665 1.7739514 30.854437 -1.658848762512207 0.7796235680580139
Car 0.0 0 -2.673426389694214 0.0 0.0 1242.0 375.0 4.020259 1.5131693 1.6211098 3.0781376 1.6794528 1.6591923 -1.5970079898834229 0.4820854067802429
Car 0.0 0 3.7216243743896484 0.0 189.517578125 143.09811401367188 243.56431579589844 3.6074173 1.4216018 1.5598916 -15.607679 1.9151187 20.443449 3.0695667266845703 0.41733476519584656
Car 0.0 0 1.7580175399780273 479.4541931152344 183.9927978515625 523.1312255859375 215.45176696777344 3.769282 1.475395 1.5471619 -5.5716066 2.0781202 37.10401 1.6089693307876587 0.3973187506198883
