Pedestrian 0.0 0 -2.798435688018799 601.8455810546875 168.74818420410156 625.59375 208.52688598632812 0.82158595 1.6267292 0.6314161 0.11539075 1.4591823 29.940763 -2.794581651687622 0.5457238554954529
Pedestrian 0.0 0 -0.060586124658584595 851.7821655273438 163.82545471191406 872.2860107421875 205.59085083007812 0.7849422 1.7485502 0.5993811 10.642777 1.370919 30.599897 0.27413129806518555 0.4261963665485382
Pedestrian 0.0 0 2.4509589672088623 347.5724792480469 152.60157775878906 445.1305236816406 302.33135986328125 0.9565511 1.7571973 0.68650174 -2.7218375 1.5198768 9.053422 2.1589133739471436 0.3511209785938263
Pedestrian 0.0 0 0.012535929679870605 286.15435791015625 142.0320281982422 389.531005859375 323.8002624511719 0.8986344 1.6491638 0.503958 -2.6598294 1.3698773 6.9356885 -0.35366499423980713 0.30101585388183594
Pedestrian 0.0 0 0.6012184619903564 316.77508544921875 164.45962524414062 337.077880859375 204.06268310546875 0.6776628 1.8862858 0.6217469 -13.666866 1.4868217 34.742966 0.2264399528503418 0.2608412206172943
Pedestrian 0.0 0 -0.9393735527992249 191.46014404296875 154.90621948242188 216.248046875 199.38853454589844 0.63591594 1.886882 0.6838009 -17.464743 1.1259184 30.959888 -1.4529842138290405 0.24886345863342285
Pedestrian 0.0 0 -3.55704927444458 962.5859985351562 165.91873168945312 983.928466796875 201.057861328125 0.7777813 1.7974851 0.6746001 18.718872 1.4430805 37.262676 -3.091524124145508 0.246405228972435
Pedestrian 0.0 0 2.703481674194336 52.937843322753906 160.4392547607422 82.2030029296875 215.923095703125 0.5493746 1.7504091 0.59541994 -17.44344 1.3591055 23.142433 2.057589530944824 0.23396600782871246
Cyclist 0.0 0 -0.6094733476638794 18.95891571044922 163.71841430664062 66.2785415649414 202.6516876220703 1.7261015 1.7141259 0.4705838 -25.698454 1.3122687 32.65878 -1.2761613130569458 0.26235270500183105
Car 0.0 0 0.6734511256217957 141.4584503173828 179.8455352783203 338.7557373046875 255.6671142578125 3.5446756 1.4780889 1.5628643 -7.8834796 1.638405 15.387237 0.1999812126159668 0.8478272557258606
Car 0.0 0 -0.42278772592544556 1111.0887451171875 167.72413635253906 1242.0 278.2591552734375 3.6946967 1.534739 1.6221981 10.274855 1.4638703 11.35559 0.31268835067749023 0.764045774936676
Car 0.0 0 -0.7620964050292969 371.4034729003906 174.98468017578125 418.16864013671875 193.7169189453125 3.6501145 1.4948297 1.5749289 -17.88176 1.6782085 60.000534 -1.0517418384552002 0.3873628079891205
Car 0.0 0 1.2069658041000366 1118.580322265625 184.0596466064453 1242.0 274.0438537597656 4.017802 1.4630889 1.5824676 11.755992 1.7209438 14.421776 1.8908798694610596 0.2640632390975952
Car 0.0 0 -1.1937227249145508 216.40145874023438 168.26449584960938 262.5687561035156 191.16275024414062 3.815789 1.5630774 1.6258802 -26.272814 1.2501459 51.228306 -1.6676032543182373 0.24493739008903503
