Pedestrian 0.0 0 -1.7117319107055664 1184.96240234375 112.12799072265625 1236.391845703125 211.73057556152344 0.7928924 1.8394437 0.6503782 11.446589 0.7183236 13.830473 -1.0203657150268555 0.30445194244384766
Pedestrian 0.0 0 0.1934807002544403 813.2539672851562 141.2864532470703 869.129638671875 244.4984588623047 0.9018464 1.8832011 0.646386 4.329589 1.307579 13.662296 0.5003695487976074 0.2813485264778137
Pedestrian 0.0 0 -0.8817206621170044 941.51708984375 146.03700256347656 965.3287963867188 186.0139617919922 0.7928977 1.8657372 0.6650639 16.209875 0.6145375 34.141018 -0.43844226002693176 0.19275438785552979
Pedestrian 0.0 0 -3.4093947410583496 1050.1710205078125 164.05807495117188 1124.0908203125 249.92176818847656 1.119798 1.6839812 0.636343 9.596527 1.5118309 14.623332 -2.8286399841308594 0.18932996690273285
Car 0.0 0 1.8859729766845703 329.3674621582031 190.2569580078125 407.28656005859375 237.17462158203125 3.7466364 1.4910111 1.5964526 -8.718376 2.168627 26.198654 1.564720869064331 0.8921439051628113
Car 0.0 0 -1.5042825937271118 597.9628295898438 177.06504821777344 627.8885498046875 202.8432159423828 3.9221134 1.5112981 1.6098166 0.18935955 1.7858725 44.969627 -1.5000717639923096 0.6895495653152466
Car 0.0 0 1.8711730241775513 418.4403076171875 183.17686462402344 449.95062255859375 201.82623291015625 3.8730247 1.5393279 1.6327072 -15.50892 2.4798927 63.731865 1.6324663162231445 0.5163077712059021
Car 0.0 0 1.704896092414856 465.0772705078125 180.1346435546875 509.84906005859375 216.51580810546875 3.6065497 1.5082211 1.5184392 -5.497852 1.8546736 32.46872 1.5371594429016113 0.3185085952281952
Car 0.0 0 1.722455382347107 488.3371887207031 177.01873779296875 521.5445556640625 202.6172637939453 3.5493002 1.5097417 1.5284022 -6.531387 1.7796183 44.91124 1.5780390501022339 0.2962942123413086
Car 0.0 0 1.6609903573989868 484.8174133300781 178.10589599609375 521.3502197265625 209.53050231933594 3.687785 1.5232334 1.5531491 -5.5444016 1.8101907 37.487026 1.514153003692627 0.2044515162706375
Car 0.0 0 1.6885535717010498 437.91656494140625 182.9305877685547 492.2188720703125 225.633056640625 3.8823562 1.4496098 1.5773839 -5.4785204 1.8609959 27.431463 1.4914305210113525 0.19564570486545563
