Car 0.0 0 -1.915488362312317 449.376220703125 194.11524963378906 578.0008544921875 278.2118225097656 3.7209861 1.4677105 1.562134 -2.2489476 1.9875073 15.615729 -2.058522939682007 0.9498596787452698
Car 0.0 0 -1.7246642112731934 346.1347351074219 186.83473205566406 404.0819091796875 228.33314514160156 3.9707417 1.4722883 1.6259167 -9.596715 2.0794218 29.174637 -2.0424559116363525 0.9289182424545288
Car 0.0 0 -2.223691463470459 589.18408203125 146.0147705078125 940.4899291992188 325.47711181640625 4.5402393 1.5990187 1.6588582 1.4462826 1.3602377 8.819424 -2.061149835586548 0.9110556840896606
Car 0.0 0 1.783350944519043 0.0 205.9947967529297 58.178977966308594 375.0 3.5898533 1.4620668 1.5393453 -7.7296333 1.9380867 8.415641 1.040416955947876 0.8943882584571838
Car 0.0 0 1.6599180698394775 0.0 205.8019561767578 91.29682922363281 314.67303466796875 3.5614812 1.4439985 1.5223726 -10.142777 2.1078672 12.623694 0.9830639362335205 0.8462117314338684
Car 0.0 0 1.3015199899673462 1002.6795654296875 163.92530822753906 1161.45361328125 247.463134765625 4.060139 1.4245278 1.5921248 9.182045 1.2726291 14.475258 1.8667981624603271 0.8284992575645447
Car 0.0 0 1.5064924955368042 896.5146484375 162.798095703125 981.7540893554688 234.24563598632812 3.5602243 1.4284183 1.5015959 7.2968016 1.2277329 16.352749 1.926192283630371 0.7867536544799805
Car 0.0 0 -1.7205482721328735 329.4578552246094 183.50555419921875 379.6085205078125 218.53395080566406 4.2715077 1.4955264 1.6270075 -12.288499 2.0379195 34.448166 -2.0632009506225586 0.7778341174125671
Car 0.0 0 1.8174810409545898 146.6792755126953 189.92848205566406 199.61314392089844 220.6842041015625 3.7970636 1.4985454 1.5987284 -23.864344 2.481681 39.47838 1.2737655639648438 0.6784876585006714
Car 0.0 0 -0.04485887289047241 513.6836547851562 176.4765625 595.5970458984375 208.8975830078125 3.8448653 1.5033531 1.6317177 -2.7291079 1.6833655 34.73456 -0.12326818704605103 0.5887401103973389
