Car 0.0 0 -1.975204348564148 838.30419921875 197.5238037109375 1154.610107421875 375.0 3.6178973 1.4863682 1.5793703 3.7010665 1.8151325 7.7630053 -1.5303235054016113 0.9644548296928406
Car 0.0 0 -1.7594672441482544 713.2642211914062 185.70631408691406 808.0139770507812 253.9063262939453 3.924721 1.4492874 1.5753633 3.5889282 1.806102 18.040575 -1.5630944967269897 0.9273943305015564
Car 0.0 0 1.9213032722473145 240.08578491210938 189.2958221435547 415.8198547363281 296.1689758300781 3.9366956 1.485628 1.5662276 -4.742073 1.8184218 12.61052 1.5616202354431152 0.9108859300613403
Car 0.0 0 -1.8591735363006592 742.156005859375 187.1514892578125 908.0645751953125 290.45379638671875 4.265821 1.4546005 1.6184893 3.5514824 1.7532107 12.900407 -1.5905284881591797 0.910295307636261
Car 0.0 0 1.852632999420166 363.0086975097656 188.65142822265625 473.3511047363281 256.3829650878906 3.9758925 1.4028273 1.585384 -4.654683 1.8388537 17.88732 1.5980565547943115 0.9063809514045715
Car 0.0 0 2.1341142654418945 0.0 191.35752868652344 293.06829833984375 375.0 3.8417318 1.5085225 1.5513215 -4.7294645 1.7396246 7.0536947 1.543466329574585 0.8901368379592896
Car 0.0 0 1.7730296850204468 496.233154296875 181.73104858398438 542.8165283203125 213.8463592529297 3.4663079 1.3882538 1.5110368 -4.2441025 1.8284565 33.961704 1.6487069129943848 0.8818955421447754
Car 0.0 0 -1.72682785987854 687.5505981445312 180.50242614746094 741.3345947265625 219.54344177246094 3.798615 1.4206599 1.5460894 4.073148 1.7477995 28.913675 -1.5868761539459229 0.8752322793006897
Car 0.0 0 -1.7131569385528564 704.2116088867188 182.19085693359375 769.6397705078125 233.07347106933594 3.6209352 1.4750496 1.5736841 3.9911478 1.8021481 23.416594 -1.5443382263183594 0.8697182536125183
Car 0.0 0 1.7272642850875854 516.0673828125 177.16998291015625 555.7046508789062 206.618408203125 3.7605586 1.473202 1.5420002 -3.9484892 1.7158024 38.57537 1.6252617835998535 0.7138826251029968
