Pedestrian 0.0 0 1.631424903869629 625.4646606445312 165.2683868408203 640.0607299804688 200.9062957763672 0.6698569 1.8555865 0.7286952 1.163132 1.4609787 37.932873 1.6620781421661377 0.22543655335903168
Pedestrian 0.0 0 -1.1532032489776611 1169.8460693359375 147.50045776367188 1242.0 310.6003723144531 0.9874434 1.7706413 0.5658947 6.9854856 1.4957567 8.301096 -0.4536566734313965 0.17305368185043335
Pedestrian 0.0 0 1.0909199714660645 1067.5133056640625 174.10768127441406 1181.5675048828125 308.5884094238281 1.7375127 1.75499 0.5824734 7.243573 1.7748631 10.329654 1.7024781703948975 0.12872061133384705
Cyclist 0.0 0 -0.8591303825378418 159.93690490722656 187.7465362548828 187.84664916992188 216.2877960205078 1.7247269 1.695877 0.46766955 -27.028177 2.6369917 44.687263 -1.4030934572219849 0.28076791763305664
Cyclist 0.0 0 -0.9807113409042358 100.93494415283203 189.74725341796875 130.49853515625 221.44015502929688 1.6773735 1.6118128 0.44175887 -26.347383 2.5316892 38.43031 -1.5816996097564697 0.26661768555641174
Cyclist 0.0 0 -1.0675947666168213 40.48591613769531 183.55259704589844 75.18287658691406 222.00970458984375 1.6793606 1.7197193 0.5426699 -25.747261 2.2315056 33.618256 -1.7211765050888062 0.2606218159198761
Cyclist 0.0 0 -1.8556240797042847 1159.010009765625 133.4630584716797 1242.0 297.9252624511719 1.7217454 1.7799008 0.62071747 7.2220435 1.3539484 8.719545 -1.163887858390808 0.24919205904006958
Cyclist 0.0 0 -1.942284345626831 936.0392456054688 165.13772583007812 997.0719604492188 251.280517578125 1.7849125 1.7311034 0.55068517 7.5270004 1.576397 15.409279 -1.4879015684127808 0.21322838962078094
Cyclist 0.0 0 1.1031838655471802 1052.1005859375 173.51026916503906 1157.6591796875 302.3318786621094 1.7327682 1.7515366 0.56134325 7.229897 1.7624536 10.711639 1.6969040632247925 0.19462800025939941
Car 0.0 0 1.9179801940917969 251.03465270996094 192.28890991210938 319.96136474609375 231.0545654296875 3.7786806 1.4763792 1.5368263 -14.054814 2.3738995 31.364126 1.4966927766799927 0.8941471576690674
Car 0.0 0 1.7430379390716553 405.7145690917969 182.78640747070312 437.0370178222656 204.86888122558594 3.8516784 1.5389069 1.6358589 -14.115523 2.3107593 54.05522 1.4876103401184082 0.7057812809944153
Car 0.0 0 2.2669289112091064 0.0 204.6862335205078 50.86729431152344 273.18389892578125 3.7409434 1.4203962 1.6266953 -16.697271 2.3260942 18.62082 1.5359405279159546 0.3656308054924011
