Pedestrian 0.0 0 2.629939317703247 840.7521362304688 128.14752197265625 921.6759643554688 254.9308319091797 0.90298474 1.8089281 0.684671 3.9550726 1.1714196 10.701025 2.9839651584625244 0.3712136149406433
Pedestrian 0.0 0 -2.503291368484497 499.44317626953125 160.67250061035156 514.4967041015625 191.50689697265625 0.6567515 1.9456092 0.7096887 -6.5980654 1.1773307 45.993656 -2.645775318145752 0.28231528401374817
Pedestrian 0.0 0 -1.3933525085449219 738.3751831054688 168.68655395507812 752.6817626953125 199.82168579101562 1.7250439 1.6498998 0.46726662 7.320133 1.4294186 39.121998 -1.208380937576294 0.193599671125412
Pedestrian 0.0 0 -1.4035744667053223 507.5613098144531 162.31382751464844 524.5632934570312 202.29750061035156 1.7954849 1.7838233 0.48380727 -4.338046 1.3139439 33.093834 -1.533914566040039 0.12471410632133484
Cyclist 0.0 0 -1.4035744667053223 507.5613098144531 162.31382751464844 524.5632934570312 202.29750061035156 1.7954849 1.7838233 0.48380727 -4.338046 1.3139439 33.093834 -1.533914566040039 0.5385853052139282
Cyclist 0.0 0 -1.3933525085449219 738.3751831054688 168.68655395507812 752.6817626953125 199.82168579101562 1.7250439 1.6498998 0.46726662 7.320133 1.4294186 39.121998 -1.208380937576294 0.5037844777107239
Cyclist 0.0 0 -1.272763967514038 742.0975341796875 166.29214477539062 759.8370361328125 195.40773010253906 1.8650701 1.657206 0.48929206 8.181335 1.2840753 42.003735 -1.0803961753845215 0.34148287773132324
Car 0.0 0 -1.7131125926971436 759.9110107421875 181.03073120117188 874.624755859375 270.5650634765625 3.7344084 1.4632231 1.591859 3.8438375 1.6454736 14.096697 -1.446907877922058 0.9464820623397827
Car 0.0 0 1.9921066761016846 260.0599670410156 191.26907348632812 463.45074462890625 302.7721252441406 4.2543983 1.4538115 1.640602 -4.011339 1.8252671 12.3349905 1.6776938438415527 0.9216367602348328
Car 0.0 0 -1.6408560276031494 756.4483642578125 175.63938903808594 814.5841674804688 225.75994873046875 3.652299 1.5172513 1.607123 5.7125673 1.6176795 23.98719 -1.4070603847503662 0.7857723236083984
Car 0.0 0 1.6325995922088623 747.812744140625 173.1285400390625 792.467041015625 211.89903259277344 3.9425213 1.4988728 1.5749223 6.676825 1.5114634 30.03414 1.8513500690460205 0.6935980916023254
Car 0.0 0 2.2241055965423584 654.384765625 170.5337371826172 706.064208984375 191.7176055908203 4.0372205 1.4756205 1.6046278 5.093987 1.3143529 52.28147 2.321232795715332 0.6461950540542603
Car 0.0 0 1.4012080430984497 803.4254760742188 172.53652954101562 833.5388793945312 193.21348571777344 3.8310409 1.526255 1.5851749 15.896666 1.5031769 55.248314 1.6813714504241943 0.27608028054237366
