Car 0.0 0 -1.9140925407409668 723.3379516601562 196.26431274414062 941.6651000976562 341.4374694824219 3.5345795 1.4506121 1.6011839 2.6545274 1.8221585 9.6161785 -1.6447521448135376 0.9706434011459351
Car 0.0 0 -1.6611781120300293 668.5908813476562 183.7510528564453 737.557373046875 243.95704650878906 3.6752732 1.4990621 1.5930539 2.5082238 1.8371563 20.498386 -1.5394213199615479 0.9588545560836792
Car 0.0 0 -2.6692299842834473 115.5075912475586 167.97142028808594 386.3333435058594 254.38893127441406 4.0890503 1.4592664 1.6288607 -6.3907213 1.3771757 13.029047 -3.125247001647949 0.9439248442649841
Car 0.0 0 -1.7027037143707275 653.5912475585938 186.17005920410156 709.9207763671875 231.16871643066406 3.7518349 1.4673812 1.5660682 2.5256157 1.993026 26.556528 -1.607885479927063 0.9118908643722534
Car 0.0 0 3.401860237121582 307.99542236328125 179.3735809326172 461.00567626953125 233.54788208007812 3.9055243 1.4711444 1.6061014 -6.4192204 1.6663984 20.685106 3.1009531021118164 0.8907163739204407
Car 0.0 0 -1.6961499452590942 639.96533203125 183.18064880371094 681.1217041015625 216.83349609375 3.4952753 1.5348996 1.602677 2.4213157 2.0732515 35.79665 -1.6286119222640991 0.8225910067558289
Car 0.0 0 0.6559974551200867 0.0 194.64393615722656 263.44915771484375 343.02349853515625 4.009353 1.4731736 1.6376803 -6.4092374 1.7473402 8.234321 -0.0054062241688370705 0.72788006067276
Car 0.0 0 3.3736202716827393 267.94647216796875 194.6879119873047 438.20947265625 257.5314636230469 3.7096808 1.4119672 1.5707952 -6.296588 1.982693 17.86738 3.0348029136657715 0.7229887247085571
Car 0.0 0 0.16700293123722076 484.3068542480469 180.81675720214844 547.9102172851562 204.9705047607422 3.8772655 1.5185964 1.638064 -6.094006 2.045749 46.840946 0.03762960433959961 0.6320983171463013
Car 0.0 0 3.3089871406555176 444.755126953125 175.2816162109375 520.5470581054688 203.96133422851562 3.8397095 1.5201522 1.6262339 -6.9131613 1.6552185 39.208702 3.1344637870788574 0.6183364987373352
Car 0.0 0 3.2894041538238525 418.9775085449219 182.0558624267578 511.49285888671875 214.87037658691406 4.0956726 1.4874562 1.6470143 -6.8312144 1.9351072 34.14637 3.091953992843628 0.5991391539573669
