Pedestrian 0.0 0 -0.9336148500442505 1129.859130859375 171.38479614257812 1182.0350341796875 258.37841796875 0.62407434 1.6408402 0.53974736 10.502886 1.6134863 13.954095 -0.28840452432632446 0.2371574193239212
Pedestrian 0.0 0 1.2921817302703857 605.1680297851562 164.1805419921875 625.8236083984375 200.99058532714844 1.6627886 1.7075351 0.54385626 0.21230718 1.3055513 34.341667 1.2983638048171997 0.14361317455768585
Cyclist 0.0 0 1.2921817302703857 605.1680297851562 164.1805419921875 625.8236083984375 200.99058532714844 1.6627886 1.7075351 0.54385626 0.21230718 1.3055513 34.341667 1.2983638048171997 0.390762597322464
Cyclist 0.0 0 -3.0989084243774414 1021.6497192382812 207.8888397216797 1136.599609375 307.702880859375 1.775534 1.6920733 0.64098465 8.731591 2.3879108 13.546465 -2.526362657546997 0.30182939767837524
Cyclist 0.0 0 -3.1167452335357666 1059.7557373046875 174.67745971679688 1131.1903076171875 231.574951171875 1.7794942 1.6639892 0.62906873 14.68603 1.7216934 21.918621 -2.526421070098877 0.23043037950992584
Car 0.0 0 -1.647039532661438 534.2106323242188 174.13494873046875 583.954345703125 225.75311279296875 4.817679 2.0570312 1.7769054 -2.333564 2.1175873 31.390795 -1.7212421894073486 0.8428583145141602
Car 0.0 0 -1.030775785446167 649.99609375 197.64524841308594 734.3953857421875 247.29603576660156 3.34686 1.5494952 1.5313352 2.9801776 2.5083764 26.100555 -0.9170874953269958 0.7206060290336609
Car 0.0 0 -1.1027687788009644 1109.7730712890625 205.0198211669922 1242.0 318.3211669921875 3.5448444 1.4360671 1.5898209 9.7959795 2.0055523 11.353557 -0.39088380336761475 0.4544132649898529
Car 0.0 0 -1.554601788520813 449.26397705078125 183.88784790039062 474.14923095703125 207.06320190429688 3.9308584 1.4898332 1.6395515 -10.363887 2.2935565 50.448547 -1.7572176456451416 0.4233318269252777
Car 0.0 0 -1.4834493398666382 444.99627685546875 168.23951721191406 471.9162902832031 190.0582275390625 4.0089335 1.6136675 1.6831381 -11.633908 1.2727469 55.451195 -1.6902542114257812 0.2569390535354614
