Pedestrian 0.0 0 1.61069917678833 769.1177368164062 170.38401794433594 804.5196533203125 257.88812255859375 0.8733078 1.7235217 0.66791797 3.7535934 1.5058253 14.660075 1.8613561391830444 0.6839188933372498
Pedestrian 0.0 0 1.5746766328811646 399.0482177734375 170.12060546875 443.3072509765625 275.23065185546875 1.0378106 1.7862175 0.73508763 -3.2505264 1.5941204 12.797143 1.3259329795837402 0.6518913507461548
Pedestrian 0.0 0 -0.18077537417411804 859.3148803710938 158.08795166015625 918.3818359375 266.673828125 0.8153718 1.7576704 0.62322164 4.7482524 1.3799936 12.009959 0.1957242488861084 0.6203354001045227
Pedestrian 0.0 0 2.9514076709747314 329.4627380371094 169.8997802734375 375.3662414550781 261.4928283691406 0.68940157 1.6072341 0.5710965 -4.558505 1.404954 13.022566 2.6146912574768066 0.6135740876197815
Pedestrian 0.0 0 0.6946969032287598 682.671142578125 177.8050537109375 736.4607543945312 266.03680419921875 0.80172366 1.6424745 0.6435243 2.0474656 1.5749538 13.882815 0.8411233425140381 0.5737400650978088
Pedestrian 0.0 0 2.0725746154785156 703.6820068359375 178.51673889160156 753.81005859375 276.3927917480469 0.71445197 1.6234692 0.5794217 2.1548965 1.5752729 12.37233 2.2450153827667236 0.5231828093528748
Pedestrian 0.0 0 1.2552374601364136 746.9674072265625 154.1145782470703 764.6942138671875 191.67803955078125 0.6836393 1.8489233 0.6826611 7.6687646 0.5018661 35.73023 1.4666595458984375 0.5047839879989624
Pedestrian 0.0 0 1.015030860900879 775.8704223632812 163.24072265625 817.1825561523438 234.38522338867188 0.87027705 1.7341498 0.63454294 4.8505 1.2902715 18.015017 1.2780413627624512 0.4892350435256958
Pedestrian 0.0 0 0.9976534247398376 672.7490234375 180.00070190429688 695.0726928710938 222.81060791015625 0.7113599 1.6881801 0.5975037 3.2834353 1.6300648 28.775732 1.1112663745880127 0.43927788734436035
Pedestrian 0.0 0 2.181701183319092 707.61962890625 166.729736328125 789.51904296875 291.3276062011719 1.0621768 1.6695427 0.65343577 2.0575385 1.4729552 10.225585 2.3802645206451416 0.40369850397109985
Pedestrian 0.0 0 1.2590299844741821 704.3450927734375 174.0274200439453 742.15869140625 254.92868041992188 0.64106226 1.6445887 0.6072499 2.4924757 1.493925 14.961414 1.424107551574707 0.33080342411994934
Pedestrian 0.0 0 -2.1451735496520996 224.76597595214844 146.7041015625 255.90780639648438 202.3479461669922 0.79407126 1.8406585 0.6035671 -12.199837 0.690721 24.22045 -2.61177659034729 0.33021652698516846
Pedestrian 0.0 0 1.41017746925354 1019.3596801757812 139.22801208496094 1083.370361328125 276.1797180175781 0.8150752 1.7640473 0.60883063 6.0368114 1.2208827 9.743295 1.964874267578125 0.31308192014694214
Pedestrian 0.0 0 -1.9927382469177246 633.5037231445312 172.15420532226562 687.3470458984375 239.53575134277344 1.8484762 1.7178102 0.74432856 1.526064 1.4807292 19.30603 -1.9138562679290771 0.25291708111763
Cyclist 0.0 0 -2.1901731491088867 631.64794921875 170.59927368164062 692.9002685546875 237.26193237304688 1.8982494 1.6943015 0.64740866 1.5699346 1.4184275 19.235556 -2.1087374687194824 0.529723584651947
Cyclist 0.0 0 -2.4158835411071777 659.7381591796875 183.4551239013672 697.4324951171875 218.6134033203125 1.797572 1.6108067 0.6352769 3.6172209 1.706327 33.88396 -2.30953311920166 0.3094755709171295
Cyclist 0.0 0 -2.997955560684204 665.0180053710938 166.39622497558594 702.121337890625 200.44503784179688 1.8118409 1.7214342 0.6990425 4.214282 0.9586931 36.883484 -2.8841896057128906 0.30203109979629517
Cyclist 0.0 0 -2.065891981124878 855.3692626953125 158.91259765625 920.0684204101562 268.6792907714844 1.0068034 1.7554191 0.5951435 4.72858 1.3954896 12.020677 -1.6911135911941528 0.11941556632518768
Cyclist 0.0 0 1.4196016788482666 390.4148254394531 172.9837646484375 447.04168701171875 278.6922912597656 1.012961 1.7943128 0.83224875 -3.3143606 1.6510392 12.819833 1.1666074991226196 0.11851400136947632
Car 0.0 0 1.728254795074463 554.0086669921875 179.53656005859375 600.89306640625 213.16978454589844 3.9898772 1.4779538 1.5886494 -1.0727825 1.3926276 33.642082 1.6963775157928467 0.889789342880249
Car 0.0 0 -2.5224742889404297 978.667236328125 220.55897521972656 1238.0 374.0 3.8950458 1.4899906 1.5951824 3.1150682 1.731821 2.4375496 -1.6156584024429321 0.31672337651252747
