Pedestrian 0.0 0 -2.320549964904785 30.268266677856445 145.42767333984375 153.98521423339844 305.7032775878906 0.99933195 1.7241497 0.62237084 -5.8966994 1.4294715 8.161391 -2.946225166320801 0.3322508931159973
Pedestrian 0.0 0 -2.1548972129821777 1108.796875 114.0965347290039 1242.0 339.71124267578125 1.7960936 1.7542552 0.55057585 5.283211 1.2977476 6.5278883 -1.4744936227798462 0.12862543761730194
Pedestrian 0.0 0 -0.17918901145458221 467.75384521484375 166.17581176757812 510.1603088378906 201.588134765625 1.9439771 1.6893541 0.6696358 -5.9205723 1.371127 35.063385 -0.3464645743370056 0.12300034612417221
Cyclist 0.0 0 -0.17918901145458221 467.75384521484375 166.17581176757812 510.1603088378906 201.588134765625 1.9439771 1.6893541 0.6696358 -5.9205723 1.371127 35.063385 -0.3464645743370056 0.6131004095077515
Cyclist 0.0 0 -2.1548972129821777 1108.796875 114.0965347290039 1242.0 339.71124267578125 1.7960936 1.7542552 0.55057585 5.283211 1.2977476 6.5278883 -1.4744936227798462 0.37539342045783997
Car 0.0 0 -2.0780270099639893 774.773681640625 205.5684814453125 1242.0 375.0 3.7160673 1.3997302 1.5689495 2.6109543 1.749446 5.7856846 -1.6541105508804321 0.9665395021438599
Car 0.0 0 -1.9047234058380127 722.12646484375 176.83131408691406 923.6939086914062 303.1914978027344 3.5899704 1.4492081 1.5762293 2.7259781 1.5161978 10.236949 -1.6444743871688843 0.9593486785888672
Car 0.0 0 -1.2602537870407104 211.404541015625 205.4280548095703 474.9342346191406 375.0 4.0339084 1.4369115 1.5785011 -2.7561667 1.9035951 8.301941 -1.580795407295227 0.9569913148880005
Car 0.0 0 -1.6700621843338013 648.85205078125 180.55325317382812 698.0145874023438 220.3082275390625 3.7737098 1.4414344 1.5728163 2.4254003 1.7693176 28.79275 -1.5860240459442139 0.9424558281898499
Car 0.0 0 1.730860948562622 456.7743225097656 181.47605895996094 546.4349975585938 246.22039794921875 4.275634 1.4714631 1.6754103 -2.788761 1.7260115 19.118883 1.5860182046890259 0.9374256730079651
Car 0.0 0 -1.6521309614181519 547.4291381835938 180.8072509765625 577.699951171875 205.87469482421875 4.1068864 1.4745336 1.5868329 -3.093049 2.0051072 45.951435 -1.7193408012390137 0.794736385345459
Car 0.0 0 1.7289800643920898 568.9695434570312 178.1263885498047 593.9352416992188 196.69517517089844 3.823245 1.5003579 1.5421939 -2.4211392 1.9640555 61.416798 1.6895790100097656 0.3305887281894684
