Pedestrian 0.0 0 1.7656879425048828 1077.499755859375 103.27079772949219 1159.9888916015625 270.48126220703125 0.8238926 1.7730557 0.6173229 5.7015233 1.0355718 8.156268 2.3757665157318115 0.6499940156936646
Car 0.0 0 -1.6990063190460205 665.4110107421875 187.08453369140625 736.37646484375 243.6259307861328 3.6623502 1.39556 1.5271342 2.4546123 1.8379196 20.569958 -1.5802379846572876 0.9619703888893127
Car 0.0 0 -2.7273504734039307 158.44012451171875 181.60044860839844 422.80926513671875 260.9288635253906 4.5507636 1.4760787 1.7078508 -6.3043027 1.6623819 14.47494 -3.138108015060425 0.8742769956588745
Car 0.0 0 -1.7007992267608643 650.5650024414062 182.7978515625 702.2039794921875 221.70774841308594 4.083288 1.4480926 1.604447 2.6455598 1.8902847 29.983753 -1.612794041633606 0.8740251660346985
Car 0.0 0 3.720223903656006 0.0 198.65188598632812 220.41555786132812 346.1754455566406 3.6621444 1.4353379 1.5565593 -6.8121066 1.7681506 8.32611 3.034506320953369 0.7988689541816711
Car 0.0 0 -2.8358163833618164 318.89996337890625 172.94007873535156 480.18585205078125 224.33692932128906 4.3664393 1.4853257 1.6661892 -6.3001566 1.4883827 21.73658 -3.117927312850952 0.7429561018943787
Car 0.0 0 1.4958834648132324 634.5653686523438 175.51809692382812 662.513916015625 198.5977325439453 3.8857806 1.4725676 1.5800779 2.5203385 1.6590524 48.447178 1.5478590726852417 0.7272767424583435
Car 0.0 0 1.5706126689910889 553.4668579101562 178.93075561523438 579.521240234375 203.6754608154297 3.721848 1.4436952 1.5528446 -2.7440197 1.838559 44.934883 1.5096218585968018 0.6822823286056519
Car 0.0 0 -0.9001425504684448 1015.9337158203125 214.50448608398438 1242.0 375.0 3.7411215 1.461619 1.6275542 5.684897 1.8820345 6.1790237 -0.15636983513832092 0.6785127520561218
Car 0.0 0 3.7798471450805664 0.0 185.53359985351562 144.4745635986328 375.0 4.0025454 1.4492091 1.6198899 -6.3480935 1.5717547 5.7680573 2.946612596511841 0.6768950819969177
Car 0.0 0 3.310350179672241 441.6226501464844 175.75692749023438 525.2963256835938 205.76687622070312 3.9063904 1.4594802 1.59565 -6.3139973 1.6081375 36.050907 3.136967658996582 0.6556324362754822
Car 0.0 0 -2.8638358116149902 415.224853515625 181.2395782470703 513.285400390625 217.77792358398438 3.6925044 1.4447386 1.5705352 -6.034407 1.8031735 29.880451 -3.0631072521209717 0.5833112597465515
