Pedestrian 0.0 0 2.195028781890869 834.3771362304688 172.86410522460938 876.9552001953125 241.8066864013672 0.8464071 1.7469573 0.6859485 6.35453 1.7475863 18.805815 2.520885944366455 0.5125535726547241
Pedestrian 0.0 0 1.7492344379425049 861.5673217773438 141.68226623535156 897.4866943359375 220.96522521972656 0.76867497 1.8219723 0.6725531 6.3359656 1.1059843 17.080597 2.104445457458496 0.3657970726490021
Pedestrian 0.0 0 -0.5096193552017212 1052.806640625 114.76882934570312 1162.4122314453125 262.75836181640625 0.9966421 1.8037534 0.552133 6.2065325 1.0961468 9.110619 0.08840584754943848 0.33208680152893066
Pedestrian 0.0 0 3.452533721923828 0.0 111.08329772949219 85.24722290039062 280.13446044921875 0.8447815 1.8150753 0.62859595 -6.6173544 1.1522112 8.189686 2.7729272842407227 0.32129788398742676
Pedestrian 0.0 0 -1.424609899520874 719.4179077148438 158.7774200439453 733.95361328125 194.0626983642578 0.6249203 1.9951938 0.736955 6.6312833 1.1995965 41.20523 -1.2650450468063354 0.18483510613441467
Pedestrian 0.0 0 2.612706184387207 740.7931518554688 155.45603942871094 763.9710083007812 196.8787384033203 0.81870395 1.8937505 0.6872561 6.5575194 1.0987139 33.443474 2.8063275814056396 0.16755729913711548
Pedestrian 0.0 0 -0.4050544202327728 692.3521728515625 167.28329467773438 703.8859252929688 191.62710571289062 0.7027553 1.9154046 0.66258395 6.957514 1.4774516 57.18532 -0.28398337960243225 0.1597096025943756
Pedestrian 0.0 0 2.5667507648468018 784.3770141601562 149.42955017089844 814.0549926757812 203.17726135253906 0.7955941 1.8259878 0.59494084 6.4873066 1.0305395 24.917826 2.8214447498321533 0.15888632833957672
Pedestrian 0.0 0 0.03940461575984955 521.2665405273438 168.97750854492188 529.5302124023438 191.0273895263672 0.6755461 1.8652557 0.59744877 -7.21518 1.5376904 61.358006 -0.07764932513237 0.1521587073802948
Pedestrian 0.0 0 0.7697926759719849 40.31857681274414 152.33494567871094 130.5863800048828 290.7579650878906 0.72459775 1.740378 0.6237158 -6.893866 1.4827518 9.427937 0.13842153549194336 0.14611171185970306
Pedestrian 0.0 0 -1.9446946382522583 762.3331298828125 156.43612670898438 789.1660766601562 198.77932739257812 1.501267 1.7279724 0.584955 6.890185 1.0583383 30.228174 -1.7205843925476074 0.13748720288276672
Cyclist 0.0 0 0.08368998765945435 596.6326293945312 182.34852600097656 618.8494262695312 204.75340270996094 1.784981 1.8248131 0.6386843 -0.205959 2.6130798 59.484676 0.08022761344909668 0.25512760877609253
Cyclist 0.0 0 -1.9446946382522583 762.3331298828125 156.43612670898438 789.1660766601562 198.77932739257812 1.501267 1.7279724 0.584955 6.890185 1.0583383 30.228174 -1.7205843925476074 0.238001748919487
Car 0.0 0 1.6189072132110596 509.3620910644531 191.5540771484375 548.9480590820312 228.23492431640625 3.9642093 1.493712 1.6373695 -3.7351768 2.4144156 33.478832 1.507798433303833 0.8952747583389282
Car 0.0 0 3.114257574081421 577.1242065429688 182.3961181640625 619.5169067382812 201.92535400390625 3.4817643 1.5779487 1.6217978 -1.0162456 2.3842309 60.05102 3.0973360538482666 0.46302181482315063
Car 0.0 0 -1.4652557373046875 1006.7482299804688 173.681884765625 1119.2340087890625 253.78225708007812 3.7689357 1.4500141 1.5988458 9.491893 1.4699379 15.074567 -0.9033105373382568 0.16616839170455933
