Car 0.0 0 -1.785672664642334 713.4595947265625 191.81103515625 810.8917846679688 262.1547546386719 3.4926121 1.4276072 1.5531964 3.4928901 1.9300072 17.347197 -1.5869776010513306 0.9663889408111572
Car 0.0 0 -1.7306426763534546 698.6968383789062 181.9776611328125 768.8207397460938 234.98883056640625 3.643344 1.4555497 1.5507146 3.683914 1.7605128 22.26184 -1.5666477680206299 0.9231895208358765
Car 0.0 0 -2.8361618518829346 327.9132385253906 181.35720825195312 483.27044677734375 233.50119018554688 4.0640697 1.4388493 1.6291428 -5.9358726 1.6978796 21.069988 -3.1107664108276367 0.8950721621513367
Car 0.0 0 3.3274896144866943 394.15118408203125 178.913330078125 509.91522216796875 219.9992218017578 3.9227257 1.4449059 1.6016635 -5.7732325 1.6748723 26.481876 3.1128411293029785 0.8524137735366821
Car 0.0 0 -2.6645994186401367 196.95091247558594 186.58485412597656 451.1891174316406 268.34124755859375 4.3491225 1.4423889 1.6839846 -5.549481 1.7321727 14.14485 -3.038478374481201 0.8204795718193054
Car 0.0 0 -1.6780331134796143 677.9778442382812 185.35281372070312 717.0847778320312 216.8432159423828 3.6261377 1.4245522 1.542373 4.2688127 2.0784807 35.905384 -1.5596979856491089 0.7768402099609375
Car 0.0 0 0.17289069294929504 441.7451477050781 179.2739715576172 533.34326171875 214.50469970703125 3.675372 1.4658518 1.6055052 -5.2735596 1.7504103 31.126406 0.005060434341430664 0.7032362818717957
Car 0.0 0 3.2520413398742676 474.5700988769531 174.8592529296875 558.6258544921875 205.52529907226562 3.9982815 1.4872168 1.6511348 -4.64353 1.5899253 35.9638 3.1236350536346436 0.5925447940826416
Car 0.0 0 -0.5358355641365051 974.6300659179688 177.80050659179688 1113.335205078125 223.76824951171875 3.593026 1.4424938 1.5646396 14.072008 1.6100091 23.594433 0.001941680908203125 0.5475272536277771
Car 0.0 0 0.4850902557373047 953.5787353515625 213.38174438476562 1242.0 375.0 3.85214 1.4788922 1.5837289 3.0941854 1.7331618 2.476845 1.3808507919311523 0.5405040383338928
Car 0.0 0 0.1787962019443512 512.6668090820312 173.41064453125 570.1137084960938 196.63284301757812 3.74461 1.5802333 1.6165278 -4.7681084 1.6199896 50.105217 0.08392000198364258 0.48469170928001404
