Pedestrian 0.0 0 -1.9605011940002441 1035.87451171875 173.47470092773438 1067.684326171875 233.91661071777344 0.61737627 1.6267111 0.54901844 12.051874 1.6443794 19.771566 -1.4130849838256836 0.2849782109260559
Cyclist 0.0 0 -0.16428036987781525 673.2142944335938 197.1258087158203 711.290283203125 233.35202026367188 1.7370344 1.7090032 0.73942775 3.9438567 2.9009683 35.006203 -0.052091773599386215 0.6121487021446228
Cyclist 0.0 0 -3.0738134384155273 943.232666015625 198.34326171875 1019.8792114257812 264.09173583984375 1.8181605 1.6711344 0.62306166 10.0574875 2.3914382 19.641916 -2.600578784942627 0.48384931683540344
Cyclist 0.0 0 -0.9862860441207886 653.865234375 187.1268310546875 669.685546875 209.92515563964844 1.5590028 1.6120106 0.35046044 3.7559292 2.6681836 52.647423 -0.9150655269622803 0.2997298836708069
Car 0.0 0 -3.272228956222534 1003.3955078125 178.923095703125 1236.140869140625 251.55673217773438 4.141933 1.4604608 1.6726292 11.318247 1.6135765 16.472622 -2.6702170372009277 0.8745127320289612
Car 0.0 0 -0.9135600328445435 697.2378540039062 196.46627807617188 769.7843017578125 234.21502685546875 3.236948 1.506076 1.5800383 5.5601616 2.6269853 32.561123 -0.7444306015968323 0.8025065064430237
Car 0.0 0 -1.7471669912338257 602.5123291015625 183.6009521484375 650.9493408203125 225.1649627685547 4.420271 1.9936271 1.7978998 0.77906185 2.596555 38.13016 -1.7267382144927979 0.6167152523994446
Car 0.0 0 3.000887632369995 505.1891174316406 177.6492462158203 550.67236328125 196.38446044921875 3.677818 1.5540413 1.588836 -7.051069 1.9727149 61.709377 2.8871185779571533 0.4222453534603119
Car 0.0 0 -1.1356920003890991 809.365234375 179.0875244140625 911.6630859375 235.7227020263672 3.8858337 1.6506158 1.6543134 8.148595 1.870449 23.43091 -0.80100417137146 0.3506413698196411
Car 0.0 0 0.0397246852517128 664.3117065429688 182.85906982421875 732.14013671875 213.52857971191406 3.529617 1.5650253 1.5984517 4.7001414 2.1153455 38.587296 0.1609330177307129 0.31713977456092834
Car 0.0 0 1.564575433731079 491.5096435546875 180.73587036132812 515.0036010742188 202.996826171875 3.9406548 1.4936254 1.6107794 -7.7265444 2.0840786 51.946407 1.416917324066162 0.250695139169693
Car 0.0 0 -0.04306066036224365 510.4883728027344 185.9846954345703 560.923828125 206.10028076171875 3.852351 1.5018265 1.6504723 -5.851415 2.5485375 56.397415 -0.14644400775432587 0.24610285460948944
