Pedestrian 0.0 0 2.4563772678375244 851.593505859375 145.07212829589844 907.4074096679688 245.89755249023438 0.73718554 1.8773879 0.6866323 5.1249113 1.3604422 13.876992 2.810150146484375 0.48345068097114563
Pedestrian 0.0 0 2.5931739807128906 830.9447021484375 140.8076629638672 855.1001586914062 195.1209716796875 0.5323652 1.863241 0.663159 8.069413 0.7642359 25.134861 2.9038243293762207 0.43544530868530273
Pedestrian 0.0 0 -3.230257034301758 806.47998046875 162.6081085205078 842.19482421875 229.23513793945312 0.84129727 1.7020096 0.591751 5.528416 1.440633 18.801767 -2.944279670715332 0.2933655083179474
Pedestrian 0.0 0 2.534998655319214 923.4530639648438 164.62860107421875 977.3886108398438 263.1461486816406 0.62010574 1.7134682 0.6362766 6.031683 1.5707657 12.912516 2.9719972610473633 0.21935853362083435
Pedestrian 0.0 0 -2.2084274291992188 729.3222045898438 170.5084686279297 742.8045654296875 196.27859497070312 0.5023069 1.739305 0.75240535 8.546719 1.581355 49.08927 -2.0360496044158936 0.21646322309970856
Pedestrian 0.0 0 -1.212531328201294 822.0140380859375 140.63525390625 842.7134399414062 188.42245483398438 0.5345848 1.9566295 0.67729384 9.1920595 0.63780284 29.958715 -0.9148256778717041 0.1906430572271347
Pedestrian 0.0 0 -1.6747937202453613 807.8385620117188 160.56527709960938 820.7022094726562 190.89938354492188 0.6156115 1.8261912 0.69034046 12.363792 1.0867357 43.79778 -1.3996602296829224 0.15205606818199158
Pedestrian 0.0 0 1.928546667098999 460.03472900390625 141.08644104003906 484.9338684082031 186.18370056152344 1.3366632 1.7849967 0.5613682 -5.6089725 0.52796113 29.262386 1.7391650676727295 0.12631820142269135
Cyclist 0.0 0 1.928546667098999 460.03472900390625 141.08644104003906 484.9338684082031 186.18370056152344 1.3366632 1.7849967 0.5613682 -5.6089725 0.52796113 29.262386 1.7391650676727295 0.17229771614074707
Cyclist 0.0 0 -1.420852541923523 527.0655517578125 177.81552124023438 538.1499633789062 207.091796875 1.4294336 1.7151076 0.45375088 -4.6658754 2.0177684 43.236492 -1.5283517837524414 0.15806083381175995
Cyclist 0.0 0 -3.251049280166626 800.4884643554688 163.71566772460938 846.8438110351562 231.7635955810547 1.096527 1.7354237 0.60326684 5.5044293 1.5027274 18.791327 -2.966096878051758 0.1366303414106369
Car 0.0 0 1.9424797296524048 298.4646301269531 189.03504943847656 513.1184692382812 328.2709655761719 4.000626 1.5800449 1.6824776 -2.8163795 1.8683555 10.75356 1.6863309144973755 0.9500709772109985
Car 0.0 0 -1.7203770875930786 727.61376953125 182.04464721679688 864.5247192382812 295.16925048828125 3.3453865 1.4616488 1.5445038 2.7061353 1.6284665 11.333561 -1.48599374294281 0.9327996969223022
Car 0.0 0 1.7024592161178589 636.4010620117188 176.77503967285156 662.9683227539062 200.2957000732422 3.641928 1.7024107 1.5518602 3.0180593 2.0110877 54.79967 1.7574779987335205 0.4998791515827179
