Pedestrian 0.0 0 1.233165979385376 978.1961669921875 164.87535095214844 1021.2561645507812 240.28909301757812 0.85229105 1.6747838 0.6161944 8.844323 1.4979526 16.489643 1.7254738807678223 0.24130171537399292
Pedestrian 0.0 0 1.3077335357666016 843.4139404296875 182.2329864501953 883.3533325195312 271.97900390625 0.8205108 1.6343293 0.5143845 4.732381 1.8177557 13.653588 1.6413792371749878 0.20028816163539886
Pedestrian 0.0 0 2.5830278396606445 1016.8257446289062 147.71875 1062.4342041015625 229.843017578125 0.6416346 1.7733084 0.6000601 9.400831 1.2309213 15.885113 3.1173970699310303 0.12082423269748688
Pedestrian 0.0 0 -0.3183850646018982 1049.1531982421875 139.91525268554688 1096.453369140625 227.43231201171875 0.67545635 1.7965338 0.62484777 9.684725 1.1207311 15.194879 0.24905848503112793 0.11196667701005936
Pedestrian 0.0 0 1.090288519859314 766.47705078125 181.10240173339844 797.740966796875 241.14910888671875 0.7671955 1.6178117 0.54906607 4.7164392 1.851829 19.997442 1.321907877922058 0.11099051684141159
Cyclist 0.0 0 -1.843040943145752 804.9672241210938 162.7721710205078 827.016357421875 201.9733123779297 1.755459 1.7504687 0.5162512 9.396099 1.3006375 33.095306 -1.5664098262786865 0.14775443077087402
Cyclist 0.0 0 1.6163760423660278 704.7628173828125 188.61817932128906 716.0401611328125 225.24716186523438 1.5711557 1.6500002 0.4578512 4.7001452 2.41136 34.014717 1.7536863088607788 0.12886399030685425
Cyclist 0.0 0 -1.7279767990112305 774.3165893554688 174.16038513183594 788.6052856445312 205.55043029785156 1.4414018 1.7001774 0.547277 9.434299 1.774081 39.878593 -1.4956722259521484 0.11976835131645203
Cyclist 0.0 0 -1.8744126558303833 854.60498046875 151.09422302246094 879.5283203125 197.253662109375 1.5223163 1.8294773 0.5212812 10.407758 0.96741104 29.364855 -1.5337976217269897 0.10972815752029419
Car 0.0 0 1.7674092054367065 404.3983459472656 182.64585876464844 435.28375244140625 204.0045623779297 3.886068 1.5589508 1.6109173 -14.866833 2.352716 56.47312 1.509994626045227 0.44214126467704773
Car 0.0 0 -1.5682501792907715 654.021240234375 169.9220428466797 675.2666625976562 191.2285614013672 3.8504055 1.6238822 1.6163743 4.2918186 1.4007802 56.97163 -1.4930596351623535 0.20925180613994598
Car 0.0 0 2.120363712310791 196.3154754638672 207.6792449951172 354.1012268066406 284.5672912597656 3.8949223 1.4185206 1.5923445 -7.8204937 2.3460982 17.178074 1.6931439638137817 0.15247344970703125
Car 0.0 0 1.485507845878601 701.8297119140625 183.42469787597656 740.4678344726562 216.5103302001953 3.5645137 1.4646535 1.5405612 5.2946095 2.0036585 34.93577 1.635915994644165 0.15241897106170654
Car 0.0 0 1.654195785522461 453.0275573730469 181.0006561279297 478.4505310058594 199.87745666503906 4.027556 1.419149 1.6812077 -11.613707 2.0997303 58.14754 1.457061529159546 0.1294071227312088
