Pedestrian 0.0 0 0.31296733021736145 55.33098602294922 164.17103576660156 110.77088928222656 268.733154296875 0.6125551 1.7419276 0.6113938 -9.09827 1.5976338 12.404037 -0.31988510489463806 0.2039278745651245
Pedestrian 0.0 0 2.9028568267822266 720.4132690429688 188.0105743408203 751.2958374023438 236.81732177734375 0.90600604 1.6173027 0.6363124 4.2178526 2.1390743 24.471247 3.0735392570495605 0.17577333748340607
Pedestrian 0.0 0 1.9913101196289062 162.2846221923828 193.0084686279297 192.2081756591797 239.84051513671875 0.923244 1.7123544 0.65220094 -16.41117 2.489391 27.305107 1.4501341581344604 0.16353987157344818
Pedestrian 0.0 0 -1.3441213369369507 438.24615478515625 166.0006561279297 450.94317626953125 195.2423858642578 0.46187216 1.9221151 0.73285115 -10.954126 1.4719896 47.65654 -1.5700526237487793 0.12188240140676498
Pedestrian 0.0 0 -0.6491733193397522 512.9299926757812 166.96612548828125 525.6510009765625 196.42593383789062 0.46292233 1.9039576 0.7512484 -5.948608 1.5237883 47.059845 -0.774911642074585 0.114939846098423
Pedestrian 0.0 0 -0.44744420051574707 628.6553955078125 170.49319458007812 640.2496337890625 195.66354370117188 0.5848586 1.8026465 0.7147881 1.7366117 1.633927 52.11705 -0.4141351580619812 0.11016528308391571
Cyclist 0.0 0 2.018136978149414 161.56735229492188 192.70498657226562 192.00059509277344 239.62124633789062 0.87993664 1.7181047 0.67344934 -16.418623 2.4822018 27.287672 1.4764782190322876 0.14285190403461456
Car 0.0 0 -1.590975046157837 581.7627563476562 169.12681579589844 604.4771728515625 189.9346160888672 4.2949047 1.5257896 1.640313 -1.3482124 1.25284 55.087944 -1.6154439449310303 0.5937121510505676
Car 0.0 0 -1.4821311235427856 558.50146484375 166.86257934570312 580.446533203125 184.31549072265625 4.044782 1.545195 1.6521963 -3.6922762 1.0151018 65.92705 -1.5380781888961792 0.3395288586616516
Car 0.0 0 1.884437084197998 291.2877502441406 171.80467224121094 353.1101379394531 205.24371337890625 3.9300709 1.4879075 1.578181 -13.561359 1.4415745 34.114834 1.5060696601867676 0.1587752252817154
Car 0.0 0 -0.09677718579769135 452.15960693359375 160.24371337890625 516.9940795898438 184.09068298339844 4.6308904 1.7355707 1.7264832 -9.41662 0.8181571 53.95905 -0.26955145597457886 0.1139327809214592
Car 0.0 0 2.4072182178497314 65.7691650390625 186.10618591308594 195.26588439941406 231.2403564453125 3.7495015 1.4502529 1.7356838 -17.450415 1.9729941 26.407164 1.8232734203338623 0.11334312707185745
Car 0.0 0 -1.4505609273910522 615.901611328125 176.2606964111328 640.1907958984375 194.43856811523438 3.6819067 1.4431946 1.5889919 1.5048208 1.7357337 59.944733 -1.4254627227783203 0.11144915968179703
