Pedestrian 0.0 0 -1.8885191679000854 880.707275390625 166.6778106689453 979.015380859375 337.42730712890625 0.74619615 1.51177 0.6347331 2.9819028 1.3910939 6.6588798 -1.467489242553711 0.8325861692428589
Pedestrian 0.0 0 0.7791459560394287 40.75884246826172 130.00352478027344 186.9287872314453 326.49951171875 1.0105294 1.8248888 0.6626408 -4.8738213 1.357619 6.973137 0.1691300868988037 0.7725501656532288
Pedestrian 0.0 0 3.659682273864746 70.58949279785156 151.37889099121094 128.35618591308594 249.48153686523438 0.6592017 1.7528155 0.58461463 -9.295086 1.2341462 12.95303 3.0372421741485596 0.18329134583473206
Pedestrian 0.0 0 2.6990442276000977 747.7470092773438 134.23948669433594 811.1985473632812 238.85621643066406 0.8912864 1.7753292 0.6393545 3.006032 0.9919441 12.397109 2.9369313716888428 0.1573481559753418
Pedestrian 0.0 0 1.0368340015411377 832.68896484375 170.8815460205078 872.5631103515625 237.31407165527344 0.8641204 1.6311033 0.59008354 6.2011185 1.3965411 17.836987 1.3714182376861572 0.15387669205665588
Pedestrian 0.0 0 3.6311635971069336 54.69535827636719 185.80169677734375 98.06920623779297 250.9576873779297 0.7676243 1.8346456 0.6901837 -15.253759 1.9919757 20.368517 2.9883739948272705 0.1502993106842041
Pedestrian 0.0 0 0.5074722170829773 1139.579833984375 147.1054229736328 1224.0 252.85595703125 1.4782879 1.699229 0.45050427 10.065325 1.1642898 12.126631 1.2002508640289307 0.11924818158149719
Pedestrian 0.0 0 1.1079254150390625 837.513916015625 141.77606201171875 893.455322265625 243.7435760498047 0.8302533 1.7472435 0.6249958 4.5694623 1.0853443 12.558475 1.4568893909454346 0.10226025432348251
Pedestrian 0.0 0 -2.472440719604492 1092.690185546875 197.07211303710938 1224.0 370.0 0.80189085 1.6336389 0.6006452 4.300568 1.773453 5.4282503 -1.8024389743804932 0.10103744268417358
Car 0.0 0 -1.7342090606689453 581.6199951171875 180.12794494628906 636.9254760742188 218.65866088867188 3.8798287 1.4740074 1.6506709 0.08342721 1.461281 29.090364 -1.7313412427902222 0.11963337659835815
