Pedestrian 0.0 0 -1.6315264701843262 285.76373291015625 161.01309204101562 342.2637634277344 298.08038330078125 0.733302 1.6568419 0.6205286 -3.7144055 1.4105422 9.14516 -2.0173325538635254 0.7192768454551697
Pedestrian 0.0 0 -2.8071742057800293 818.1113891601562 154.6840057373047 862.2622680664062 231.94166564941406 0.7544411 1.6249179 0.5986211 5.1399026 1.0621445 15.572676 -2.4883735179901123 0.7135946750640869
Pedestrian 0.0 0 -1.8082098960876465 744.4998779296875 162.4229736328125 799.3331909179688 284.73980712890625 0.9618401 1.7187289 0.5695597 2.4477017 1.4519869 10.574762 -1.580749273300171 0.6639466881752014
Pedestrian 0.0 0 -1.1943894624710083 814.8006591796875 168.84671020507812 920.3753051757812 347.4390869140625 0.62962717 1.5002909 0.71791303 2.3608968 1.3953822 6.505506 -0.8462623953819275 0.6374785304069519
Pedestrian 0.0 0 1.9191570281982422 252.509765625 162.73143005371094 319.4195251464844 282.7690124511719 0.9116376 1.8994042 0.7461045 -5.2226872 1.6037176 11.843653 1.5038384199142456 0.6272180676460266
Pedestrian 0.0 0 0.026568442583084106 195.17030334472656 154.3798370361328 276.41375732421875 289.7025451660156 1.0001099 1.826952 0.7218573 -5.235144 1.4621353 10.236787 -0.4461614787578583 0.5289594531059265
Pedestrian 0.0 0 3.190847158432007 486.6549987792969 168.3659210205078 501.9739685058594 209.93077087402344 0.63508105 1.8068672 0.67794955 -4.721459 1.2368743 31.592882 3.0424981117248535 0.5177210569381714
Pedestrian 0.0 0 -1.175417423248291 376.040283203125 186.64254760742188 454.1069030761719 299.2300720214844 1.0122272 1.624189 0.8308213 -2.8664138 1.7080384 10.970104 -1.4309964179992676 0.44275379180908203
Pedestrian 0.0 0 -2.450467348098755 555.8956298828125 170.1647491455078 570.561767578125 198.14364624023438 0.7778052 1.760153 0.5192034 -2.4205363 1.0477735 45.628036 -2.503467082977295 0.39719393849372864
Pedestrian 0.0 0 1.3356703519821167 478.6845703125 167.926513671875 498.7217712402344 209.08200073242188 0.83581823 1.8321744 0.7197193 -5.116718 1.2288518 32.50005 1.1795148849487305 0.2715388834476471
Car 0.0 0 -1.7273283004760742 653.83642578125 163.5408477783203 710.2881469726562 212.40771484375 3.7099202 1.8108222 1.6527045 3.1106422 1.1463614 28.508547 -1.6186456680297852 0.8936367034912109
Car 0.0 0 -1.3465900421142578 552.3362426757812 170.361572265625 584.5646362304688 191.23472595214844 3.9118726 1.5412725 1.6428541 -2.4703178 0.71939945 55.110317 -1.3913850784301758 0.4152572453022003
Car 0.0 0 -1.7228257656097412 594.44287109375 175.42413330078125 619.3824462890625 193.9032440185547 3.5794673 1.5180442 1.5855396 0.46449316 1.0194025 60.8932 -1.7151979207992554 0.3849814236164093
