Pedestrian 0.0 0 -1.743532657623291 865.3417358398438 156.5523681640625 919.1969604492188 261.8335266113281 0.70074517 1.6622062 0.70732415 4.549816 1.4051896 11.801401 -1.3755607604980469 0.6757446527481079
Pedestrian 0.0 0 0.6934926509857178 532.7459716796875 175.3423309326172 560.3460693359375 227.36643981933594 0.63550025 1.6440442 0.6236054 -2.091535 1.7261966 23.277891 0.6038825511932373 0.3265465497970581
Cyclist 0.0 0 -1.6953999996185303 900.1093139648438 139.91082763671875 942.5728759765625 245.81033325195312 1.5944424 1.8129921 0.510238 5.6147246 1.2493651 13.186552 -1.2928589582443237 0.21836410462856293
Cyclist 0.0 0 2.4762332439422607 386.630126953125 180.70870971679688 412.3232116699219 208.419189453125 1.6042252 1.8101618 0.639559 -14.1575 2.3470485 48.44474 2.191910743713379 0.18589742481708527
Car 0.0 0 1.6958186626434326 274.0842590332031 188.79920959472656 405.3173522949219 291.50823974609375 4.067066 1.4022474 1.6307119 -4.6078353 1.7307739 12.683587 1.3473525047302246 0.9487842917442322
Car 0.0 0 2.605689525604248 624.688232421875 171.58355712890625 724.2012329101562 203.5992889404297 4.745485 1.522285 1.7261556 3.2047303 1.4622357 36.109535 2.6942079067230225 0.870481550693512
Car 0.0 0 -2.7333297729492188 229.39569091796875 179.29234313964844 369.30108642578125 227.30677795410156 4.2406077 1.6365517 1.7260172 -11.024143 1.873951 25.692945 -3.1386449337005615 0.8324381113052368
Car 0.0 0 2.4435667991638184 477.365966796875 177.23121643066406 575.7797241210938 213.47756958007812 4.348951 1.5019956 1.683836 -3.738607 1.7130761 32.575264 2.329298496246338 0.8035584092140198
Car 0.0 0 -1.5465904474258423 682.8804321289062 161.75160217285156 706.1474609375 185.80740356445312 4.220648 1.8292987 1.728344 6.6924663 0.9853852 57.07662 -1.429869294166565 0.20753003656864166
Car 0.0 0 1.4747012853622437 379.055908203125 182.09230041503906 408.54669189453125 205.68966674804688 3.6870296 1.5069544 1.5923275 -14.937534 2.1688192 49.655178 1.1824874877929688 0.1709340363740921
