Car 0.0 0 -1.6931432485580444 656.5628051757812 178.2607879638672 708.504150390625 218.46670532226562 3.3048081 1.399596 1.5458289 2.6362543 1.6165929 27.235958 -1.5966507196426392 0.9509472250938416
Car 0.0 0 -1.8210877180099487 699.62353515625 171.63575744628906 828.15625 266.86419677734375 3.2709188 1.5699451 1.5631932 2.7010355 1.5502188 13.567705 -1.624578595161438 0.9442569613456726
Car 0.0 0 0.5274485349655151 110.0577621459961 184.5673828125 389.3321228027344 281.5442810058594 4.0076933 1.4974022 1.5861871 -6.0656447 1.7124472 12.292391 0.06905698776245117 0.9177826046943665
Car 0.0 0 -2.1420207023620605 825.6250610351562 192.18301391601562 1242.0 375.0 4.0727897 1.4828012 1.5985196 2.7444873 1.6591249 4.5104856 -1.59539794921875 0.905316174030304
Car 0.0 0 0.4946754276752472 200.96067810058594 183.11085510253906 418.7837219238281 259.73297119140625 3.8951843 1.4523636 1.5245655 -6.160017 1.6779982 14.887499 0.10235404968261719 0.8917832970619202
Car 0.0 0 0.30533164739608765 339.4077453613281 179.70211791992188 482.1106262207031 227.87509155273438 4.0639386 1.4475536 1.5501025 -6.264966 1.6721058 22.769627 0.03682994842529297 0.8771933317184448
Car 0.0 0 3.4931743144989014 224.7201385498047 147.28672790527344 408.76739501953125 220.1865692138672 3.7450254 1.6586708 1.6681219 -6.9705086 1.0773034 17.306482 3.110283374786377 0.8154765963554382
Car 0.0 0 -0.1543837934732437 701.9926147460938 173.1458282470703 803.5499877929688 212.52503967285156 4.2788053 1.7258458 1.7339022 6.340738 1.7397654 32.580868 0.037828922271728516 0.8143543004989624
Car 0.0 0 0.23876464366912842 384.0008850097656 178.51351928710938 504.9201354980469 224.4484100341797 3.8047287 1.520129 1.5539721 -5.6897273 1.721934 24.876541 0.013913631439208984 0.7593069672584534
Car 0.0 0 -2.377237558364868 0.0 177.0338592529297 196.8822021484375 327.0949401855469 3.9437919 1.4433609 1.5988842 -6.9722943 1.4943473 7.861513 -3.10276198387146 0.5692083835601807
Car 0.0 0 0.4150746464729309 265.60504150390625 180.18052673339844 432.4013366699219 236.99969482421875 4.0534625 1.4832741 1.5911096 -7.2103195 1.6963003 20.007677 0.06918478012084961 0.5370910167694092
