Pedestrian 0.0 0 -3.438415288925171 849.802490234375 119.4966049194336 907.3347778320312 242.80911254882812 0.65530527 1.8177664 0.6408179 4.104583 0.9201699 10.759545 -3.0739731788635254 0.28440210223197937
Pedestrian 0.0 0 0.5379114151000977 30.653379440307617 186.0635223388672 59.936187744140625 228.3359832763672 0.75870293 1.7970221 0.66533506 -24.185867 2.041762 30.53156 -0.1320303976535797 0.2626246213912964
Pedestrian 0.0 0 -1.4250361919403076 114.01055145263672 172.82154846191406 132.1643524169922 209.15118408203125 0.5798246 1.8716668 0.7058864 -25.117847 1.4775007 36.836594 -2.023491859436035 0.2290288358926773
Pedestrian 0.0 0 -0.7267156839370728 854.2913208007812 141.41964721679688 877.97021484375 187.52093505859375 0.68648523 1.924495 0.6428171 11.033189 0.29457265 29.935251 -0.3735954761505127 0.19719932973384857
Cyclist 0.0 0 -0.13929909467697144 590.4497680664062 164.97348022460938 613.662109375 187.11729431152344 1.7912111 1.7629113 0.635261 -0.22603792 0.52805024 56.72681 -0.14328375458717346 0.4862840473651886
Cyclist 0.0 0 -1.0137803554534912 416.56817626953125 172.92941284179688 439.6595764160156 202.24444580078125 1.8172685 1.7607034 0.49042004 -10.85038 1.3073664 43.401436 -1.2587594985961914 0.24133644998073578
Cyclist 0.0 0 -2.1420087814331055 839.235595703125 117.26985168457031 913.9346313476562 244.2618408203125 0.98816335 1.8423115 0.62743217 4.082192 0.92667687 10.800997 -1.7806580066680908 0.1075395867228508
Car 0.0 0 -1.431563138961792 542.0617065429688 168.00091552734375 570.6884765625 188.54466247558594 3.7145793 1.445302 1.5879911 -3.5091739 0.56725776 51.646805 -1.4994044303894043 0.45968541502952576
Car 0.0 0 1.982000470161438 151.76043701171875 167.39186096191406 222.0570831298828 198.5087890625 3.994401 1.5019227 1.6379601 -21.320797 0.87067264 36.203686 1.4497735500335693 0.3974582254886627
Car 0.0 0 2.271888017654419 0.0 174.2904815673828 37.781410217285156 234.8704071044922 3.9965568 1.7545298 1.7302192 -20.501795 1.5762571 22.502306 1.532975435256958 0.20606626570224762
Car 0.0 0 -1.6274337768554688 503.4812316894531 169.71739196777344 530.8427124023438 194.6581268310547 3.6755676 1.5181036 1.5147129 -5.6224437 0.86314106 44.976078 -1.7517982721328735 0.1530776470899582
