Pedestrian 0.0 0 -3.031862258911133 721.3381958007812 197.2965850830078 739.9423828125 237.86170959472656 0.73967123 1.7484419 0.7556005 5.334035 2.8526893 32.119884 -2.867297649383545 0.4876812994480133
Pedestrian 0.0 0 -2.3517873287200928 889.9138793945312 192.76400756835938 913.6027221679688 228.9568328857422 0.8188948 1.7979959 0.77145684 14.900462 2.8325212 36.94854 -1.9684598445892334 0.40017449855804443
Pedestrian 0.0 0 1.2481448650360107 1143.9384765625 212.20538330078125 1242.0 375.0 0.65049714 1.490868 0.49561003 3.6361575 1.7548616 4.4391 1.934436321258545 0.37420621514320374
Pedestrian 0.0 0 -0.5072627067565918 989.6414184570312 188.6270294189453 1116.712646484375 375.0 0.68812746 1.643277 0.60412145 3.5883129 1.7811797 5.975824 0.03350353240966797 0.3212960362434387
Pedestrian 0.0 0 0.23495593667030334 952.534912109375 208.39537048339844 1034.498779296875 375.0 0.58836764 1.6203568 0.6378963 3.7514849 1.9946339 7.1545744 0.7178914546966553 0.21322424709796906
Pedestrian 0.0 0 2.2684166431427 903.2694091796875 206.713623046875 989.9183959960938 359.514892578125 0.69267267 1.605066 0.5809974 3.75058 2.0082016 8.169447 2.6988110542297363 0.21032191812992096
Pedestrian 0.0 0 -0.1272112876176834 590.1970825195312 192.7264404296875 603.692138671875 216.9371337890625 0.9351798 1.7934234 0.72780937 -1.0167891 3.308772 54.57625 -0.14583975076675415 0.20782235264778137
Pedestrian 0.0 0 -1.8967673778533936 774.3687744140625 169.43833923339844 802.3161010742188 229.46417236328125 0.7253945 1.7687199 0.6124538 5.297731 1.6684322 21.64571 -1.6567384004592896 0.182925283908844
Pedestrian 0.0 0 -2.049118995666504 868.6885375976562 164.05270385742188 892.237060546875 203.7030029296875 0.84389853 1.878984 0.75449663 12.946211 1.4622585 34.65447 -1.6915940046310425 0.1827385425567627
Cyclist 0.0 0 -1.0842010974884033 460.7277526855469 205.35842895507812 498.59307861328125 266.4927978515625 1.574402 1.5855412 0.36034134 -3.7095466 2.5399885 20.371363 -1.2643237113952637 0.6657476425170898
Car 0.0 0 -1.6129945516586304 679.8399047851562 196.08262634277344 704.153564453125 217.2085723876953 3.5473986 1.4822626 1.7373183 6.3622847 3.359806 56.477158 -1.5008151531219482 0.28848618268966675
Car 0.0 0 -1.3999006748199463 507.9267578125 207.09783935546875 555.7626953125 246.8126678466797 3.5409853 1.5723438 1.6314662 -3.6134703 3.2499208 33.518543 -1.5072910785675049 0.2654314935207367
Car 0.0 0 1.5145262479782104 588.0549926757812 189.5652618408203 612.9417114257812 211.92117309570312 4.2542877 1.5833839 1.7066916 -0.8055232 2.9439597 56.545082 1.500281572341919 0.26017093658447266
Car 0.0 0 -1.2161009311676025 378.1168518066406 150.18934631347656 466.61328125 204.6063232421875 3.5129604 1.5993671 1.6104227 -5.9342613 0.93358934 23.03362 -1.4682523012161255 0.2345036417245865
Car 0.0 0 0.3866282105445862 694.7835083007812 181.12608337402344 748.8551635742188 200.74685668945312 3.98553 1.4947081 1.6282862 8.973878 2.181379 58.138897 0.5397720336914062 0.211998850107193
