Pedestrian 0.0 0 1.0628502368927002 638.6969604492188 151.54026794433594 684.8214111328125 239.23956298828125 0.7908248 1.7743402 0.658415 1.2170994 1.1694349 15.02707 1.1436675786972046 0.8536908030509949
Pedestrian 0.0 0 -1.4344134330749512 335.3951721191406 163.65029907226562 362.8045654296875 220.8428955078125 0.9769098 1.8315924 0.7239531 -8.289593 1.2610549 23.553211 -1.772825837135315 0.7079499959945679
Pedestrian 0.0 0 -1.3898032903671265 25.79336929321289 171.71670532226562 102.48180389404297 317.5806579589844 0.59130824 1.6524371 0.6363315 -6.416637 1.5429571 8.5418 -2.0340747833251953 0.49718719720840454
Pedestrian 0.0 0 -2.0629749298095703 559.383056640625 195.40716552734375 646.758056640625 320.9101867675781 0.732728 1.5344958 0.9083478 -0.030997697 1.7290038 9.437719 -2.0662593841552734 0.3593842089176178
Pedestrian 0.0 0 1.8286454677581787 428.53448486328125 169.44390869140625 442.3144226074219 200.91329956054688 0.90577525 1.8081642 0.5690821 -9.640006 1.116235 41.732876 1.60163414478302 0.32606592774391174
Pedestrian 0.0 0 2.0759334564208984 558.1084594726562 150.32373046875 611.947998046875 251.49351501464844 0.65051854 1.7105886 0.72032475 -0.32462424 1.1847403 12.597776 2.0501708984375 0.32421374320983887
Pedestrian 0.0 0 0.38182130455970764 491.3406066894531 172.57823181152344 529.3584594726562 230.9493865966797 1.0259099 1.7775514 0.5873044 -2.8494196 1.5069786 22.285929 0.2546539306640625 0.29837802052497864
Pedestrian 0.0 0 1.292373538017273 668.4677734375 142.5283966064453 705.9243774414062 225.33148193359375 0.7956078 1.7937009 0.6316741 1.8653736 0.9507137 16.001768 1.4084227085113525 0.2648451626300812
Pedestrian 0.0 0 -0.48703306913375854 1026.643798828125 117.54644012451172 1138.1156005859375 290.5878601074219 0.7768113 1.7239466 0.5925122 4.939242 1.0881695 7.4860754 0.09619402885437012 0.2646123766899109
Pedestrian 0.0 0 3.0833663940429688 306.60345458984375 165.39913940429688 334.51220703125 216.5370635986328 0.89851475 1.8043984 0.6274823 -10.119722 1.2373391 25.81675 2.7097904682159424 0.2639552652835846
Pedestrian 0.0 0 2.9070122241973877 651.3278198242188 138.89720153808594 687.5857543945312 218.89793395996094 0.71304333 1.8238559 0.62685966 1.5429902 0.8538093 16.734905 2.9989542961120605 0.25659802556037903
Pedestrian 0.0 0 -2.9716641902923584 509.8337097167969 163.3538818359375 547.2319946289062 231.96986389160156 0.90500444 1.7988536 0.6030507 -1.9696763 1.3243 19.160788 -3.074101686477661 0.24470263719558716
Pedestrian 0.0 0 -0.2589455842971802 466.375244140625 162.5674591064453 514.4071044921875 212.93386840820312 1.6360439 1.7917168 0.5708815 -4.0608726 1.119273 26.140982 -0.4130588471889496 0.1920028030872345
Cyclist 0.0 0 1.822954535484314 207.0714874267578 149.34019470214844 336.5697021484375 372.53173828125 1.7095194 1.7318866 0.65133154 -2.9392488 1.4837328 6.4696875 1.3965215682983398 0.7528848052024841
Cyclist 0.0 0 -0.14210961759090424 463.5829772949219 163.50250244140625 513.60009765625 214.01051330566406 1.7406483 1.8035214 0.5390819 -4.1318 1.1619278 26.161182 -0.2987520396709442 0.36902427673339844
Cyclist 0.0 0 0.41295528411865234 490.9282531738281 174.0848388671875 529.0575561523438 231.04249572753906 1.016526 1.7339057 0.60758126 -2.8623538 1.5092912 22.299501 0.2852938175201416 0.125706747174263
Cyclist 0.0 0 -1.4344134330749512 335.3951721191406 163.65029907226562 362.8045654296875 220.8428955078125 0.9769098 1.8315924 0.7239531 -8.289593 1.2610549 23.553211 -1.772825837135315 0.10979532450437546
Car 0.0 0 1.9607034921646118 0.0 185.16952514648438 316.68206787109375 364.6021423339844 4.348065 1.5294498 1.6942866 -4.860988 1.5856568 8.478583 1.4401285648345947 0.8588876724243164
Car 0.0 0 0.2670651376247406 294.9017333984375 173.9467010498047 389.6392517089844 204.4530792236328 4.3266473 1.5359542 1.6652911 -13.348549 1.1565315 37.162785 -0.07777433842420578 0.28307056427001953
