Pedestrian 0.0 0 -3.1472363471984863 654.5368041992188 166.5599822998047 669.3577880859375 197.95401000976562 0.8421582 1.7873282 0.6629489 2.946064 1.4293545 41.43418 -3.076253652572632 0.21910029649734497
Cyclist 0.0 0 1.907949686050415 154.60214233398438 183.64234924316406 173.4247589111328 209.92921447753906 1.5859305 1.633073 0.535118 -28.663969 2.3387468 46.33767 1.3539738655090332 0.48681989312171936
Car 0.0 0 2.282524347305298 158.95098876953125 182.2425537109375 261.9718933105469 217.27896118164062 4.4984345 1.4431746 1.617844 -18.36551 1.9083886 33.35487 1.779213309288025 0.8665037155151367
Car 0.0 0 -3.5460145473480225 936.1720581054688 166.60113525390625 996.8553466796875 187.50209045410156 3.7736435 1.5509017 1.6140623 26.837542 1.0872817 54.44398 -3.0880320072174072 0.6952267289161682
Car 0.0 0 2.617948055267334 348.0814514160156 176.60794067382812 421.9635314941406 203.2420196533203 3.9817617 1.5131091 1.624071 -13.572654 1.7506406 43.57011 2.315962553024292 0.6012586355209351
Car 0.0 0 2.6002392768859863 295.9997863769531 180.1513214111328 372.2199401855469 203.7769012451172 4.5979676 1.4741313 1.6978648 -18.619621 1.991576 48.792286 2.2356863021850586 0.5985745191574097
Car 0.0 0 -2.037931203842163 823.2153930664062 163.41326904296875 861.5734252929688 182.7138671875 4.2854733 1.7705827 1.7116317 21.973114 0.9048737 68.43903 -1.7272659540176392 0.3053545355796814
Car 0.0 0 1.4697030782699585 516.6949462890625 174.99267578125 542.5237426757812 195.7985382080078 3.8426008 1.5141422 1.570162 -6.181858 1.6835026 54.971054 1.3577169179916382 0.2780979871749878
Car 0.0 0 -2.4170517921447754 990.1276245117188 162.35731506347656 1040.8599853515625 180.27735900878906 3.985393 1.5975838 1.6408316 37.28331 0.6621542 66.47446 -1.9059038162231445 0.22510118782520294
Car 0.0 0 -1.783470869064331 868.5145874023438 163.6942596435547 897.6847534179688 182.59461975097656 4.3667603 1.7052759 1.657506 25.439163 0.8791996 67.37956 -1.4224662780761719 0.22245927155017853
