Pedestrian 0.0 0 2.3427069187164307 223.22398376464844 180.21897888183594 251.7598419189453 221.0098876953125 0.7857621 1.6919142 0.7355304 -15.825815 2.0093882 30.581984 1.8651669025421143 0.4049379825592041
Pedestrian 0.0 0 -1.1299993991851807 176.3845672607422 183.85809326171875 208.1341552734375 232.2596893310547 0.7804619 1.7249722 0.74122655 -15.276251 2.1332366 26.323353 -1.6558306217193604 0.39732247591018677
Pedestrian 0.0 0 1.898536205291748 697.524169921875 169.2553253173828 739.708251953125 255.26133728027344 0.6990105 1.6697366 0.647419 2.1315074 1.6002291 14.464057 2.044848918914795 0.3684350848197937
Pedestrian 0.0 0 -0.5770678520202637 720.0404052734375 150.41468811035156 778.7979736328125 252.1683349609375 0.75023305 1.6983907 0.677716 2.3560638 1.3242095 12.49677 -0.3907213509082794 0.27047738432884216
Pedestrian 0.0 0 -3.1851534843444824 688.5409545898438 166.9611358642578 697.8048095703125 197.7882080078125 0.54331636 1.9100765 0.7177262 5.1622076 1.5453062 45.081554 -3.0711419582366943 0.26667845249176025
Pedestrian 0.0 0 -2.2548937797546387 734.8114013671875 146.8995361328125 813.5618286132812 245.5635223388672 1.5667486 1.7421126 0.5786774 3.0052228 1.2841917 13.567304 -2.0369086265563965 0.24931861460208893
Cyclist 0.0 0 1.0467419624328613 908.070068359375 175.7183074951172 955.1025390625 237.99122619628906 1.3681585 1.402691 0.3746934 7.513577 1.4733832 17.014551 1.4625861644744873 0.6287328004837036
Cyclist 0.0 0 -2.5830464363098145 742.4465942382812 144.36965942382812 860.8043212890625 265.8708801269531 1.6898854 1.6990625 0.5469327 2.8043761 1.3010978 10.887954 -2.330958843231201 0.6271481513977051
Cyclist 0.0 0 -2.2391951084136963 733.7371826171875 146.80313110351562 814.0337524414062 247.20071411132812 1.642548 1.7707427 0.5741804 3.0010905 1.3116332 13.58752 -2.0218141078948975 0.3250548839569092
Car 0.0 0 -1.0713955163955688 0.0 175.6725311279297 419.4211730957031 375.0 3.7795012 1.4806844 1.5996426 -2.6805785 1.5079107 4.9812016 -1.5650867223739624 0.9199270606040955
Car 0.0 0 1.7658100128173828 427.8111572265625 182.11129760742188 468.0215148925781 209.94918823242188 3.9555433 1.5672926 1.6552912 -9.850158 2.1571662 43.947514 1.5453194379806519 0.7347484230995178
Car 0.0 0 2.236109733581543 210.53662109375 189.89175415039062 335.8729553222656 243.453857421875 3.5603204 1.375412 1.532638 -10.017633 1.9320893 21.648373 1.8027093410491943 0.676866888999939
Car 0.0 0 -1.518032193183899 594.1079711914062 175.05804443359375 622.4111328125 200.50872802734375 4.061775 1.5643456 1.6247208 -0.105138235 1.7139136 46.77484 -1.520279884338379 0.6454516649246216
