Pedestrian 0.0 0 1.1190063953399658 1080.7471923828125 109.754150390625 1138.6533203125 221.5585174560547 0.53986865 1.7832729 0.6036367 8.121167 0.7771918 11.817818 1.72108793258667 0.4325081408023834
Car 0.0 0 1.822025179862976 341.8154296875 190.1527557373047 484.294921875 282.1856384277344 4.312105 1.5077529 1.7661377 -3.8753927 1.914578 14.790678 1.5657697916030884 0.9467405676841736
Car 0.0 0 2.002565860748291 150.68179321289062 201.75369262695312 337.60052490234375 299.52264404296875 4.097455 1.4323971 1.599487 -6.8122506 2.0708008 13.8591795 1.5457143783569336 0.9351386427879333
Car 0.0 0 -1.6416712999343872 637.5816040039062 178.97457885742188 675.128173828125 209.9141082763672 3.551463 1.402245 1.5695087 2.1763806 1.7162299 35.187023 -1.5798982381820679 0.8806881904602051
Car 0.0 0 1.7550621032714844 446.2273254394531 188.2391815185547 512.9335327148438 240.06568908691406 3.5381653 1.4716376 1.4956381 -4.178493 2.0069878 23.313244 1.5777126550674438 0.877124011516571
Car 0.0 0 -0.2618018090724945 756.0836181640625 164.58529663085938 876.6249389648438 207.44212341308594 4.258158 1.6359345 1.7480252 8.017015 1.3206592 28.441353 0.012948274612426758 0.7851051092147827
Car 0.0 0 -0.12989062070846558 710.0902709960938 168.6820831298828 791.8283081054688 199.35958862304688 3.992398 1.5581181 1.6925305 7.256452 1.346583 37.610134 0.060706138610839844 0.40345215797424316
Car 0.0 0 2.8425114154815674 731.4572143554688 158.1249237060547 840.923828125 198.87847900390625 4.3382125 1.7277577 1.7224877 7.6170807 1.103673 31.58191 3.079176425933838 0.3640657663345337
Car 0.0 0 1.6897094249725342 414.9014892578125 193.18585205078125 468.8819580078125 237.43203735351562 3.8803635 1.4912007 1.6030897 -6.5341554 2.3425972 28.18316 1.4618884325027466 0.3523465692996979
Car 0.0 0 1.4980494976043701 486.0373229980469 184.2933807373047 513.9918212890625 208.43963623046875 4.040076 1.5549707 1.6439476 -7.7853556 2.3925915 50.65499 1.3455491065979004 0.33981385827064514
