Car 0.0 0 -1.8501923084259033 735.4471435546875 185.16712951660156 976.791259765625 335.31475830078125 4.289169 1.4017588 1.6579117 2.7380164 1.5965327 9.238098 -1.5620570182800293 0.9584452509880066
Car 0.0 0 0.44525229930877686 19.697132110595703 179.97166442871094 383.30047607421875 290.8902893066406 4.386681 1.4676237 1.6137332 -5.818428 1.5816948 10.594196 -0.05698341131210327 0.9314172267913818
Car 0.0 0 -0.2791183590888977 738.8167114257812 178.54515075683594 863.7984619140625 220.27520751953125 4.078418 1.4445984 1.5942601 6.7991915 1.6571273 26.05131 -0.023821033537387848 0.8876836895942688
Car 0.0 0 -0.3130047619342804 832.4052124023438 179.2750244140625 1057.346923828125 259.2411193847656 3.7037256 1.4468964 1.5840453 6.3869295 1.582468 14.201516 0.10962939262390137 0.8682544231414795
Car 0.0 0 3.79946231842041 0.0 167.72862243652344 178.89816284179688 312.79107666015625 3.8809242 1.4626112 1.6139288 -7.4115715 1.4112918 8.22355 3.065950393676758 0.807417631149292
Car 0.0 0 -0.18262028694152832 684.2612915039062 176.9588165283203 765.9736938476562 207.8177490234375 4.0147915 1.5807263 1.7135276 5.9984946 1.8030771 38.109154 -0.026498232036828995 0.8004486560821533
Car 0.0 0 2.8815929889678955 725.4888916015625 175.41880798339844 824.98828125 214.95925903320312 3.5325043 1.5035483 1.5551351 6.410174 1.6078236 28.387594 3.103677272796631 0.7900959253311157
Car 0.0 0 3.3808250427246094 297.3149108886719 170.67575073242188 461.03466796875 224.7899627685547 4.220884 1.4865701 1.6521648 -6.587778 1.42709 20.785547 3.073899984359741 0.7654017210006714
Car 0.0 0 -2.867704391479492 359.1305236816406 175.73170471191406 496.4316101074219 221.94810485839844 4.025291 1.430666 1.5443809 -5.8530498 1.5271134 23.263067 -3.1141908168792725 0.7630937695503235
Car 0.0 0 -2.2960805892944336 0.0 212.1504669189453 140.06396484375 375.0 4.1730785 1.4353337 1.6102854 -6.545054 1.8060656 5.9641614 -3.127882719039917 0.7614290714263916
Car 0.0 0 0.32894808053970337 407.73968505859375 175.01220703125 519.731689453125 214.76109313964844 3.9634666 1.4778169 1.5593776 -5.6714425 1.5648974 27.962648 0.12884044647216797 0.718463122844696
Car 0.0 0 2.80121111869812 766.1510620117188 177.44302368164062 933.7955932617188 238.245361328125 3.7930717 1.4911841 1.6224089 6.077629 1.6158534 18.682865 3.1157188415527344 0.697744607925415
