Pedestrian 0.0 0 3.544055223464966 241.3008575439453 139.37661743164062 346.1771240234375 294.91888427734375 0.9836899 1.8014225 0.64519745 -3.775043 1.3268332 8.513644 3.1266942024230957 0.8271981477737427
Pedestrian 0.0 0 2.5944137573242188 819.2680053710938 184.52308654785156 869.1632080078125 274.35125732421875 0.7069361 1.7249649 0.6363306 4.686483 1.8084671 13.995955 2.917524576187134 0.2079095095396042
Pedestrian 0.0 0 1.0617763996124268 834.2376708984375 171.19924926757812 872.6921997070312 236.60072326660156 0.86935645 1.6061461 0.5608165 6.2217145 1.3793336 17.835457 1.3974170684814453 0.16356734931468964
Pedestrian 0.0 0 -2.1588079929351807 1131.705322265625 212.48611450195312 1224.0 370.0 0.6450872 1.5706134 0.62139285 5.2943397 1.8801337 6.4476175 -1.4713143110275269 0.15921013057231903
Pedestrian 0.0 0 0.5735330581665039 248.9979248046875 169.08612060546875 303.09149169921875 261.03948974609375 0.76454455 1.724065 0.55404407 -6.3537745 1.5116988 13.577968 0.13585472106933594 0.14368024468421936
Pedestrian 0.0 0 1.983748197555542 740.1815185546875 129.7715301513672 795.7503051757812 236.84034729003906 0.8007143 1.7981731 0.68786037 2.8185322 0.9478606 12.395984 2.2073216438293457 0.1396009773015976
Car 0.0 0 3.680878162384033 0.0 209.2310028076172 284.9645690917969 322.28375244140625 3.8237338 1.3871638 1.613954 -6.8782687 1.8352213 10.059587 3.0811398029327393 0.1272675096988678
Car 0.0 0 1.8042609691619873 0.0 159.0294189453125 63.851070404052734 203.47225952148438 4.270409 1.8688575 1.7175598 -26.128672 0.9674841 32.023064 1.119879961013794 0.11376333236694336
Car 0.0 0 -3.1096434593200684 591.5931396484375 180.6413116455078 683.3388061523438 218.11630249023438 3.6892781 1.4999635 1.6977891 1.3394349 1.5074931 29.291706 -3.063947916030884 0.11232931911945343
Car 0.0 0 -0.4868217706680298 518.8458862304688 197.59182739257812 701.2123413085938 267.8970947265625 4.0776157 1.4302927 1.5708117 0.112624906 1.8780524 16.813824 -0.48012351989746094 0.11101130396127701
Car 0.0 0 -1.2234044075012207 473.42437744140625 141.67111206054688 579.6906127929688 204.84014892578125 4.3383894 1.6174626 1.6570796 -2.1548507 0.624828 20.403826 -1.3286244869232178 0.10927346348762512
Car 0.0 0 -0.9974230527877808 545.6470336914062 151.1151123046875 603.4845581054688 187.87574768066406 4.669095 2.4590492 1.8271065 -2.0748444 0.49470782 49.767464 -1.0390896797180176 0.10570748895406723
