Pedestrian 0.0 0 1.9974066019058228 1043.372314453125 118.59908294677734 1112.3011474609375 249.1189422607422 0.6684178 1.8105875 0.61764276 6.7183895 1.0583146 10.447167 2.5689034461975098 0.1725788563489914
Pedestrian 0.0 0 1.045910358428955 1155.6937255859375 83.75909423828125 1237.0662841796875 203.15780639648438 0.8926291 1.7838314 0.6199513 9.077012 0.45310035 11.265539 1.7241369485855103 0.1480049043893814
Pedestrian 0.0 0 1.5613985061645508 746.851318359375 147.935546875 762.459228515625 190.41639709472656 0.6314873 1.8168037 0.6551553 6.2161827 0.7514596 31.226864 1.7578951120376587 0.1269141435623169
Cyclist 0.0 0 1.5017937421798706 671.1768188476562 163.88714599609375 688.3980712890625 210.50009155273438 1.7867501 1.8419882 0.5727589 2.7922256 1.4880068 29.410446 1.5964499711990356 0.895545244216919
Car 0.0 0 1.5281383991241455 585.7133178710938 176.79359436035156 613.0604248046875 199.84512329101562 3.9774528 1.4426764 1.6387459 -0.7716659 1.7155914 47.88299 1.512024164199829 0.6146897673606873
Car 0.0 0 1.774319052696228 408.8587646484375 177.25494384765625 466.4535827636719 215.3089141845703 4.031952 1.4717659 1.5770291 -7.224976 1.6700778 30.413294 1.5410826206207275 0.2246772199869156
Car 0.0 0 1.8843584060668945 337.08612060546875 177.44891357421875 432.9989929199219 231.18203735351562 4.3005824 1.4953812 1.6102961 -6.9539027 1.6535094 22.60956 1.585976004600525 0.18198232352733612
Car 0.0 0 -0.9885463714599609 94.57130432128906 160.2648162841797 199.9522247314453 208.8857879638672 4.064512 1.9122132 1.7974333 -19.404367 1.4174516 30.419619 -1.556361198425293 0.16219665110111237
Car 0.0 0 2.1497316360473633 75.40628051757812 195.75770568847656 155.60101318359375 227.2461700439453 4.150258 1.5431491 1.7211832 -27.672577 2.8954008 40.493748 1.550248146057129 0.1316331923007965
Car 0.0 0 1.9107052087783813 253.04412841796875 181.07968139648438 382.96051025390625 252.63331604003906 4.10771 1.4764543 1.615276 -6.923569 1.6994946 17.447487 1.53294038772583 0.1254349946975708
