Pedestrian 0.0 0 -2.1307294368743896 758.4927368164062 171.5141143798828 781.9154663085938 209.51364135742188 0.8745373 1.6374115 0.632979 6.9728017 1.5800335 31.606749 -1.9135961532592773 0.6451467871665955
Pedestrian 0.0 0 -2.2312746047973633 888.0511474609375 161.66123962402344 931.6686401367188 230.4556884765625 1.0123434 1.7140296 0.5214366 7.6415067 1.4355174 18.531837 -1.8401715755462646 0.5631561279296875
Pedestrian 0.0 0 -2.06792950630188 919.96826171875 165.8788299560547 962.2379760742188 234.53492736816406 1.0650588 1.7038969 0.5373796 8.406045 1.531146 18.454224 -1.6405045986175537 0.4396965503692627
Pedestrian 0.0 0 0.7975727319717407 846.154296875 183.0021514892578 873.7512817382812 226.95777893066406 0.7917196 1.6771418 0.653753 9.742201 2.0819318 28.255026 1.129603385925293 0.3558700680732727
Pedestrian 0.0 0 -3.135263442993164 669.051513671875 173.1258544921875 678.0931396484375 196.69061279296875 0.70566016 1.8450136 0.5873059 4.982979 1.866904 56.82335 -3.047794818878174 0.28108325600624084
Pedestrian 0.0 0 1.6210800409317017 1070.1739501953125 163.6409912109375 1111.0494384765625 245.6377716064453 0.6943002 1.6995863 0.6954769 10.237106 1.5089817 15.43872 2.2065954208374023 0.1894838958978653
Cyclist 0.0 0 -1.9106367826461792 860.2197265625 159.01461791992188 917.6514282226562 247.32286071777344 1.7695926 1.7617987 0.56942904 5.8235416 1.486053 15.283761 -1.5465917587280273 0.8273959755897522
Cyclist 0.0 0 1.684314489364624 547.8065795898438 152.49102783203125 563.690185546875 193.71295166015625 1.5241908 1.7303444 0.51489705 -2.3678725 0.8759403 31.055946 1.6082162857055664 0.18348588049411774
Cyclist 0.0 0 -1.9264893531799316 918.935791015625 165.8416290283203 959.3307495117188 235.21180725097656 1.2261645 1.7237942 0.54928243 8.400204 1.5499003 18.557533 -1.5014277696609497 0.118623286485672
Car 0.0 0 -3.7944748401641846 1121.8050537109375 179.4545135498047 1207.5767822265625 203.2466583251953 4.4772625 1.5582905 1.6816734 37.258827 2.010687 48.56778 -3.140087127685547 0.4450475573539734
Car 0.0 0 -0.5412002801895142 935.4039306640625 193.4445037841797 1004.87255859375 217.98834228515625 3.8660185 1.5586116 1.671051 24.124784 2.9700143 48.457485 -0.07927045226097107 0.43886467814445496
Car 0.0 0 2.8986189365386963 750.3895263671875 177.55911254882812 820.0250244140625 202.47708129882812 4.2496586 1.6313512 1.733873 11.693538 1.9533906 48.447803 3.13545298576355 0.3100270628929138
