Pedestrian 0.0 0 -1.269391655921936 681.2081909179688 149.0478973388672 701.680908203125 197.77859497070312 0.64751494 1.9777128 0.6768472 3.314767 1.0119112 29.712807 -1.1582908630371094 0.27657175064086914
Pedestrian 0.0 0 1.5022118091583252 772.5482788085938 149.58538818359375 814.01171875 241.01695251464844 0.6509847 1.8024261 0.76820886 3.6495056 1.3440809 14.608998 1.7470136880874634 0.20327576994895935
Pedestrian 0.0 0 1.9372683763504028 671.6431274414062 171.4456024169922 688.0616455078125 208.94979858398438 0.6372592 1.824165 0.6176714 3.402009 1.7560202 35.514984 2.0327677726745605 0.1381513774394989
Pedestrian 0.0 0 3.2794086933135986 186.36431884765625 110.3177490234375 279.2020263671875 283.082763671875 0.8125465 1.7718346 0.6766453 -4.132851 1.1308365 7.853382 2.7949814796447754 0.13690908253192902
Pedestrian 0.0 0 2.609769105911255 756.9862670898438 167.32603454589844 800.5751953125 250.35812377929688 0.6129659 1.7967119 0.8220625 3.70639 1.6774513 16.094614 2.8361105918884277 0.10894639045000076
Cyclist 0.0 0 -1.2690544128417969 166.6743927001953 131.3460693359375 262.5520935058594 324.78472900390625 1.4685299 1.7649174 0.44126606 -4.0304785 1.3865607 7.3439755 -1.770986795425415 0.1811019331216812
Cyclist 0.0 0 1.8866242170333862 525.6571655273438 191.7053985595703 541.4260864257812 222.669677734375 1.3357219 1.6722475 0.49178258 -4.3232384 2.7499053 40.52653 1.7803493738174438 0.11598031967878342
Car 0.0 0 -1.7491304874420166 661.029052734375 195.8856658935547 750.2385864257812 260.444580078125 3.9882374 1.4010118 1.6315197 2.3693366 2.077545 19.144411 -1.625995397567749 0.9681300520896912
Car 0.0 0 -0.7918199896812439 929.2405395507812 89.00080871582031 1242.0 252.03265380859375 3.7561924 1.6007323 1.564708 5.748706 0.7777755 8.187019 -0.17963695526123047 0.22223225235939026
Car 0.0 0 1.6377884149551392 535.0650634765625 189.5 563.8911743164062 217.19390869140625 3.4641838 1.5628558 1.5475653 -3.7355027 2.6314917 44.55811 1.5541496276855469 0.22061018645763397
Car 0.0 0 1.4628260135650635 598.30615234375 185.144775390625 627.846923828125 211.59451293945312 4.048121 1.777553 1.7178992 0.15694119 2.7088444 52.545456 1.4658128023147583 0.18883903324604034
Car 0.0 0 1.7276562452316284 749.1362915039062 146.04400634765625 809.9854125976562 191.2587890625 3.9433248 1.5161126 1.5625256 6.20465 0.6174955 26.31206 1.9592357873916626 0.11542282998561859
