Pedestrian 0.0 0 -0.41012606024742126 605.3905029296875 170.4462890625 621.48193359375 200.6087646484375 0.71399415 1.6276479 0.5568715 0.15021096 1.4980792 39.3302 -0.4063068628311157 0.15073943138122559
Pedestrian 0.0 0 3.3398330211639404 403.7262878417969 177.47898864746094 439.6953430175781 235.3353271484375 0.94318974 1.7257806 0.68751866 -5.765859 1.86923 21.94989 3.082953691482544 0.1441163420677185
Pedestrian 0.0 0 -1.5815482139587402 846.3316650390625 145.93634033203125 863.5269775390625 191.5228271484375 0.6398752 1.9120262 0.68405306 10.366268 0.78338116 30.670782 -1.2556169033050537 0.1337415724992752
Pedestrian 0.0 0 0.10233431309461594 602.04248046875 167.53826904296875 615.7611083984375 199.23329162597656 0.7146105 1.7686615 0.6050827 -0.09432628 1.4723886 40.597572 0.10001087188720703 0.11851125955581665
Cyclist 0.0 0 -3.1114706993103027 616.0887451171875 166.70468139648438 638.103515625 194.7609405517578 1.4319214 1.8334785 0.5894474 1.0981698 1.4319782 47.482204 -3.0883467197418213 0.17521744966506958
Car 0.0 0 -1.8655495643615723 845.7323608398438 161.04791259765625 1038.3804931640625 280.04278564453125 4.291364 1.65702 1.7178615 5.2997365 1.4929764 12.273534 -1.4579317569732666 0.9786311388015747
Car 0.0 0 1.7200284004211426 582.940673828125 178.75917053222656 666.0538940429688 248.89210510253906 3.59411 1.5359417 1.5524582 0.40766984 1.6994028 18.023083 1.7426438331604004 0.9645248055458069
Car 0.0 0 -1.442732572555542 654.6348876953125 174.4974365234375 699.6337280273438 208.029541015625 4.179722 1.5058862 1.6431817 3.2610295 1.5906541 34.837433 -1.3493975400924683 0.8479055166244507
Car 0.0 0 -1.6983309984207153 764.07958984375 166.44052124023438 810.9198608398438 204.87757873535156 3.7272942 1.7092848 1.6726706 8.269584 1.424437 34.02857 -1.4599335193634033 0.5514014363288879
Car 0.0 0 -1.7066125869750977 748.8016357421875 172.6752471923828 784.9736938476562 199.84396362304688 4.2139854 1.5896134 1.6083014 9.562542 1.5795127 44.375923 -1.4943686723709106 0.2529251277446747
