Pedestrian 0.0 0 1.1134130954742432 973.2816162109375 146.37660217285156 992.5659790039062 183.002197265625 0.70050585 1.9462317 0.6785604 19.959965 0.53961855 38.695328 1.58963942527771 0.5997510552406311
Car 0.0 0 -0.3385811448097229 813.7421264648438 159.62313842773438 948.1946411132812 209.0960693359375 4.034229 1.6500417 1.6203102 9.2308655 1.2091184 24.905323 0.016360044479370117 0.9413986206054688
Car 0.0 0 1.7918161153793335 431.93206787109375 189.3855438232422 495.0714416503906 231.24026489257812 4.1047297 1.4713923 1.6296453 -5.8554997 2.18523 29.06788 1.5930341482162476 0.9405990839004517
Car 0.0 0 1.975435733795166 166.5200958251953 200.18734741210938 366.4827575683594 310.06512451171875 4.0747895 1.4758748 1.6846894 -5.8477173 2.0380495 12.770289 1.5460184812545776 0.9390965104103088
Car 0.0 0 1.8280847072601318 384.1771545410156 192.294189453125 463.1885986328125 244.3726806640625 3.6647444 1.4287167 1.5529207 -5.8859262 2.0983763 23.001322 1.5775654315948486 0.8963139057159424
Car 0.0 0 1.9057124853134155 317.340087890625 194.1437530517578 432.2161865234375 265.11328125 3.7486796 1.4940488 1.6022393 -5.8406568 2.087859 18.21661 1.595444917678833 0.8872024416923523
Car 0.0 0 -1.6723428964614868 668.2471313476562 178.4575958251953 715.1567993164062 216.51551818847656 3.866036 1.4952929 1.5952773 3.3902736 1.7503719 30.856724 -1.5629103183746338 0.8590273261070251
Car 0.0 0 -1.6638100147247314 657.90185546875 176.86817932128906 698.0086059570312 208.5144500732422 4.1248765 1.488991 1.6332293 3.3462298 1.7040961 36.53373 -1.5724719762802124 0.8329386115074158
Car 0.0 0 1.7901641130447388 474.75640869140625 187.7230224609375 523.76318359375 220.68582153320312 4.0413632 1.496195 1.6222075 -5.602003 2.2953243 36.687588 1.6386396884918213 0.7504441738128662
Car 0.0 0 -0.7294182777404785 1077.04296875 141.3284912109375 1199.2860107421875 177.1818084716797 4.4919233 1.5660182 1.6584256 23.74544 0.1893901 32.56075 -0.09931968152523041 0.6660647988319397
Car 0.0 0 -0.5609297752380371 805.9293212890625 158.48989868164062 911.8262329101562 200.17173767089844 3.537439 1.5206981 1.5373669 9.40942 0.9970039 27.474628 -0.23097287118434906 0.5527781248092651
