Car 0.0 0 -1.3921725749969482 431.3247375488281 185.35069274902344 499.5118408203125 234.1535186767578 3.3889093 1.4637046 1.5866727 -4.5695357 1.4695278 23.27211 -1.5860583782196045 0.9529467225074768
Car 0.0 0 -1.5657991170883179 578.4044189453125 180.2425537109375 610.0079956054688 208.49371337890625 4.0018516 1.4778371 1.6534697 -0.76801896 1.2188201 39.612682 -1.585184931755066 0.9216983318328857
Car 0.0 0 -1.2450629472732544 261.2361145019531 193.76661682128906 445.0030517578125 302.37939453125 4.168279 1.4943577 1.6688406 -4.142239 1.6666423 12.299821 -1.569905400276184 0.9107373952865601
Car 0.0 0 -1.3453493118286133 381.2038879394531 179.75497436523438 437.7498474121094 218.494140625 3.671595 1.6118102 1.6294966 -8.726756 1.3857391 31.774294 -1.6133885383605957 0.8738727569580078
Car 0.0 0 -0.9427924752235413 0.8458226919174194 186.50839233398438 252.58848571777344 288.0648498535156 4.143058 1.5297769 1.6214243 -8.391042 1.5580748 12.990974 -1.5162893533706665 0.8601371645927429
Car 0.0 0 -1.186169147491455 262.6255798339844 189.1188201904297 366.2804260253906 243.26499938964844 3.588158 1.4243592 1.5595831 -8.4675665 1.5490586 20.959646 -1.5701136589050293 0.7285848259925842
Car 0.0 0 -1.188596487045288 249.0703582763672 173.60952758789062 336.9460754394531 215.81036376953125 4.487519 1.5609115 1.6710764 -12.532769 1.1327578 28.851013 -1.5983988046646118 0.7268307209014893
Car 0.0 0 -1.4503099918365479 475.5661315917969 182.97386169433594 520.3701171875 217.10470581054688 3.9743905 1.4948905 1.5976205 -5.0866666 1.3978319 33.49169 -1.601036548614502 0.7073823809623718
Car 0.0 0 -1.1205604076385498 363.083740234375 181.40394592285156 415.5506896972656 207.01614379882812 3.539713 1.4079881 1.4996694 -12.54293 1.199575 41.378944 -1.4148802757263184 0.6849483847618103
Car 0.0 0 -1.4300570487976074 506.1319580078125 182.7023162841797 540.2970581054688 209.31552124023438 3.4553013 1.5173981 1.5493249 -5.011447 1.3752252 42.72878 -1.5468087196350098 0.5824878215789795
