Car 0.0 0 -0.9945724010467529 0.0 195.7657928466797 213.51864624023438 298.5953674316406 3.8804832 1.3588092 1.5206133 -8.326989 1.5629838 11.864922 -1.6065160036087036 0.9625367522239685
Car 0.0 0 -1.2616338729858398 308.8468017578125 187.790771484375 446.0152587890625 272.7828369140625 3.4326012 1.4375039 1.552328 -4.3662133 1.4948938 13.980082 -1.5643517971038818 0.9535090923309326
Car 0.0 0 -1.3737789392471313 424.2884521484375 182.5123748779297 496.5436706542969 230.0799560546875 4.11737 1.4589838 1.5928515 -4.879055 1.3771994 24.10565 -1.573483943939209 0.9422839879989624
Car 0.0 0 -1.4222700595855713 480.2282409667969 179.9296875 524.3488159179688 213.07911682128906 3.5287704 1.4551276 1.5188779 -4.86861 1.2242243 33.3181 -1.5673681497573853 0.9133537411689758
Car 0.0 0 -1.2594664096832275 281.17791748046875 178.74716186523438 376.67694091796875 236.10073852539062 4.01334 1.6289228 1.6221685 -8.619896 1.4463387 22.461044 -1.6259044408798218 0.901584267616272
Car 0.0 0 -1.5485330820083618 576.8128662109375 177.434326171875 610.7361450195312 208.77769470214844 3.754305 1.5685377 1.6978781 -0.7257474 1.1802614 37.850193 -1.5677049160003662 0.7068105936050415
Car 0.0 0 -1.0441299676895142 64.15101623535156 164.2620391845703 231.2245635986328 238.24456787109375 4.651851 1.7720004 1.7005377 -12.296868 1.271258 19.567755 -1.6051884889602661 0.6173722147941589
Car 0.0 0 -0.7306556701660156 0.0 203.21751403808594 147.92718505859375 376.0 3.827826 1.535919 1.6003138 -4.0124927 1.6654222 3.161738 -1.6340874433517456 0.3671170175075531
Car 0.0 0 -1.2473258972167969 420.9523620605469 179.76370239257812 466.9099426269531 206.4780731201172 3.4895635 1.4704216 1.5516402 -9.405089 1.1714622 41.377228 -1.4708294868469238 0.3146404027938843
Car 0.0 0 -1.5061134099960327 467.30023193359375 174.5853729248047 493.9034729003906 196.46630859375 4.1437125 1.5489961 1.6703386 -9.360562 0.79758525 53.03651 -1.680807113647461 0.30542945861816406
