Pedestrian 0.0 0 -1.724250316619873 709.95654296875 162.77305603027344 758.8943481445312 269.3231506347656 0.95878553 1.7200214 0.66538477 2.1783235 1.4190077 12.080892 -1.5458556413650513 0.9189764261245728
Pedestrian 0.0 0 -1.3531618118286133 375.04644775390625 162.95709228515625 425.9558410644531 268.366455078125 0.825291 1.635776 0.62955844 -3.2661147 1.3493214 11.574758 -1.628186821937561 0.7774088382720947
Pedestrian 0.0 0 -1.6202443838119507 662.3233032226562 165.01641845703125 700.855224609375 269.79705810546875 0.8370809 1.6774995 0.5907558 1.2777003 1.4148976 11.932412 -1.5135726928710938 0.7356534004211426
Pedestrian 0.0 0 -1.5028995275497437 498.3807067871094 171.59788513183594 516.6298217773438 217.77027893066406 0.83907413 1.7156433 0.6296338 -3.5622046 1.3487433 27.127232 -1.633467197418213 0.7316316962242126
Pedestrian 0.0 0 -1.8925213813781738 747.3541870117188 168.9890899658203 771.6705932617188 222.36752319335938 0.82080644 1.6964113 0.5352137 5.087573 1.2999061 23.263182 -1.6772148609161377 0.6894037127494812
Pedestrian 0.0 0 -1.8662023544311523 705.7214965820312 166.40078735351562 730.5358276367188 221.06253051757812 0.7430899 1.7785194 0.61983144 3.8326755 1.2883319 23.779755 -1.7064027786254883 0.5414039492607117
Pedestrian 0.0 0 1.534075379371643 765.2923583984375 150.63150024414062 788.0868530273438 213.57211303710938 0.77284914 1.7978218 0.61570597 5.0770726 0.91724193 20.955849 1.7717701196670532 0.4838544726371765
Pedestrian 0.0 0 -2.973973512649536 732.1484985351562 161.66819763183594 759.881103515625 214.213134765625 0.85772514 1.8011882 0.62222314 5.0247645 1.1224451 25.065031 -2.7761268615722656 0.3894263505935669
Pedestrian 0.0 0 2.9530701637268066 577.9666137695312 173.0054168701172 590.64501953125 195.70193481445312 0.9659821 1.8397417 0.44798538 -1.3716621 1.151685 58.545002 2.929645299911499 0.37749025225639343
Pedestrian 0.0 0 2.6099421977996826 767.592529296875 154.24574279785156 804.05419921875 219.21218872070312 0.7869274 1.7830204 0.6116216 5.1289363 1.0361751 20.115494 2.8595972061157227 0.37736308574676514
Pedestrian 0.0 0 2.6043667793273926 782.52978515625 147.45758056640625 816.697998046875 208.65835571289062 0.80241776 1.838484 0.6213855 6.033077 0.8169655 21.982582 2.8722198009490967 0.37563803791999817
Pedestrian 0.0 0 0.020813167095184326 426.0269775390625 178.94659423828125 438.556396484375 211.18043518066406 0.6562184 1.7493013 0.6415048 -9.268368 1.6115572 39.362988 -0.210433691740036 0.3047858774662018
Pedestrian 0.0 0 1.9218815565109253 528.2910766601562 165.34417724609375 539.0806884765625 190.4331817626953 0.9663995 1.8609279 0.5039693 -5.0536675 0.6631846 53.809906 1.8282392024993896 0.28773340582847595
Pedestrian 0.0 0 1.3932249546051025 545.95703125 167.83656311035156 569.0181884765625 216.1071319580078 1.6140368 1.6841108 0.5498117 -1.6188104 1.2084712 25.908596 1.3308244943618774 0.14819447696208954
Cyclist 0.0 0 1.8047611713409424 522.1325073242188 168.00759887695312 566.6624755859375 244.91043090820312 1.8776771 1.7629105 0.6641073 -1.3924271 1.4548224 17.44312 1.7251033782958984 0.9464263319969177
Cyclist 0.0 0 1.7951122522354126 583.9339599609375 172.5110626220703 611.863525390625 224.17587280273438 1.6001658 1.6453316 0.583727 -0.12805295 1.3601687 23.718048 1.7897133827209473 0.7948384881019592
Cyclist 0.0 0 1.4267659187316895 546.4859619140625 168.28042602539062 568.56201171875 216.62413024902344 1.666615 1.6845142 0.5568708 -1.6171143 1.2249488 25.900127 1.3644102811813354 0.7299889922142029
Cyclist 0.0 0 -2.6031687259674072 265.8509521484375 175.74122619628906 349.5052490234375 233.80699157714844 1.9791456 1.5767894 0.91424894 -8.234979 1.4215668 20.103485 -2.9919486045837402 0.463924765586853
Cyclist 0.0 0 -1.1541978120803833 415.1952209472656 181.86785888671875 437.1112060546875 220.19676208496094 1.5229486 1.6351357 0.34748024 -7.6745615 1.652577 31.436672 -1.3936419486999512 0.35160937905311584
Cyclist 0.0 0 1.496203899383545 765.2913208007812 151.77456665039062 787.5682373046875 214.8364715576172 0.8910104 1.8005351 0.5650234 5.077949 0.95295966 20.992579 1.7335376739501953 0.10277754813432693
Car 0.0 0 1.5921685695648193 553.4562377929688 169.59710693359375 579.5989379882812 196.3238983154297 3.9670925 1.7144563 1.6655186 -2.2899184 0.951622 48.08149 1.5445787906646729 0.6189606785774231
Car 0.0 0 -1.0588204860687256 493.3230285644531 186.41001892089844 569.67333984375 222.5552520751953 3.7810726 1.4185314 1.6122664 -2.9393883 1.6440581 30.80064 -1.1539649963378906 0.3401099145412445
