Pedestrian 0.0 0 -0.9793273210525513 1159.294677734375 100.3518295288086 1242.0 284.6574401855469 1.0505351 1.9200327 0.59936756 6.6935935 1.1650879 7.9468746 -0.27932479977607727 0.17644061148166656
Cyclist 0.0 0 -1.5911049842834473 690.745361328125 169.9437713623047 716.2220458984375 244.66943359375 1.8794806 1.8480117 0.61312056 2.3717325 1.776398 18.808048 -1.4656651020050049 0.9546100497245789
Car 0.0 0 1.9638609886169434 261.7031555175781 187.67184448242188 457.154052734375 297.4194030761719 4.4387503 1.5260291 1.6808968 -4.248947 1.8385482 12.921222 1.6461646556854248 0.9587710499763489
Car 0.0 0 1.788259744644165 525.4698486328125 181.8547821044922 582.3956909179688 221.9954833984375 3.5708718 1.4620115 1.5464119 -2.229947 1.8475033 28.994864 1.7115024328231812 0.9348593354225159
Car 0.0 0 2.257319450378418 0.0 175.28761291503906 244.10084533691406 375.0 4.215604 1.6342666 1.6488398 -4.6679816 1.6601433 5.4371734 1.5478935241699219 0.8596357107162476
Car 0.0 0 1.9680869579315186 422.1054992675781 175.4159393310547 500.8171691894531 214.51939392089844 3.9878228 1.4312675 1.6606926 -5.8742642 1.5414199 28.80197 1.7668927907943726 0.38603079319000244
Car 0.0 0 1.8620527982711792 631.0099487304688 178.5087127685547 666.2909545898438 201.61126708984375 3.6028764 1.5815866 1.5883316 2.809675 2.0073788 52.318558 1.9157044887542725 0.38379424810409546
Car 0.0 0 1.5679274797439575 675.1396484375 176.01210021972656 695.0390625 195.1720733642578 4.233626 1.6659279 1.7430582 6.803144 1.9632432 65.650345 1.671185851097107 0.28770288825035095
Car 0.0 0 -1.523079514503479 543.7861328125 169.45240783691406 570.1122436523438 193.62420654296875 4.060764 1.5957373 1.6179234 -3.645081 1.371534 49.681004 -1.596318006515503 0.19111746549606323
Car 0.0 0 1.2659051418304443 735.7575073242188 176.57664489746094 774.265380859375 200.2047576904297 3.80943 1.5788723 1.5815414 10.135876 1.85162 50.814087 1.462790846824646 0.16212846338748932
