Pedestrian 0.0 0 -1.040265440940857 195.491943359375 167.0697479248047 256.41717529296875 273.1206970214844 0.7768198 1.6689038 0.5663329 -6.1454535 1.4431151 11.702969 -1.523805856704712 0.9069052934646606
Pedestrian 0.0 0 -2.3940978050231934 743.97216796875 138.2774658203125 835.3759155273438 285.7809143066406 0.8761679 1.6961607 0.6469187 2.2477996 1.2004884 8.801095 -2.144043207168579 0.8265833854675293
Pedestrian 0.0 0 -1.9789705276489258 685.015625 150.3380584716797 761.9365844726562 297.7757873535156 0.9462538 1.6360816 0.5616374 1.3756186 1.2916391 8.496106 -1.8184518814086914 0.8203720450401306
Pedestrian 0.0 0 -1.9467087984085083 597.0305786132812 164.30752563476562 634.589111328125 236.4221649169922 0.77780914 1.6862271 0.6619568 0.30463368 1.2854269 17.274189 -1.9290754795074463 0.812616765499115
Pedestrian 0.0 0 -3.698411226272583 1059.054443359375 136.50682067871094 1228.6524658203125 343.055908203125 0.9945305 1.6961856 0.6301549 4.629282 1.32809 6.250485 -3.0609354972839355 0.7937337756156921
Pedestrian 0.0 0 -0.4034612774848938 988.43798828125 132.07919311523438 1082.352294921875 280.7767639160156 0.83960575 1.8090668 0.62233734 5.429522 1.2091503 9.101331 0.13442754745483398 0.6210645437240601
Pedestrian 0.0 0 1.5981571674346924 724.9097900390625 147.10888671875 769.0724487304688 259.84405517578125 0.78727597 1.7249974 0.6667417 2.2838428 1.2000705 11.446788 1.7950894832611084 0.5403633117675781
Pedestrian 0.0 0 0.3753110468387604 314.93035888671875 168.57473754882812 343.0888671875 218.15260314941406 0.7690598 1.7173523 0.56736004 -9.563681 1.2706945 25.168491 0.012176036834716797 0.28305771946907043
Pedestrian 0.0 0 -2.240487575531006 619.0518188476562 171.53175354003906 656.5348510742188 242.33399963378906 0.69516385 1.734571 0.650033 0.8787188 1.4915515 18.067541 -2.1918907165527344 0.27792027592658997
Pedestrian 0.0 0 -0.04640991985797882 579.8571166992188 165.89794921875 600.22314453125 202.9246826171875 0.9687683 1.7936548 0.57820106 -0.5693477 1.0387567 35.113934 -0.0626227930188179 0.2638571858406067
Pedestrian 0.0 0 1.9503071308135986 1126.3436279296875 134.31106567382812 1238.0 304.41448974609375 1.4943148 1.6555918 0.5643793 6.2110295 1.1976798 7.5977836 2.635615587234497 0.1516079157590866
Cyclist 0.0 0 -1.3647587299346924 468.620361328125 170.8170623779297 493.5547790527344 218.35629272460938 1.8110499 1.6878862 0.54851866 -4.4321527 1.3096435 26.417685 -1.5309828519821167 0.5697342157363892
Cyclist 0.0 0 1.9393266439437866 1115.83056640625 133.382080078125 1238.0 300.3701171875 1.503491 1.6162193 0.63335013 6.1320333 1.1518741 7.599902 2.618234634399414 0.47798892855644226
Cyclist 0.0 0 -1.5593241453170776 946.6889038085938 138.19265747070312 986.6348266601562 212.19944763183594 1.8912578 1.554533 0.7561946 8.155073 0.64608353 16.09954 -1.0904576778411865 0.41151270270347595
Cyclist 0.0 0 -3.698411226272583 1059.054443359375 136.50682067871094 1228.6524658203125 343.055908203125 0.9945305 1.6961856 0.6301549 4.629282 1.32809 6.250485 -3.0609354972839355 0.10383012890815735
Car 0.0 0 1.5304208993911743 513.5005493164062 163.25534057617188 563.8818969726562 212.27024841308594 3.9906397 1.6836576 1.6922768 -2.423981 1.0580257 26.76072 1.4400875568389893 0.93856281042099
Car 0.0 0 1.5906425714492798 577.9061889648438 165.5826416015625 604.2833862304688 191.00721740722656 3.840493 1.5253499 1.5792433 -0.6071288 0.57114303 45.019253 1.5771573781967163 0.2833248972892761
Car 0.0 0 0.9975086450576782 0.0 162.66903686523438 164.255615234375 229.19261169433594 3.910317 1.4554095 1.5549287 -12.587617 1.0446465 17.135704 0.36394691467285156 0.2311730980873108
