Car 0.0 0 -1.7048437595367432 676.5079345703125 180.4707489013672 765.736328125 248.18939208984375 4.316928 1.5083295 1.6857237 2.7013767 1.7292162 18.72186 -1.5615428686141968 0.9798489212989807
Car 0.0 0 0.4840649366378784 15.78062629699707 179.278076171875 374.84197998046875 288.6769714355469 4.3565493 1.4691068 1.6049519 -5.960264 1.571935 10.647069 -0.02627362310886383 0.9636724591255188
Car 0.0 0 -0.15804380178451538 750.7463989257812 180.02886962890625 867.3994140625 226.95396423339844 3.4684255 1.4526912 1.5588349 6.3853874 1.6971562 23.586731 0.1063385009765625 0.9573615789413452
Car 0.0 0 -2.6881446838378906 184.9914093017578 177.36520385742188 402.2119445800781 249.7810516357422 3.9495332 1.4387995 1.5191346 -6.6514454 1.5399947 15.281902 -3.0986649990081787 0.936393678188324
Car 0.0 0 0.22862093150615692 312.7466125488281 179.842529296875 480.646484375 235.2770538330078 4.202756 1.4472706 1.6349562 -5.853541 1.6504552 20.00436 -0.056045304983854294 0.9233124852180481
Car 0.0 0 3.986830234527588 0.0 178.33204650878906 129.52980041503906 375.0 4.0375004 1.453326 1.5901984 -6.101862 1.499748 5.2366333 3.1252706050872803 0.8403499722480774
Car 0.0 0 -2.3442931175231934 914.5962524414062 0.0 1242.0 375.0 3.6908228 1.6844985 1.583919 2.728761 1.2475379 2.8437116 -1.579520344734192 0.799936830997467
Car 0.0 0 3.5778684616088867 76.22077178955078 180.6456756591797 338.28912353515625 265.405029296875 3.88192 1.4101716 1.4474076 -7.160682 1.5602496 13.010115 3.074723243713379 0.783439040184021
Car 0.0 0 3.4686925411224365 208.74822998046875 166.2079315185547 392.9176025390625 228.40472412109375 3.8306477 1.4349568 1.5265001 -7.4539266 1.2819817 17.547863 3.0670108795166016 0.7781633138656616
Car 0.0 0 3.2687339782714844 425.6378479003906 176.40341186523438 522.0504150390625 210.96139526367188 4.101379 1.5050694 1.6180298 -6.1189184 1.6700788 32.54027 3.0828630924224854 0.591061532497406
Car 0.0 0 -1.6047050952911377 630.9066162109375 176.04959106445312 651.1726684570312 194.5014190673828 3.726061 1.5198983 1.6079034 2.6167932 1.8029094 61.94842 -1.5624886751174927 0.5314788222312927
Car 0.0 0 -0.12481026351451874 667.8773193359375 175.5980224609375 727.2047729492188 200.2783660888672 3.69415 1.5887431 1.6658589 5.6955886 1.7728649 47.475014 -0.005410689860582352 0.5243450403213501
