Pedestrian 0.0 0 1.8358186483383179 447.1870422363281 163.9787139892578 483.1197204589844 240.5380859375 1.022631 1.7739767 0.59974176 -3.28145 1.3691933 17.174776 1.6470317840576172 0.8708353638648987
Pedestrian 0.0 0 2.556870222091675 665.0176391601562 162.73216247558594 709.5272827148438 237.51626586914062 0.90672296 1.8252176 0.6383992 2.117441 1.3683522 18.018745 2.673846960067749 0.6106702089309692
Pedestrian 0.0 0 2.7414941787719727 181.84947204589844 184.42616271972656 220.28036499023438 239.84584045410156 0.8769638 1.6820304 0.6134837 -12.503687 1.7765251 22.390049 2.2321877479553223 0.5976376533508301
Pedestrian 0.0 0 2.873412847518921 719.5399169921875 166.9422149658203 740.3593139648438 208.72909545898438 0.8108514 1.8689934 0.53842163 5.786753 1.2188144 32.43138 3.049985408782959 0.534089207649231
Pedestrian 0.0 0 1.9788918495178223 242.5592803955078 173.01620483398438 267.7326354980469 220.99655151367188 0.736999 1.7476063 0.59558463 -12.810924 1.4396428 26.542133 1.5292092561721802 0.46242555975914
Pedestrian 0.0 0 -2.661578893661499 710.6796875 166.34286499023438 737.6871337890625 207.41754150390625 0.9335017 1.6976211 0.6323996 5.1481223 1.0721601 30.220217 -2.492845058441162 0.44004565477371216
Pedestrian 0.0 0 1.2665371894836426 536.2627563476562 168.49295043945312 552.34228515625 206.9308624267578 0.7675898 1.7725674 0.5434153 -2.6847777 1.173673 33.581097 1.1867578029632568 0.3296297788619995
Pedestrian 0.0 0 2.4027035236358643 552.718017578125 167.7338409423828 570.281005859375 198.9895782470703 0.84188265 1.7560457 0.5572478 -2.2702515 0.9834236 40.85126 2.347187042236328 0.3260868191719055
Pedestrian 0.0 0 0.5494284629821777 264.6903991699219 174.29470825195312 341.8929748535156 286.4188537597656 0.9265233 1.6690586 0.58954394 -4.6202273 1.5631098 11.052508 0.15348029136657715 0.3110654652118683
Pedestrian 0.0 0 1.7572298049926758 224.73550415039062 159.547607421875 249.47169494628906 215.10369873046875 0.9838703 1.8747017 0.5912209 -12.589696 1.1350112 24.792074 1.2873526811599731 0.2737388014793396
Pedestrian 0.0 0 1.294293999671936 426.3718566894531 152.0572967529297 448.9367980957031 200.416015625 0.9841095 1.9347565 0.65304613 -6.708148 0.75780153 29.325274 1.069413423538208 0.2680608332157135
Cyclist 0.0 0 1.9766876697540283 605.9381713867188 166.28228759765625 633.5874633789062 207.10665893554688 1.6920108 1.8193338 0.6534591 0.84019315 1.1421038 32.91502 2.0022082328796387 0.8092244267463684
Cyclist 0.0 0 1.0099300146102905 556.2112426757812 165.19383239746094 584.4536743164062 199.9173583984375 1.7738645 1.8073537 0.66025215 -1.6732534 0.95947456 38.303993 0.9662742614746094 0.5984985828399658
Cyclist 0.0 0 2.846996784210205 754.6737670898438 136.47406005859375 863.77685546875 241.5581512451172 1.6631923 1.718847 0.569816 3.42274 0.9836534 12.046736 3.123823642730713 0.3607637286186218
Cyclist 0.0 0 -1.2435963153839111 190.47047424316406 174.06529235839844 230.33523559570312 242.5760498046875 1.5512937 1.7299844 0.4512907 -10.32099 1.5434302 18.939072 -1.7425599098205566 0.2662528455257416
Cyclist 0.0 0 1.7923014163970947 448.0298156738281 164.60426330566406 483.3999328613281 241.253662109375 1.0844849 1.7747473 0.6107767 -3.2684581 1.3847488 17.181955 1.6043211221694946 0.16101659834384918
Cyclist 0.0 0 0.5494284629821777 264.6903991699219 174.29470825195312 341.8929748535156 286.4188537597656 0.9265233 1.6690586 0.58954394 -4.6202273 1.5631098 11.052508 0.15348029136657715 0.126930370926857
Car 0.0 0 -1.4418996572494507 575.158203125 170.5342254638672 602.75439453125 192.76370239257812 3.9440253 1.7125626 1.7135113 -0.9374809 0.8683063 57.393833 -1.4582324028015137 0.5623201727867126
Car 0.0 0 -1.3238525390625 305.7060852050781 183.82481384277344 421.7080993652344 251.78932189941406 3.6340427 1.3318541 1.6094589 -5.203949 1.3910884 16.067448 -1.6370724439620972 0.42890664935112
Car 0.0 0 1.551026701927185 497.48321533203125 173.94931030273438 530.2467041015625 203.53375244140625 3.9237545 1.5109973 1.6671221 -4.768533 1.1262194 38.74589 1.4285705089569092 0.30709028244018555
Car 0.0 0 -2.1278951168060303 642.423828125 178.55099487304688 736.575439453125 220.600830078125 3.8151977 1.3993188 1.586873 3.0706334 1.3022667 25.965796 -2.0101850032806396 0.26748257875442505
