Pedestrian 0.0 0 1.943035364151001 238.13905334472656 176.63221740722656 264.66937255859375 219.2771453857422 0.9454188 1.7996788 0.7293111 -15.459492 1.965224 31.039957 1.4809479713439941 0.23649244010448456
Pedestrian 0.0 0 1.0056126117706299 945.6876220703125 149.7660675048828 1023.7044067382812 239.4319305419922 1.7118387 1.7328762 0.59102285 7.6025386 1.2870383 14.820921 1.4795743227005005 0.12013637274503708
Cyclist 0.0 0 -2.31668758392334 947.6282958984375 150.85325622558594 1051.9163818359375 238.6143798828125 2.0129826 1.654334 0.66860205 7.803988 1.2399688 14.656927 -1.827423095703125 0.33370742201805115
Car 0.0 0 -1.7879509925842285 724.7942504882812 173.87344360351562 838.652099609375 260.8697509765625 3.1681473 1.5269277 1.5124196 3.224355 1.5497177 14.286335 -1.5659750699996948 0.9787214398384094
Car 0.0 0 -1.934332013130188 781.8054809570312 178.33761596679688 1064.678955078125 352.19244384765625 3.6260345 1.4915067 1.6152195 3.114378 1.5673709 8.117153 -1.5679744482040405 0.9773507118225098
Car 0.0 0 -1.431533932685852 429.4853820800781 177.98550415039062 519.72021484375 250.29600524902344 3.768525 1.5798111 1.6891237 -3.2981114 1.7215035 17.95179 -1.61322820186615 0.9555358290672302
Car 0.0 0 -1.7756199836730957 679.4169311523438 178.36514282226562 770.94140625 243.31170654296875 3.7052498 1.5211946 1.6459473 2.8889432 1.6820397 19.113817 -1.6256111860275269 0.9195451140403748
Car 0.0 0 -1.5816303491592407 653.5230102539062 176.84373474121094 691.3041381835938 211.60015869140625 3.9170635 1.4347556 1.5809835 2.7220902 1.6246063 32.255486 -1.4974383115768433 0.8981770277023315
Car 0.0 0 -1.4498366117477417 505.6579284667969 181.78488159179688 556.2271728515625 222.65174865722656 3.9465685 1.5531169 1.6438986 -3.2894351 1.9527216 30.269335 -1.5580840110778809 0.2845901846885681
Car 0.0 0 -1.664456844329834 620.826171875 172.70294189453125 645.2872924804688 194.8525848388672 3.4761703 1.7034621 1.6176142 1.7768646 1.6922026 57.273876 -1.633442759513855 0.27452927827835083
