Pedestrian 0.0 0 -3.039687395095825 670.3565673828125 172.00726318359375 691.1935424804688 213.56094360351562 0.8245069 1.7418276 0.59619266 2.9652512 1.7066925 30.615854 -2.9431350231170654 0.34103330969810486
Pedestrian 0.0 0 -1.1602628231048584 0.0 153.28187561035156 24.670907974243164 199.26791381835938 0.69338816 1.9265242 0.7100812 -25.507504 1.1069342 30.657265 -1.8542264699935913 0.2518555819988251
Pedestrian 0.0 0 1.6959033012390137 535.80029296875 158.7275390625 549.5291748046875 196.04013061523438 0.8411565 1.8651899 0.59231824 -3.4397063 1.1593916 36.49522 1.601930022239685 0.24208523333072662
Pedestrian 0.0 0 -0.2638767659664154 809.935302734375 164.60006713867188 869.0816650390625 216.9716796875 1.744254 1.6814247 0.5769151 7.4129853 1.416785 23.487375 0.04184412956237793 0.10436660051345825
Cyclist 0.0 0 2.210416793823242 0.0 179.451904296875 79.71556854248047 278.99395751953125 1.7552326 1.7523177 0.4833159 -10.984036 1.8860966 13.702245 1.5346870422363281 0.32756727933883667
Cyclist 0.0 0 -0.2638767659664154 809.935302734375 164.60006713867188 869.0816650390625 216.9716796875 1.744254 1.6814247 0.5769151 7.4129853 1.416785 23.487375 0.04184412956237793 0.2570614516735077
Car 0.0 0 2.5317020416259766 998.821533203125 176.44149780273438 1221.491943359375 255.45570373535156 3.4219158 1.4853504 1.4859463 9.815924 1.5610725 14.392648 3.13025164604187 0.9449816942214966
Car 0.0 0 2.3823699951171875 0.0 183.5469970703125 75.82573699951172 310.17742919921875 4.3020096 1.728027 1.6049719 -11.71378 1.944752 12.405433 1.6256405115127563 0.6524665355682373
Car 0.0 0 -2.2901110649108887 78.94720458984375 158.38140869140625 193.06871032714844 199.21728515625 4.498202 1.7541218 1.7600275 -21.331854 1.132804 32.43882 -2.871812343597412 0.6166669726371765
Car 0.0 0 1.4250764846801758 122.73638916015625 187.19198608398438 203.27906799316406 238.1428680419922 3.925891 1.3949727 1.6079525 -14.291207 1.8906044 22.90419 0.8672282695770264 0.5806208252906799
Car 0.0 0 0.8885296583175659 187.7284698486328 179.2110137939453 299.13037109375 221.40945434570312 4.0253882 1.5006582 1.6373736 -14.117886 1.7587904 27.69148 0.417050838470459 0.4659506380558014
Car 0.0 0 1.6229336261749268 23.979820251464844 185.097412109375 92.02629852294922 237.0012664794922 3.7962375 1.3983463 1.4760323 -17.057346 1.8117465 22.35548 0.9711611270904541 0.4526676535606384
Car 0.0 0 -2.0373706817626953 1203.2325439453125 195.46949768066406 1242.0 296.113037109375 3.6516972 1.484525 1.7336768 13.018342 1.9720337 13.539352 -1.2715880870819092 0.26919832825660706
