Car 0.0 0 -1.7365972995758057 692.5037231445312 177.99404907226562 810.4673461914062 272.3280029296875 3.924166 1.6129519 1.652586 2.6359847 1.730842 14.522636 -1.557043433189392 0.9563784003257751
Car 0.0 0 -2.2545785903930664 869.33447265625 192.7537078857422 1242.0 375.0 3.7323267 1.5110109 1.6039606 2.7439013 1.6619419 3.5687215 -1.5991064310073853 0.9412529468536377
Car 0.0 0 3.4463977813720703 186.26390075683594 183.04786682128906 405.9667053222656 266.9135437011719 3.7599537 1.552744 1.6258363 -6.2494287 1.7734057 14.594572 3.0418179035186768 0.9330233931541443
Car 0.0 0 -1.68384850025177 670.5745849609375 181.22671508789062 747.6268920898438 241.600830078125 4.341813 1.4963744 1.6733402 2.6755116 1.7619594 20.670025 -1.5551249980926514 0.9166659116744995
Car 0.0 0 -1.7291473150253296 648.8760986328125 176.15798950195312 702.9238891601562 220.1425323486328 3.759363 1.6770997 1.6308701 2.606016 1.8224672 29.732096 -1.6417207717895508 0.906715989112854
Car 0.0 0 3.8702902793884277 0.0 153.82208251953125 222.4380340576172 363.877685546875 4.338934 1.7817651 1.6938919 -6.4444613 1.6206877 6.998136 3.1260569095611572 0.9004420042037964
Car 0.0 0 3.6131439208984375 91.68397521972656 191.97177124023438 376.2394714355469 288.3486633300781 3.9662385 1.4683934 1.5120068 -6.185748 1.8083634 12.053665 3.139004707336426 0.8523212671279907
Car 0.0 0 -1.6873952150344849 636.8238525390625 177.18905639648438 669.3368530273438 203.493408203125 3.519047 1.4960668 1.5472374 2.5213711 1.7682016 43.430634 -1.62940514087677 0.8257066607475281
Car 0.0 0 0.7419753074645996 0.0 201.6084747314453 318.2691650390625 327.9077453613281 4.185832 1.4292735 1.5996884 -6.3967414 1.8656979 9.808528 0.16408228874206543 0.8116561770439148
Car 0.0 0 0.33766797184944153 223.37030029296875 182.18930053710938 422.43267822265625 248.85369873046875 4.062669 1.4658706 1.5503298 -6.678508 1.6966052 16.95236 -0.03761843219399452 0.6086616516113281
Car 0.0 0 0.3514806628227234 397.01287841796875 181.06297302246094 509.7265930175781 225.1154327392578 4.0064416 1.6346289 1.5963187 -6.1317806 1.9683523 28.233425 0.137620210647583 0.6048548817634583
