Pedestrian 0.0 0 0.9558883905410767 682.75830078125 175.66085815429688 693.0140380859375 196.54505920410156 0.765795 1.7489301 0.51415974 6.5613832 1.9884021 61.004974 1.0630314350128174 0.27324554324150085
Pedestrian 0.0 0 -2.0494613647460938 901.0601806640625 159.34547424316406 931.6239624023438 215.58787536621094 0.8242902 1.7747883 0.5900314 9.797391 1.3488704 23.200294 -1.6498832702636719 0.14186374843120575
Car 0.0 0 2.0419280529022217 186.00473022460938 182.88319396972656 278.1983337402344 221.8077850341797 4.426915 1.4792007 1.6490971 -16.022314 1.9383228 30.781845 1.5620059967041016 0.9402442574501038
Car 0.0 0 1.9180866479873657 411.15435791015625 177.60780334472656 449.4001159667969 198.02798461914062 3.6630902 1.4318 1.595347 -13.27788 1.7964113 53.37999 1.674291729927063 0.8097978830337524
Car 0.0 0 1.8708418607711792 375.2524719238281 178.7023162841797 412.7982482910156 199.29051208496094 4.0266275 1.4545094 1.5805255 -16.181244 1.9101006 54.141136 1.580420732498169 0.36039304733276367
Car 0.0 0 1.9508135318756104 244.34359741210938 172.3996124267578 299.23724365234375 202.5470733642578 4.094226 1.7499441 1.6260642 -20.565102 1.7239263 43.970184 1.5133335590362549 0.19841539859771729
Car 0.0 0 2.690666437149048 74.01776885986328 186.49452209472656 175.011962890625 220.95938110351562 3.6207936 1.4600453 1.6100258 -22.898695 2.1421905 34.09216 2.099207639694214 0.19625915586948395
Car 0.0 0 -1.6520936489105225 791.8994140625 168.21031188964844 830.8935546875 197.86524963378906 4.0028534 1.4519033 1.6179453 10.357222 1.2249067 37.44128 -1.3822165727615356 0.19486364722251892
Car 0.0 0 -0.7014829516410828 1155.85009765625 166.11007690429688 1226.72607421875 187.96485900878906 3.5819094 1.4556273 1.5539571 39.310963 1.0068091 48.874878 -0.024114346131682396 0.17056091129779816
Car 0.0 0 1.7941828966140747 457.45892333984375 178.1580352783203 483.9853515625 194.74009704589844 3.89267 1.5051548 1.6613352 -13.249237 2.025237 68.72581 1.603735327720642 0.16853830218315125
Car 0.0 0 1.9859046936035156 217.5930633544922 183.13723754882812 286.3511962890625 214.84774780273438 4.220902 1.5058725 1.663853 -18.691366 2.0755336 37.798073 1.5266621112823486 0.16502220928668976
