Pedestrian 0.0 0 1.1185917854309082 833.694580078125 144.17141723632812 904.6671142578125 269.7105407714844 0.84803134 1.6952354 0.6293843 3.669756 1.2063383 9.996173 1.4704326391220093 0.8845598101615906
Pedestrian 0.0 0 1.1623998880386353 544.9188232421875 147.8914794921875 585.6135864257812 233.12152099609375 0.7502629 1.6827272 0.57627964 -0.8582153 1.0405551 14.419307 1.1029515266418457 0.8197829723358154
Pedestrian 0.0 0 1.2887532711029053 474.3661804199219 141.1365509033203 511.1247863769531 216.62953186035156 0.9865517 1.8001345 0.6437001 -2.815175 0.86311334 17.438204 1.1286969184875488 0.7885237336158752
Pedestrian 0.0 0 1.3784458637237549 510.68701171875 141.84742736816406 548.956298828125 230.1414337158203 0.82119435 1.7019131 0.61055785 -1.5507169 0.9584973 14.106552 1.2689566612243652 0.6912158131599426
Pedestrian 0.0 0 -2.0896921157836914 1009.6280517578125 134.50933837890625 1155.948486328125 334.7850341796875 0.6993878 1.5858164 0.77647895 3.9446714 1.2233624 5.9677887 -1.505627155303955 0.6765454411506653
Pedestrian 0.0 0 -2.92470383644104 636.1324462890625 144.42416381835938 666.1593017578125 198.55224609375 0.9481725 1.8865988 0.64062697 1.6129186 0.6307284 25.078026 -2.86047625541687 0.5458382368087769
Pedestrian 0.0 0 -1.674630880355835 650.961669921875 137.40325927734375 673.7752075195312 199.3025360107422 0.81580466 1.7883633 0.5864596 1.6512891 0.5448027 20.837776 -1.5955511331558228 0.4950932264328003
Pedestrian 0.0 0 -0.6572773456573486 589.8114624023438 138.62232971191406 621.09326171875 193.62869262695312 0.9114812 1.9189366 0.6439329 -0.011076206 0.4595331 25.194351 -0.6577169895172119 0.4586632549762726
Pedestrian 0.0 0 -2.6629836559295654 264.6700134277344 142.81884765625 334.16302490234375 246.09375 0.8960194 1.6523554 0.5506283 -5.054463 1.0511272 11.612669 -3.07350754737854 0.4542863368988037
Pedestrian 0.0 0 1.4843897819519043 379.8562316894531 148.76564025878906 402.2147521972656 204.7698974609375 0.88336384 1.7741929 0.61795974 -6.9725275 0.7704111 22.919067 1.1890623569488525 0.3901168406009674
Pedestrian 0.0 0 1.2565479278564453 425.5330810546875 141.8760528564453 458.4295654296875 213.7807159423828 0.7472376 1.6966385 0.5729597 -3.9965937 0.78688467 17.146238 1.02754807472229 0.3821345865726471
Pedestrian 0.0 0 -1.331366777420044 339.0104064941406 142.692138671875 360.3782958984375 189.17666625976562 0.72874975 1.9440237 0.70028424 -10.836981 0.36434907 29.964315 -1.6783937215805054 0.34789416193962097
Pedestrian 0.0 0 -1.2262461185455322 354.3887939453125 155.4934539794922 373.1024475097656 193.48326110839844 0.75407916 1.8418286 0.6529778 -11.837401 0.63089645 34.656345 -1.555387020111084 0.34765541553497314
Pedestrian 0.0 0 2.5767273902893066 397.7630920410156 157.05892944335938 435.5172119140625 213.3896026611328 0.9511611 1.7979543 0.73227334 -6.1989655 1.0513146 23.16038 2.3152034282684326 0.2960069179534912
Pedestrian 0.0 0 1.6870230436325073 245.46466064453125 135.61111450195312 291.3627624511719 242.67237854003906 0.8571232 1.7629815 0.6196489 -5.8116455 1.025446 12.143877 1.2406692504882812 0.25974971055984497
Pedestrian 0.0 0 1.4769814014434814 466.9474792480469 143.5828094482422 493.7685241699219 212.17166137695312 0.8645275 1.7576187 0.6145351 -3.3245301 0.81319046 18.612125 1.3002238273620605 0.23717649281024933
Cyclist 0.0 0 0.42735716700553894 253.30618286132812 136.4321746826172 335.4810485839844 245.8836212158203 1.1015301 1.7579433 0.57407963 -5.146576 1.0518066 11.644406 0.011193990707397461 0.3127453029155731
Cyclist 0.0 0 -1.9693738222122192 638.1116943359375 144.0559844970703 665.2848510742188 197.42759704589844 1.0538995 1.8585131 0.60326254 1.6301795 0.59098446 25.212702 -1.9048066139221191 0.16117708384990692
Cyclist 0.0 0 2.908569574356079 586.9442749023438 140.38172912597656 620.4873046875 195.16139221191406 1.0788372 1.9186974 0.6266382 -0.07772499 0.5150543 25.190742 2.905484199523926 0.13025107979774475
