Pedestrian 0.0 0 -2.017404556274414 711.2329711914062 167.15834045410156 743.8870849609375 224.8383331298828 1.0687872 1.7501967 0.5996134 3.6087122 1.57773 22.488503 -1.8582918643951416 0.6912878155708313
Pedestrian 0.0 0 2.160139560699463 1179.24267578125 126.94918060302734 1242.0 282.27301025390625 0.7648864 1.7599401 0.48214105 7.1951118 1.2401605 8.510088 2.862003803253174 0.23733152449131012
Pedestrian 0.0 0 -2.452099084854126 17.310686111450195 142.5297393798828 62.792205810546875 209.94427490234375 0.7900539 1.8971845 0.64685 -16.338423 1.0441552 20.633986 -3.121832847595215 0.15477114915847778
Cyclist 0.0 0 -1.7353026866912842 757.610595703125 158.3716583251953 784.1979370117188 217.20977783203125 1.7823039 1.7758188 0.52548707 4.995196 1.3390791 22.677965 -1.518498182296753 0.41360941529273987
Cyclist 0.0 0 1.1294056177139282 712.07080078125 165.77099609375 745.4208984375 223.94076538085938 1.1292304 1.7574483 0.5948958 3.6336555 1.5438119 22.42156 1.290069580078125 0.26656976342201233
Car 0.0 0 1.6679234504699707 401.3736267089844 182.07005310058594 472.4062194824219 241.8547821044922 3.5056245 1.4265444 1.5414919 -4.665826 1.7010977 19.62309 1.434485912322998 0.9278041124343872
Car 0.0 0 2.4739956855773926 503.160400390625 175.25970458984375 580.7086181640625 203.77880859375 4.4451694 1.5764375 1.688921 -3.983287 1.7252824 42.387833 2.380298376083374 0.8887609243392944
Car 0.0 0 1.1602154970169067 345.4169616699219 182.03622436523438 427.9065246582031 221.53411865234375 4.1795382 1.4370953 1.6661068 -9.190522 1.8381969 29.362667 0.856874942779541 0.8027211427688599
Car 0.0 0 2.6832804679870605 622.1890869140625 171.39833068847656 701.0346069335938 196.68557739257812 4.700825 1.5477825 1.7734812 3.2531595 1.4590417 45.870354 2.754082679748535 0.42763760685920715
Car 0.0 0 -0.10970591008663177 719.4268188476562 143.68667602539062 830.8182373046875 185.83523559570312 3.8219886 1.4856665 1.5628737 5.926461 0.4579247 26.418526 0.11097049713134766 0.22428567707538605
Car 0.0 0 0.5045218467712402 189.72325134277344 192.05447387695312 275.6107482910156 220.21493530273438 4.121313 1.5291883 1.498519 -21.467113 2.6434329 41.060177 0.022784709930419922 0.17394384741783142
