Car 0.0 0 3.5040996074676514 180.1780242919922 190.39999389648438 415.65423583984375 266.9185791015625 4.234392 1.4699953 1.6913613 -6.480966 1.8630325 15.215226 3.1014223098754883 0.9691286683082581
Car 0.0 0 -0.571199357509613 979.2167358398438 200.2875213623047 1242.0 340.9134521484375 3.457492 1.435062 1.5010672 6.4537725 1.7949779 8.578146 0.07380437850952148 0.9380394220352173
Car 0.0 0 2.6802432537078857 810.7525024414062 198.59303283691406 1110.3289794921875 298.4187927246094 4.539583 1.596518 1.7264185 6.0596414 2.090631 12.923639 3.1186866760253906 0.9343702793121338
Car 0.0 0 -0.39026695489883423 778.7587280273438 196.38998413085938 927.9139404296875 249.958251953125 3.693449 1.3909792 1.5287273 6.7706003 2.0862 20.40799 -0.0699310153722763 0.9299877882003784
Car 0.0 0 3.454577922821045 274.8938293457031 192.4695281982422 458.63916015625 255.8606719970703 3.973224 1.435932 1.525371 -5.8858967 1.9362788 17.60707 3.131965160369873 0.9173336625099182
Car 0.0 0 0.3150046467781067 356.7509460449219 189.63026428222656 501.82281494140625 247.33059692382812 4.043206 1.6616004 1.6197761 -5.5596943 2.2020965 22.278112 0.07044148445129395 0.9015102386474609
Car 0.0 0 -2.211662769317627 852.8837890625 219.33673095703125 1242.0 375.0 4.0624323 1.4866438 1.6452249 2.682798 1.8524015 3.6340017 -1.5757249593734741 0.8763338923454285
Car 0.0 0 -0.24090200662612915 759.4025268554688 189.94692993164062 886.819580078125 242.4822540283203 3.5527241 1.5451112 1.615063 6.5732045 2.1034582 22.671257 0.04129600524902344 0.8445408344268799
Car 0.0 0 -2.922755479812622 466.9004211425781 190.67630004882812 545.0939331054688 220.07110595703125 4.1102376 1.5709991 1.63774 -5.867549 2.6009932 40.710224 -3.06589937210083 0.8343862295150757
Car 0.0 0 -0.21575391292572021 699.6762084960938 189.85421752929688 799.722412109375 228.8734588623047 4.1417174 1.6628762 1.7446593 6.193476 2.4505553 32.484745 -0.02735697478055954 0.8296194076538086
Car 0.0 0 3.2959556579589844 396.3972473144531 180.21519470214844 501.07568359375 222.9927978515625 3.665844 1.5458363 1.5697494 -6.0762134 1.8337705 27.283403 3.076824426651001 0.8176853656768799
Car 0.0 0 1.6856725215911865 641.6190185546875 190.8147430419922 675.1594848632812 216.58395385742188 4.3153543 1.4866848 1.7010946 3.1717482 2.7155266 47.073204 1.7529499530792236 0.6976708173751831
