Pedestrian 0.0 0 0.45852130651474 532.686767578125 164.8433380126953 551.8819580078125 198.77210998535156 0.8942873 1.8206342 0.5318346 -3.4111423 0.98189604 38.34518 0.3697960376739502 0.4890005588531494
Pedestrian 0.0 0 -2.2431583404541016 1043.825439453125 117.64897918701172 1098.509033203125 200.87802124023438 0.9496846 1.8520343 0.5813441 10.645962 0.45507038 16.227943 -1.6625583171844482 0.46952128410339355
Pedestrian 0.0 0 -0.11721201241016388 440.5768127441406 167.0507354736328 458.58587646484375 200.9046173095703 0.85953635 1.750912 0.5616017 -8.141491 1.0567389 36.96954 -0.3339736759662628 0.2773790657520294
Pedestrian 0.0 0 -0.41282665729522705 554.9887084960938 167.1199951171875 581.2594604492188 194.4698486328125 1.6358109 1.7852834 0.59278023 -2.4378364 0.91322213 46.77984 -0.46489253640174866 0.16393889486789703
Cyclist 0.0 0 -3.0660104751586914 685.6871337890625 161.4439697265625 720.9861450195312 195.8968048095703 1.8016331 1.7894723 0.569157 5.1628504 0.8011236 37.18801 -2.9280612468719482 0.8152176737785339
Cyclist 0.0 0 -0.16605247557163239 624.5970458984375 164.40982055664062 656.0579833984375 195.00164794921875 1.727681 1.7379643 0.5939326 2.0146656 0.8252433 40.558765 -0.11642051488161087 0.7614393830299377
Cyclist 0.0 0 -1.1270194053649902 354.7420654296875 178.3901824951172 386.72723388671875 219.5658416748047 1.9609003 1.7567438 0.5525661 -10.327242 1.668207 31.168081 -1.4469752311706543 0.6276710629463196
Cyclist 0.0 0 -0.4195142686367035 554.53955078125 167.21559143066406 581.1696166992188 194.8056182861328 1.661539 1.8002656 0.5946791 -2.455076 0.9347798 46.7729 -0.47195541858673096 0.41952526569366455
Cyclist 0.0 0 -2.2499372959136963 1041.246337890625 117.64022064208984 1101.0948486328125 200.16307067871094 1.1661502 1.8225691 0.52847064 10.632574 0.43588546 16.216946 -1.6696032285690308 0.1693859100341797
Car 0.0 0 -1.4506261348724365 500.2887268066406 174.31732177734375 544.9035034179688 208.76385498046875 3.5282016 1.4919693 1.6198002 -3.7380736 1.2256547 32.387493 -1.5655349493026733 0.9647192358970642
Car 0.0 0 2.455972671508789 1039.1026611328125 127.22517395019531 1224.0 187.54119873046875 4.046228 1.4959458 1.568535 13.74863 0.17623024 18.403618 3.097590208053589 0.8759735226631165
Car 0.0 0 2.68202543258667 910.7294311523438 149.3699951171875 983.4470825195312 172.11012268066406 4.217062 1.5230415 1.6695355 23.591822 -0.58840275 48.836456 3.1320440769195557 0.8065205216407776
Car 0.0 0 1.7698954343795776 660.7492065429688 172.90638732910156 690.7246704101562 193.3887939453125 3.8644075 1.5210621 1.5706594 5.50562 0.958416 54.57976 1.8704283237457275 0.39881131052970886
Car 0.0 0 -3.4648048877716064 844.2089233398438 154.19725036621094 913.42578125 176.88275146484375 4.11074 1.5151113 1.6385796 18.711458 -0.25110975 48.42056 -3.096045732498169 0.34538590908050537
