Pedestrian 0.0 0 -1.445333480834961 374.635498046875 170.41995239257812 393.228515625 212.4193572998047 0.60100424 1.7437944 0.6765213 -9.534526 1.6430923 30.311167 -1.7500892877578735 0.29298463463783264
Pedestrian 0.0 0 -0.16016894578933716 808.6968383789062 145.89117431640625 841.981689453125 205.24398803710938 0.90571177 1.8230647 0.6296924 6.670089 0.9952402 22.529749 0.12766647338867188 0.23220612108707428
Pedestrian 0.0 0 -0.5677900314331055 194.0795440673828 135.1812744140625 250.72412109375 223.16744995117188 0.85153455 1.7688655 0.5972651 -8.111869 1.0118545 15.020235 -1.062971830368042 0.14983400702476501
Pedestrian 0.0 0 -2.822965621948242 389.2159729003906 187.2043914794922 418.75048828125 242.08724975585938 0.71860105 1.5962502 0.51236194 -6.1511087 2.0275264 21.39395 -3.1029305458068848 0.10996569693088531
Pedestrian 0.0 0 0.018557220697402954 977.7745361328125 98.20024871826172 1030.5802001953125 217.36390686035156 0.7588555 1.9207633 0.5782706 6.5387287 0.7177998 12.066049 0.5151691436767578 0.10732968151569366
Pedestrian 0.0 0 -0.6861624717712402 875.6597290039062 144.0460968017578 931.2346801757812 207.88827514648438 1.4032849 1.764315 0.5883007 8.258507 0.9685503 20.426857 -0.30195772647857666 0.10685346275568008
Cyclist 0.0 0 1.2989192008972168 748.9554443359375 176.34808349609375 766.4488525390625 210.81298828125 1.6386038 1.6345913 0.4086992 7.161894 1.8095375 35.218533 1.4995394945144653 0.1728120744228363
Cyclist 0.0 0 2.410452127456665 172.82754516601562 119.53447723388672 237.34591674804688 188.71914672851562 1.6238899 1.8601898 0.5572427 -11.385871 0.42692915 20.255882 1.8983650207519531 0.12098590284585953
Cyclist 0.0 0 -1.5975122451782227 895.8095092773438 142.1365966796875 917.7073364257812 206.32699584960938 1.4366655 1.7615273 0.53479785 8.400034 0.9189315 20.564331 -1.209720492362976 0.10758091509342194
Car 0.0 0 -1.4302613735198975 575.9067993164062 175.92970275878906 605.2992553710938 197.4836883544922 3.7111273 1.5136002 1.6629133 -1.4208478 1.7488242 53.157337 -1.4569841623306274 0.6820849180221558
Car 0.0 0 1.8591668605804443 317.3321838378906 175.22021484375 365.197265625 204.0713348388672 3.8908772 1.6757351 1.7143784 -16.44184 1.8277128 44.232437 1.503279685974121 0.20223066210746765
Car 0.0 0 -1.7431279420852661 685.1679077148438 177.93861389160156 753.2174682617188 231.4858856201172 3.5714915 1.5359551 1.5203956 3.3282397 1.7100325 22.842989 -1.5984452962875366 0.12612824141979218
Car 0.0 0 1.9153817892074585 342.5890197753906 177.7340087890625 379.17193603515625 197.35324096679688 4.3953686 1.6358703 1.6551107 -21.879004 2.0804217 63.466057 1.5834046602249146 0.12243364751338959
