Pedestrian 0.0 0 3.1980905532836914 499.1769714355469 167.84788513183594 522.38525390625 217.84788513183594 0.81649715 1.8276037 0.67995316 -3.7153542 1.6449777 26.743055 3.060046434402466 0.5269947052001953
Pedestrian 0.0 0 3.611511707305908 99.449951171875 138.5767364501953 224.9317169189453 307.4581604003906 0.98342687 1.7638538 0.642805 -4.9259744 1.4062085 7.8965273 3.053764820098877 0.5160995125770569
Pedestrian 0.0 0 1.6331285238265991 899.0352783203125 118.09027099609375 942.34814453125 225.51220703125 0.7794428 1.8060008 0.6512345 5.390251 0.8856588 12.622366 2.0367255210876465 0.43479475378990173
Pedestrian 0.0 0 0.28944656252861023 0.0 70.97334289550781 88.02997589111328 299.50311279296875 0.82717246 1.8465488 0.6573267 -5.197162 1.0236984 6.2913957 -0.4009925425052643 0.3550773859024048
Pedestrian 0.0 0 1.8858916759490967 169.3904266357422 124.87798309326172 244.8006591796875 272.9270935058594 0.88079214 1.801903 0.6051127 -5.2064548 1.2183456 9.270099 1.3741559982299805 0.3258395791053772
Pedestrian 0.0 0 1.681695818901062 523.0289306640625 161.41725158691406 538.1175537109375 201.08035278320312 0.8787653 1.9067426 0.63811123 -3.9004998 1.3572967 35.12355 1.5710980892181396 0.296561598777771
Car 0.0 0 -1.7094402313232422 654.7606201171875 173.51890563964844 715.0966796875 219.55157470703125 3.4188442 1.4524015 1.5682504 2.4349844 1.4769906 24.552397 -1.6105884313583374 0.9377811551094055
Car 0.0 0 -1.915785312652588 750.744140625 153.32315063476562 1069.84765625 355.8504943847656 4.080663 1.5460454 1.6108335 2.639624 1.3973095 7.552611 -1.5795575380325317 0.9158062934875488
Car 0.0 0 -0.9155797362327576 0.0 209.4713592529297 303.41278076171875 375.0 3.6881454 1.4781914 1.5734211 -2.9419374 1.7441727 3.3386383 -1.637898564338684 0.7544761300086975
Car 0.0 0 -1.4657942056655884 659.2713623046875 171.63046264648438 706.5499267578125 210.87738037109375 3.5868897 1.5395355 1.6039418 3.0647798 1.4918976 30.22055 -1.364725947380066 0.47998639941215515
Car 0.0 0 -1.326316237449646 707.4086303710938 158.0040740966797 737.980224609375 180.8199920654297 3.4297574 1.7564095 1.6241506 8.973511 0.61359334 57.438183 -1.171339988708496 0.43084463477134705
Car 0.0 0 -1.0950716733932495 664.2398681640625 157.97561645507812 732.25146484375 192.41030883789062 3.938497 1.5691099 1.6517557 4.2933807 0.891494 34.968586 -0.9729049205780029 0.31103038787841797
