Pedestrian 0.0 0 1.2405651807785034 1194.3687744140625 120.82537078857422 1242.0 231.8557586669922 0.77675104 1.8404602 0.5958941 10.532311 0.9783819 12.427814 1.9435938596725464 0.5520344376564026
Pedestrian 0.0 0 -1.4272537231445312 696.0176391601562 177.75210571289062 713.772705078125 216.22402954101562 0.9148491 1.5958999 0.6232155 3.9862294 1.8074703 30.586315 -1.2976570129394531 0.48453035950660706
Cyclist 0.0 0 -1.4272537231445312 696.0176391601562 177.75210571289062 713.772705078125 216.22402954101562 0.9148491 1.5958999 0.6232155 3.9862294 1.8074703 30.586315 -1.2976570129394531 0.12583081424236298
Car 0.0 0 -1.7475125789642334 717.450927734375 185.9165802001953 806.1356201171875 249.6990966796875 4.0971937 1.5029734 1.6673189 4.01502 1.9012913 19.912722 -1.5485494136810303 0.9084823727607727
Car 0.0 0 -2.0759453773498535 836.5189208984375 176.28379821777344 1212.640380859375 375.0 3.4465275 1.557872 1.629274 3.5857239 1.6003319 7.101752 -1.6083799600601196 0.8377091884613037
Car 0.0 0 1.3001632690429688 759.0821533203125 179.91099548339844 909.8535766601562 287.6315002441406 4.1014743 1.7165213 1.6593914 4.035483 1.8723012 13.826669 1.5841376781463623 0.8358439803123474
Car 0.0 0 -1.7808247804641724 675.0064697265625 175.74151611328125 721.4221801757812 209.1340789794922 3.641443 1.5803663 1.5870769 4.351611 1.7337747 36.356667 -1.6616992950439453 0.8240270018577576
Car 0.0 0 -1.7680883407592773 704.2916870117188 183.0782012939453 767.0438232421875 231.7003936767578 3.2363887 1.5416038 1.5407786 4.2763414 1.92238 25.203894 -1.600019097328186 0.8061278462409973
Car 0.0 0 2.103214740753174 0.0 205.55418395996094 373.2465515136719 375.0 3.4056227 1.480299 1.5544432 -2.9530919 1.7773594 4.8286905 1.5543298721313477 0.7498399615287781
Car 0.0 0 1.6246187686920166 557.9840698242188 173.4675750732422 592.8499755859375 205.0944366455078 3.9508257 1.5673801 1.6163279 -1.8016319 1.6015797 37.812836 1.5770087242126465 0.7432066798210144
Car 0.0 0 -1.6457383632659912 675.0073852539062 174.87594604492188 707.6325073242188 202.70840454101562 3.8883026 1.5410618 1.6005949 4.678436 1.6652244 42.205948 -1.5353412628173828 0.6742830276489258
Car 0.0 0 1.688515067100525 495.5459899902344 183.67352294921875 562.7496337890625 240.03359985351562 3.7787733 1.5010802 1.5844373 -2.4061897 1.8573676 21.837978 1.5787739753723145 0.6349312663078308
