Pedestrian 0.0 0 -2.1224069595336914 396.8838195800781 154.19776916503906 436.3331604003906 228.20436096191406 0.74443555 1.8048202 0.6629285 -4.8985286 1.3502035 18.090061 -2.3868508338928223 0.4821718633174896
Pedestrian 0.0 0 -2.7946407794952393 664.387451171875 171.45628356933594 688.458251953125 210.224365234375 0.95788634 1.7533255 0.5855904 3.008544 1.6904703 33.097702 -2.703990936279297 0.3323849141597748
Pedestrian 0.0 0 2.3553292751312256 674.8961181640625 173.9376983642578 701.8561401367188 218.48928833007812 0.64620864 1.680828 0.8118168 2.9710498 1.7236677 27.763231 2.461937427520752 0.3157109320163727
Pedestrian 0.0 0 -2.745854139328003 359.6258239746094 155.74636840820312 406.6817626953125 238.31597900390625 0.8263976 1.8120012 0.63700795 -5.130244 1.4369297 16.185387 -3.0528039932250977 0.21839548647403717
Cyclist 0.0 0 -1.9024412631988525 781.4486694335938 158.68455505371094 822.4168701171875 225.5118408203125 1.7909931 1.8097231 0.5639556 5.3687 1.4263638 20.451025 -1.6457189321517944 0.8550459742546082
Cyclist 0.0 0 -1.9233739376068115 887.402099609375 174.38897705078125 918.67626953125 228.11085510253906 1.5711845 1.5613151 0.35045126 8.792351 1.609744 21.803038 -1.5400581359863281 0.2613072395324707
Cyclist 0.0 0 2.424532651901245 673.9566650390625 174.19931030273438 700.9462280273438 218.61685180664062 0.6704448 1.6777447 0.804112 2.9394743 1.7309225 27.80453 2.529860734939575 0.13555577397346497
Car 0.0 0 -1.5529003143310547 581.7386474609375 174.18861389160156 645.4953002929688 234.4860076904297 4.6248827 1.6673013 1.7740706 0.10431467 1.7133797 22.383787 -1.548240065574646 0.7858307361602783
Car 0.0 0 2.0292696952819824 286.6509094238281 190.68618774414062 333.0048522949219 212.47067260742188 3.6773415 1.4587955 1.711731 -22.144812 2.8231876 53.29956 1.6354916095733643 0.4430045187473297
Car 0.0 0 -1.5950374603271484 608.8375244140625 182.8909454345703 650.8223266601562 222.54605102539062 3.9414265 1.4816889 1.6267859 0.7255751 1.9257765 29.9254 -1.5707961320877075 0.35752764344215393
Car 0.0 0 0.21832969784736633 132.61468505859375 167.83889770507812 221.1846466064453 200.22836303710938 3.8381262 1.686754 1.6337512 -23.335032 1.4259392 38.95418 -0.321382075548172 0.3242773115634918
Car 0.0 0 0.5060448050498962 140.07008361816406 194.5067138671875 222.95465087890625 223.4512176513672 3.7836711 1.58389 1.6739264 -24.753693 2.8627603 41.708866 -0.0295723807066679 0.21414907276630402
Car 0.0 0 -1.4865654706954956 494.3714904785156 177.41241455078125 541.7498168945312 215.88116455078125 4.109765 1.5204356 1.6851329 -3.9352367 1.7304708 31.0983 -1.6124383211135864 0.20935960114002228
