Pedestrian 0.0 0 -3.0225484371185303 600.0652465820312 165.9705047607422 618.2432861328125 207.43406677246094 0.74625415 1.8608116 0.72466403 -0.07426785 1.5522505 32.78194 -3.0248138904571533 0.31940558552742004
Pedestrian 0.0 0 1.13377046585083 0.0 118.5855484008789 102.1884994506836 293.00927734375 0.83250713 1.7725457 0.7164403 -6.198932 1.2214115 7.8364754 0.4645195007324219 0.3180752694606781
Pedestrian 0.0 0 0.08497694134712219 572.846435546875 189.0668182373047 593.6318969726562 221.25704956054688 1.1444621 1.8267951 0.729339 -1.5773089 2.7736685 41.729885 0.04719686508178711 0.29069074988365173
Pedestrian 0.0 0 1.8147915601730347 547.9889526367188 189.8765106201172 557.8339233398438 210.75706481933594 0.6400714 1.7655214 0.71008354 -4.925077 3.237215 61.98927 1.735507607460022 0.235859677195549
Pedestrian 0.0 0 2.9078760147094727 350.4896240234375 175.34567260742188 382.0332946777344 205.83596801757812 1.6816843 1.7974902 0.69767225 -14.690842 1.9502847 43.39754 2.5814666748046875 0.11533895879983902
Cyclist 0.0 0 0.08497694134712219 572.846435546875 189.0668182373047 593.6318969726562 221.25704956054688 1.1444621 1.8267951 0.729339 -1.5773089 2.7736685 41.729885 0.04719686508178711 0.26605311036109924
Cyclist 0.0 0 2.929779529571533 353.25311279296875 175.7200927734375 384.7576599121094 206.14968872070312 1.6890411 1.7948891 0.700331 -14.535995 1.9706633 43.426678 2.6067769527435303 0.22976046800613403
Car 0.0 0 1.776787281036377 273.27142333984375 189.75096130371094 397.5567321777344 286.14398193359375 3.7665355 1.5951954 1.5948702 -5.442815 1.984256 14.614149 1.4202675819396973 0.9084512591362
Car 0.0 0 1.9277048110961914 0.0 188.41268920898438 289.53887939453125 375.0 3.9254546 1.6206719 1.6324862 -4.841809 1.8336177 7.7701635 1.370452642440796 0.8885089159011841
Car 0.0 0 1.656765341758728 411.6577453613281 190.6132049560547 454.3289489746094 228.0926971435547 3.6916225 1.5644044 1.6375458 -8.301325 2.447484 33.911667 1.4166936874389648 0.8567538261413574
Car 0.0 0 1.8571202754974365 447.34259033203125 190.01156616210938 481.1753845214844 210.17233276367188 3.7443714 1.504379 1.7297487 -11.915953 2.9558437 59.08109 1.658102035522461 0.43591558933258057
Car 0.0 0 2.8620145320892334 379.08758544921875 185.1307373046875 430.7944030761719 205.21522521972656 3.563257 1.4569952 1.5533273 -15.902397 2.4357212 55.897865 2.5848469734191895 0.3781757354736328
Car 0.0 0 1.4760324954986572 544.621826171875 185.55001831054688 573.2705688476562 209.26507568359375 3.8950088 1.5562266 1.6764224 -3.7157018 2.5010011 51.610664 1.4041616916656494 0.22137348353862762
Car 0.0 0 1.8204264640808105 445.7232360839844 188.33375549316406 475.3037414550781 207.2306365966797 3.815009 1.5413036 1.6793813 -13.237692 2.9559755 63.97708 1.616392731666565 0.21727371215820312
Car 0.0 0 -0.32428669929504395 326.15167236328125 181.149658203125 391.1147766113281 208.2306671142578 3.408911 1.5425109 1.5377636 -15.259336 2.0650127 43.759964 -0.6598077416419983 0.2163340300321579
