Pedestrian 0.0 0 -1.8746389150619507 811.1337280273438 153.06610107421875 843.0802612304688 222.4306640625 0.7415148 1.6846217 0.5607016 5.3284984 1.2044014 17.89564 -1.5852439403533936 0.5448983907699585
Pedestrian 0.0 0 1.774030327796936 706.2635498046875 156.6510009765625 731.6127319335938 222.53652954101562 0.67990947 1.8388673 0.5904913 3.060523 1.3869991 20.556149 1.921830654144287 0.42098432779312134
Pedestrian 0.0 0 -1.4105792045593262 785.9801635742188 156.7475128173828 816.32373046875 227.3582763671875 0.76117176 1.7450377 0.6326111 4.80611 1.3473486 18.30504 -1.153817892074585 0.3749590516090393
Pedestrian 0.0 0 -0.09398823976516724 737.4386596679688 173.99012756347656 770.49365234375 205.99237060546875 1.8045847 1.8183467 0.69517547 8.229036 1.8846862 41.463272 0.10193157196044922 0.10073721408843994
Cyclist 0.0 0 -0.127365842461586 734.3304443359375 174.3173828125 767.0189208984375 205.08274841308594 1.7673819 1.748877 0.7065982 8.040329 1.834161 41.46172 0.064178466796875 0.4959844648838043
Cyclist 0.0 0 -1.8746389150619507 811.1337280273438 153.06610107421875 843.0802612304688 222.4306640625 0.7415148 1.6846217 0.5607016 5.3284984 1.2044014 17.89564 -1.5852439403533936 0.12247902154922485
Car 0.0 0 -2.0147714614868164 761.9086303710938 183.24819946289062 1037.9139404296875 349.5108337402344 3.496065 1.4795498 1.5591251 3.0289483 1.6280354 8.462627 -1.671057939529419 0.960573673248291
Car 0.0 0 1.8824505805969238 236.82142639160156 193.03538513183594 376.06243896484375 289.0617370605469 3.4324725 1.5619446 1.5391585 -5.876592 2.0105217 14.25035 1.4913156032562256 0.93906170129776
Car 0.0 0 2.1134347915649414 0.0 189.1337890625 272.52935791015625 375.0 3.733415 1.7873743 1.5863228 -5.9289575 2.036037 9.109553 1.5364619493484497 0.938034176826477
Car 0.0 0 -1.8397196531295776 720.823486328125 181.9012908935547 852.3740234375 274.2082824707031 3.5017612 1.511257 1.5514711 3.2053447 1.7088226 13.94233 -1.6137460470199585 0.894501268863678
Car 0.0 0 -2.8202412128448486 339.5346374511719 177.55274963378906 428.8277587890625 211.25811767578125 4.2106824 1.7435797 1.7468799 -12.031318 2.0005383 38.488686 -3.12321138381958 0.7590782046318054
Car 0.0 0 0.8215156197547913 919.5473022460938 191.56712341308594 1242.0 375.0 3.6399758 1.4783939 1.5356575 2.8993201 1.6098914 3.221345 1.5543495416641235 0.6665998101234436
Car 0.0 0 1.2226879596710205 295.792236328125 186.9017333984375 341.30029296875 211.87120056152344 3.7551928 1.5125949 1.607725 -19.372843 2.481558 47.814846 0.837738037109375 0.5446463227272034
Car 0.0 0 -0.08162921667098999 401.7886657714844 166.0451202392578 454.40325927734375 186.02842712402344 3.9289868 1.5468965 1.6116647 -14.462946 1.0201832 57.248577 -0.3290855586528778 0.3670419752597809
