Pedestrian 0.0 0 1.1677846908569336 1173.2159423828125 159.7051239013672 1213.9229736328125 221.03208923339844 0.8775363 1.8732339 0.70007294 18.182976 1.4719594 22.554085 1.8462913036346436 0.6287460923194885
Pedestrian 0.0 0 0.7932689785957336 1204.6800537109375 150.086669921875 1241.4932861328125 209.32769775390625 0.5910091 1.8226799 0.64647835 19.080793 1.1225512 22.51569 1.4962774515151978 0.3590933084487915
Car 0.0 0 -1.5142097473144531 957.1277465820312 182.9716339111328 1189.6253662109375 375.0 3.8756006 1.5365595 1.6945788 5.0095415 1.6754253 7.808606 -0.9438040256500244 0.8711675405502319
Car 0.0 0 -1.3245251178741455 871.4365844726562 175.77401733398438 959.750244140625 227.3542022705078 4.102848 1.4612514 1.6166731 9.682944 1.5624942 22.802233 -0.9229519367218018 0.8685244917869568
Car 0.0 0 -1.2805094718933105 1047.5592041015625 158.71536254882812 1178.1099853515625 232.1272735595703 3.6491203 1.5934829 1.610638 12.141831 1.286947 17.42504 -0.6719319820404053 0.7712031006813049
Car 0.0 0 -1.4270861148834229 1090.3712158203125 170.6128692626953 1176.1990966796875 225.4445037841797 3.5177748 1.4936442 1.5805987 15.5643425 1.4329526 21.464497 -0.799699068069458 0.6039965152740479
Car 0.0 0 -1.158127784729004 915.5654296875 171.0298309326172 1008.6968383789062 218.97328186035156 4.025975 1.6420375 1.6099228 12.996552 1.5799186 26.626106 -0.7040348052978516 0.5866668224334717
Car 0.0 0 -1.6774749755859375 1130.0228271484375 163.67420959472656 1184.03076171875 199.3537139892578 3.9188967 1.5694835 1.5996397 25.531298 1.1660371 33.828426 -1.030954122543335 0.5330964922904968
Car 0.0 0 -1.2219995260238647 933.3123168945312 170.30813598632812 1012.3758544921875 209.50733947753906 4.055395 1.5380664 1.683659 15.245825 1.4385316 30.31189 -0.7559826374053955 0.3183158338069916
Car 0.0 0 -1.6143052577972412 1043.38671875 163.38088989257812 1075.8560791015625 189.1156463623047 3.8558784 1.6440322 1.6676464 29.947872 1.039212 48.18087 -1.0581748485565186 0.2965388894081116
