Pedestrian 0.0 0 2.0681347846984863 0.0 139.86546325683594 94.90316009521484 251.3940887451172 1.7470791 1.7281008 0.52661127 -9.44076 1.2173116 12.082286 1.4048559665679932 0.10479966551065445
Cyclist 0.0 0 2.0681347846984863 0.0 139.86546325683594 94.90316009521484 251.3940887451172 1.7470791 1.7281008 0.52661127 -9.44076 1.2173116 12.082286 1.4048559665679932 0.6862798929214478
Car 0.0 0 3.5384740829467773 65.37287139892578 181.86463928222656 363.05877685546875 283.8066101074219 3.8554926 1.4677325 1.6090746 -6.183176 1.6245598 11.5431795 3.0467100143432617 0.9011001586914062
Car 0.0 0 -0.41458818316459656 823.1802368164062 185.59861755371094 996.0652465820312 254.69996643066406 3.3495877 1.4884037 1.5366629 6.7807775 1.7973664 16.654127 -0.02793070487678051 0.8714206218719482
Car 0.0 0 -3.7074689865112305 910.73681640625 189.06924438476562 1242.0 321.10260009765625 3.8198414 1.481792 1.6082729 5.998654 1.7061808 9.1328535 -3.1263134479522705 0.8708980083465576
Car 0.0 0 -0.25052717328071594 714.1802978515625 179.7250518798828 820.0481567382812 222.91061401367188 3.816667 1.6458235 1.6672907 6.1504374 1.9280877 28.692482 -0.039365582168102264 0.8539144396781921
Car 0.0 0 -2.74660062789917 198.06161499023438 185.0093231201172 427.42041015625 268.847900390625 3.8064818 1.5074004 1.5704813 -5.6995735 1.757222 14.0040455 -3.133122444152832 0.8534945845603943
Car 0.0 0 -0.4077402949333191 790.962646484375 179.38619995117188 946.2685546875 241.66795349121094 3.4989033 1.5428292 1.5970968 6.6832695 1.7233584 18.981092 -0.06919459998607635 0.8279160857200623
Car 0.0 0 0.33654987812042236 310.60601806640625 182.27366638183594 478.2939758300781 244.56503295898438 3.825168 1.5050011 1.6092968 -5.521926 1.7598565 18.596184 0.047904014587402344 0.8035704493522644
Car 0.0 0 -1.6112806797027588 643.7867431640625 180.2294158935547 672.6973266601562 205.63385009765625 3.7328224 1.4159204 1.5687809 2.8167691 1.8770761 43.19204 -1.5461578369140625 0.7228425145149231
Car 0.0 0 3.302525520324707 354.75848388671875 172.73257446289062 483.74346923828125 222.0419464111328 3.8875928 1.5511476 1.5794777 -6.216001 1.5476862 23.667253 3.045684814453125 0.7207633256912231
Car 0.0 0 0.2042580395936966 455.7859802246094 176.78114318847656 537.9611206054688 207.6368865966797 3.9183095 1.5332911 1.598962 -5.7946105 1.7397697 36.97379 0.04880046844482422 0.7039358615875244
Car 0.0 0 -2.9209651947021484 410.6983337402344 178.9239501953125 507.7840881347656 218.28672790527344 3.5227003 1.5082304 1.5769 -5.990251 1.7569854 28.709705 -3.1266632080078125 0.6319581270217896
Car 0.0 0 0.3967898190021515 347.6659240722656 178.5417938232422 489.9435119628906 233.9876708984375 3.6864235 1.5154451 1.5319954 -5.546153 1.6888533 20.937939 0.13785123825073242 0.614844560623169
