Pedestrian 0.0 0 2.427480936050415 2.528278350830078 174.52224731445312 40.684940338134766 225.1730194091797 0.8530122 1.8479167 0.6955843 -21.917488 1.9114293 26.832735 1.7425682544708252 0.5046744346618652
Pedestrian 0.0 0 2.2972331047058105 449.30108642578125 177.4732666015625 465.3391418457031 209.67935180664062 0.6118322 1.7458793 0.610049 -8.424551 2.0027473 39.64782 2.087862491607666 0.24939261376857758
Pedestrian 0.0 0 2.1578445434570312 422.5062561035156 179.5045623779297 447.3619689941406 207.89056396484375 1.828797 1.6851617 0.5638085 -10.753167 2.102081 44.23551 1.9193809032440186 0.1298041045665741
Cyclist 0.0 0 1.991102695465088 425.1564025878906 180.7823944091797 446.88580322265625 209.90960693359375 1.9298807 1.728951 0.5622893 -10.718782 2.2278864 44.37119 1.7540730237960815 0.4057502746582031
Cyclist 0.0 0 3.0930542945861816 597.5010986328125 167.3849334716797 619.7058715820312 190.06373596191406 1.7266939 1.7790816 0.5451411 -0.13876446 1.3504076 56.91587 3.090616226196289 0.3249894082546234
Cyclist 0.0 0 0.7050566077232361 975.1996459960938 184.65061950683594 1020.1355590820312 229.0297393798828 1.7082278 1.7787725 0.55415285 16.212837 2.2890522 30.290197 1.1965051889419556 0.2532891035079956
Cyclist 0.0 0 2.427480936050415 2.528278350830078 174.52224731445312 40.684940338134766 225.1730194091797 0.8530122 1.8479167 0.6955843 -21.917488 1.9114293 26.832735 1.7425682544708252 0.10594572871923447
Car 0.0 0 -1.5309107303619385 582.9074096679688 181.709228515625 617.5506591796875 213.39793395996094 4.279047 1.5002112 1.6333348 -0.4942988 1.9876463 37.52449 -1.5440826416015625 0.8735587000846863
Car 0.0 0 -1.4854804277420044 535.8829345703125 180.48080444335938 565.902587890625 204.51864624023438 4.128721 1.435119 1.5818809 -3.7942648 1.9483874 46.454094 -1.5669772624969482 0.7184700965881348
Car 0.0 0 1.864863395690918 358.0312194824219 184.5828857421875 396.80084228515625 208.38563537597656 3.6856773 1.5296793 1.5595617 -16.11433 2.3738706 50.052086 1.553391456604004 0.709526002407074
Car 0.0 0 -1.1845266819000244 623.396240234375 181.2636260986328 664.1492309570312 205.167236328125 3.600432 1.551547 1.5937036 2.3566 2.1597867 50.184612 -1.1376025676727295 0.40643101930618286
Car 0.0 0 1.4414775371551514 682.4130249023438 188.51171875 711.8624267578125 209.6322021484375 4.023655 1.4611818 1.7144533 6.5671225 2.6974986 54.932026 1.5604628324508667 0.3913224935531616
Car 0.0 0 1.3050167560577393 861.9268188476562 194.0964813232422 906.1404418945312 220.0826873779297 3.8047419 1.4805655 1.7058022 17.497433 2.9025679 46.310883 1.6662622690200806 0.2445177584886551
Car 0.0 0 1.215090036392212 768.310302734375 184.99398803710938 803.9285278320312 204.0217742919922 3.8251565 1.4942796 1.7050107 14.874713 2.5582044 61.210957 1.4534766674041748 0.23980598151683807
