Pedestrian 0.0 0 1.7746968269348145 155.84664916992188 164.25877380371094 197.5730438232422 250.1063995361328 0.740121 1.7882103 0.6324598 -9.335417 1.6095291 15.481034 1.2320575714111328 0.48408499360084534
Car 0.0 0 -1.8447192907333374 617.5794677734375 201.95762634277344 765.2783203125 310.0644836425781 3.7903771 1.4639509 1.5912089 1.2227074 2.063875 12.85511 -1.7498900890350342 0.9601778388023376
Car 0.0 0 -2.0080745220184326 679.856689453125 199.6961669921875 993.4974975585938 375.0 4.1833334 1.5033082 1.6469946 2.1246424 1.892879 8.25202 -1.7560782432556152 0.9419953227043152
Car 0.0 0 1.9149757623672485 0.0 214.45550537109375 291.09344482421875 375.0 4.167206 1.4670935 1.6888602 -4.726005 2.0281153 7.504571 1.3529678583145142 0.9101658463478088
Car 0.0 0 1.7267825603485107 233.7213897705078 216.2900848388672 354.66064453125 320.4308776855469 3.705493 1.5169933 1.5978783 -6.0842757 2.4900668 14.162759 1.3210248947143555 0.8874792456626892
Car 0.0 0 -1.4913654327392578 339.394775390625 199.0155487060547 402.0130920410156 255.7870635986328 3.7952356 1.6559343 1.7595055 -8.243207 2.6367617 24.986639 -1.8100268840789795 0.8763002753257751
Car 0.0 0 -1.7624965906143188 558.6738891601562 192.72654724121094 650.9959716796875 269.54119873046875 3.4671056 1.6088682 1.63805 -0.27509624 2.154754 17.939533 -1.7778300046920776 0.87298983335495
Car 0.0 0 -1.5784920454025269 525.8494262695312 199.048583984375 568.7340698242188 241.11703491210938 3.8559463 1.511659 1.6876749 -2.7022743 2.6889336 30.415579 -1.6671044826507568 0.8331673741340637
Car 0.0 0 -2.4178876876831055 855.6503295898438 201.53103637695312 1242.0 375.0 3.572196 1.5107317 1.5367168 2.8238385 1.7316366 3.6480174 -1.7591558694839478 0.6153616905212402
Car 0.0 0 2.3515026569366455 0.0 0.0 1242.0 375.0 3.9980264 1.4991941 1.6118584 -3.3103302 1.6683605 2.1200547 1.350328803062439 0.48074787855148315
