Pedestrian 0.0 0 1.379687786102295 668.8186645507812 173.33856201171875 685.7364501953125 208.6951904296875 0.89696884 1.7846 0.70284617 3.3997467 1.8100709 36.910625 1.4715361595153809 0.6625921130180359
Pedestrian 0.0 0 2.675631046295166 720.087890625 170.90353393554688 739.4456176757812 203.77456665039062 0.90050644 1.772857 0.5239699 6.485834 1.6680189 39.29665 2.8392043113708496 0.4187627136707306
Pedestrian 0.0 0 -1.716172695159912 574.4002685546875 163.15797424316406 590.55859375 198.0053253173828 0.6007872 1.8481767 0.7850707 -1.5123535 1.3342927 38.632298 -1.7553000450134277 0.3530891239643097
Cyclist 0.0 0 0.20977795124053955 666.4053955078125 172.65573120117188 687.09619140625 208.1039581298828 0.9356231 1.7922801 0.6741124 3.3829057 1.7826133 36.93919 0.3011035919189453 0.1087479367852211
Car 0.0 0 -1.9264655113220215 759.650146484375 181.62901306152344 971.197265625 312.14996337890625 3.5255423 1.4420824 1.5591825 3.2357714 1.5859765 10.00515 -1.6136717796325684 0.9441071152687073
Car 0.0 0 1.9267933368682861 213.68199157714844 182.3745574951172 391.18280029296875 284.51318359375 4.1675754 1.5755183 1.6994909 -5.6039753 1.7836488 13.632305 1.5367714166641235 0.9219533205032349
Car 0.0 0 2.0965640544891357 0.0 192.552490234375 293.7320861816406 350.3896179199219 3.3550975 1.5097055 1.5874308 -5.5056024 1.802573 9.016703 1.548386573791504 0.8690022230148315
Car 0.0 0 -2.2512011528015137 846.5206909179688 184.6058807373047 1242.0 375.0 3.7390528 1.5016797 1.5900778 3.0990198 1.6122421 4.818707 -1.679675817489624 0.8050647974014282
Car 0.0 0 0.8989657163619995 469.9106140136719 180.02130126953125 531.7249755859375 206.68258666992188 3.8163311 1.4650071 1.5621742 -6.499395 1.9063342 42.520103 0.7472851276397705 0.7832523584365845
Car 0.0 0 1.7488707304000854 243.03179931640625 177.45181274414062 303.4649658203125 215.62913513183594 4.1279063 1.4961563 1.6460928 -14.422961 1.7081933 31.010721 1.313534140586853 0.6732838153839111
Car 0.0 0 -0.3748933672904968 680.8514404296875 174.61892700195312 732.2362670898438 193.15943908691406 3.9191816 1.4969643 1.5500535 7.9563046 1.6463732 59.709873 -0.24242429435253143 0.5184366703033447
