Pedestrian 0.0 0 3.2196710109710693 105.00186157226562 208.80479431152344 154.33221435546875 306.1370544433594 0.66092855 1.567296 0.5709981 -8.248253 2.2025983 12.329965 2.630082368850708 0.5073591470718384
Car 0.0 0 -1.8291571140289307 698.267333984375 174.7007293701172 843.9034423828125 278.23919677734375 3.9995298 1.6562834 1.6622695 2.8009598 1.6968281 13.655615 -1.6268489360809326 0.8994094133377075
Car 0.0 0 -2.2601070404052734 691.7269287109375 175.33731079101562 750.4474487304688 204.80445861816406 3.2396014 1.5089676 1.3883075 5.924687 1.6495272 38.987015 -2.109295129776001 0.857816219329834
Car 0.0 0 -1.7867803573608398 614.7764282226562 177.30950927734375 647.4423828125 200.08534240722656 3.5257394 1.5333135 1.5921624 1.4332566 1.8613944 51.18899 -1.7587883472442627 0.7863001227378845
Car 0.0 0 3.462735176086426 197.6727294921875 184.4430694580078 387.7851867675781 259.27105712890625 3.3936543 1.464352 1.4737966 -6.6527877 1.7243615 15.277501 3.0520355701446533 0.6982858180999756
Car 0.0 0 3.362210512161255 378.997802734375 179.56729125976562 479.24920654296875 216.6042938232422 3.7848656 1.4796592 1.5816308 -7.4954343 1.7666154 29.963633 3.1170897483825684 0.6717090010643005
Car 0.0 0 -1.1074268817901611 139.12184143066406 173.19085693359375 412.33001708984375 320.7846984863281 3.4482057 1.3877729 1.497015 -3.6999097 1.3929476 8.552348 -1.515733242034912 0.5676792860031128
Car 0.0 0 0.3102511465549469 321.8915100097656 187.27383422851562 474.1193542480469 243.86386108398438 3.8267362 1.498614 1.5684994 -5.9535785 1.9226344 20.363045 0.02580738067626953 0.5541006326675415
Car 0.0 0 3.472925901412964 250.03488159179688 167.29443359375 416.11053466796875 233.38812255859375 3.5015337 1.5527254 1.578247 -6.782145 1.4224739 17.794323 3.1087822914123535 0.4849945902824402
Car 0.0 0 -2.9397928714752197 418.96319580078125 161.73007202148438 518.3675537109375 201.141357421875 4.39693 1.8324693 1.7407525 -6.726033 1.3156083 34.435837 -3.1326851844787598 0.3987392485141754
Car 0.0 0 3.4677655696868896 163.61322021484375 177.94105529785156 419.9164733886719 288.8290100097656 3.6701272 1.7296535 1.6190971 -5.30673 1.8234566 12.2955065 3.0603187084198 0.3956874907016754
Car 0.0 0 -2.8511250019073486 406.91351318359375 182.02227783203125 499.82977294921875 216.3622283935547 3.7428455 1.4591552 1.5812132 -6.9643593 1.8790872 32.085716 -3.06486439704895 0.36201581358909607
