Pedestrian 0.0 0 2.917827844619751 529.9047241210938 187.5648651123047 546.1605224609375 220.7640838623047 0.70371234 1.703274 0.73115283 -3.8178985 2.4853547 37.88054 2.8173792362213135 0.3959733247756958
Pedestrian 0.0 0 2.0305628776550293 121.5103530883789 192.47415161132812 186.32823181152344 272.67010498046875 1.5077024 1.6033068 0.5760248 -9.867547 2.048704 15.583894 1.4660965204238892 0.14286132156848907
Cyclist 0.0 0 2.0305628776550293 121.5103530883789 192.47415161132812 186.32823181152344 272.67010498046875 1.5077024 1.6033068 0.5760248 -9.867547 2.048704 15.583894 1.4660965204238892 0.4135484993457794
Car 0.0 0 1.6534968614578247 478.4195251464844 185.83203125 532.4070434570312 229.17166137695312 4.326662 1.488592 1.7424659 -4.064626 2.0380898 28.316107 1.5109261274337769 0.92825847864151
Car 0.0 0 2.0152804851531982 135.24658203125 187.5067596435547 339.77215576171875 313.8116455078125 4.1376534 1.8566623 1.658293 -6.5569725 2.1668296 13.1700325 1.553337812423706 0.9089755415916443
Car 0.0 0 -2.2280187606811523 1127.2767333984375 151.3689422607422 1242.0 206.32730102539062 3.924926 1.5124847 1.5757073 17.76939 0.9215619 21.836542 -1.544952392578125 0.8579233288764954
Car 0.0 0 -1.663375973701477 627.7843627929688 179.36256408691406 658.7440795898438 204.48123168945312 3.758141 1.4883451 1.608776 2.033665 1.9178634 45.65843 -1.6188645362854004 0.8450666069984436
Car 0.0 0 2.257173776626587 0.0 209.0992431640625 169.6139373779297 375.0 3.819252 1.5345691 1.6429361 -6.214274 1.9812713 6.9387712 1.5268021821975708 0.7697012424468994
Car 0.0 0 1.8380589485168457 361.7829895019531 193.2859344482422 444.081298828125 244.1398468017578 3.977292 1.4461176 1.6458027 -6.8529234 2.1859882 24.116114 1.5611934661865234 0.7573680281639099
Car 0.0 0 2.8782553672790527 711.1602783203125 171.6128692626953 799.89501953125 202.9720001220703 4.369038 1.636838 1.6859146 7.7157874 1.5724139 38.64478 3.0753233432769775 0.4511144757270813
Car 0.0 0 1.554469347000122 464.8333435058594 189.06793212890625 496.0639953613281 220.03428649902344 3.7322257 1.4868828 1.5713979 -7.0177755 2.4015734 38.7028 1.3750935792922974 0.42700737714767456
