Pedestrian 0.0 0 -1.214200735092163 41.823787689208984 150.5797576904297 65.75308227539062 198.76373291015625 0.53717697 1.9298635 0.61734295 -22.366581 0.7329933 28.662844 -1.8768343925476074 0.40874195098876953
Pedestrian 0.0 0 1.2864612340927124 735.0025024414062 143.1623077392578 768.5726928710938 215.1190643310547 0.97924423 1.7878854 0.5862265 3.7054913 0.86176443 18.074854 1.488667607307434 0.38135549426078796
Pedestrian 0.0 0 0.9240818023681641 766.372802734375 150.62796020507812 816.7332763671875 238.61593627929688 0.84281313 1.7053392 0.587301 3.696154 1.1280067 14.200335 1.178718090057373 0.25277355313301086
Pedestrian 0.0 0 0.2522306740283966 835.8619995117188 122.78959655761719 942.712890625 288.4582824707031 1.0370091 1.80741 0.632242 3.2735095 1.17949 8.269487 0.6291577816009521 0.21868792176246643
Pedestrian 0.0 0 0.9043651819229126 980.4248046875 129.39761352539062 1028.2607421875 202.71624755859375 0.91633785 1.8584235 0.65826464 10.356362 0.5647127 18.420048 1.416551947593689 0.20760728418827057
Pedestrian 0.0 0 2.40765118598938 192.12396240234375 168.2806854248047 207.7474822998047 192.943115234375 0.9356308 1.9057869 0.54306984 -31.589264 0.96279013 55.16134 1.8875694274902344 0.19467076659202576
Pedestrian 0.0 0 -1.126615285873413 0.0 147.26113891601562 45.98006820678711 224.99826049804688 0.5914103 1.9019685 0.702539 -14.571817 1.0903225 17.666382 -1.8163161277770996 0.17859256267547607
Pedestrian 0.0 0 0.6201892495155334 1162.7664794921875 124.91900634765625 1224.0 227.47665405273438 0.82739156 1.73053 0.61841637 10.402475 0.7943201 12.403449 1.3180723190307617 0.15899765491485596
Pedestrian 0.0 0 2.275190591812134 25.78054428100586 176.39064025878906 65.10315704345703 249.64109802246094 0.54199666 1.9050362 0.60859764 -14.803971 1.7997515 18.664501 1.604633092880249 0.15310785174369812
Cyclist 0.0 0 -1.7151044607162476 729.2824096679688 166.2239227294922 751.167236328125 218.1383819580078 1.7425885 1.6326877 0.45163998 4.377047 1.185263 23.111597 -1.5279337167739868 0.3040209710597992
Cyclist 0.0 0 2.3910441398620605 424.03424072265625 165.4158935546875 446.8992919921875 191.8739471435547 1.6128851 1.8188918 0.5514791 -11.840311 0.7832232 49.426548 2.155921220779419 0.24017831683158875
Car 0.0 0 -1.3692563772201538 556.4110717773438 160.48968505859375 584.5563354492188 181.32223510742188 3.8285944 1.7353852 1.6915371 -2.9201698 0.06970468 60.91454 -1.4171584844589233 0.5417088270187378
Car 0.0 0 2.073854923248291 0.0 193.2005157470703 54.88939666748047 244.19224548339844 3.5255282 1.4837506 1.5519334 -20.094769 1.939386 23.391375 1.364120364189148 0.28936150670051575
Car 0.0 0 3.485950469970703 232.61842346191406 171.62850952148438 305.2762451171875 197.5438690185547 3.8795242 1.6200768 1.6143712 -21.431154 1.0668299 45.1896 3.043114423751831 0.18788805603981018
