Pedestrian 0.0 0 2.2054619789123535 207.83164978027344 180.82022094726562 271.846435546875 282.7912292480469 0.78169054 1.6000915 0.58466715 -6.102222 1.7357364 11.818842 1.7288494110107422 0.4175328314304352
Pedestrian 0.0 0 1.4115705490112305 752.9635009765625 148.36880493164062 774.8416137695312 204.22116088867188 0.7224381 1.8951269 0.62895584 5.2519417 1.064678 24.855947 1.6198029518127441 0.31190910935401917
Pedestrian 0.0 0 0.1682209074497223 541.7328491210938 178.9851531982422 553.3102416992188 204.2404327392578 0.6951452 1.7010598 0.5965241 -4.2777877 2.1212516 49.079624 0.08128046989440918 0.2896542251110077
Pedestrian 0.0 0 0.05818617343902588 901.9520263671875 119.36328125 960.011962890625 230.563232421875 0.85425013 1.7876492 0.6434772 5.325338 0.9280908 12.077788 0.4734635353088379 0.24100536108016968
Cyclist 0.0 0 0.7892659902572632 217.71011352539062 181.66331481933594 297.10540771484375 291.3439636230469 1.00977 1.7065152 0.63574123 -5.794807 1.8562002 11.763199 0.33153843879699707 0.13096077740192413
Car 0.0 0 1.8862974643707275 291.2984924316406 183.994873046875 514.623291015625 325.2736511230469 4.527189 1.5494574 1.7405672 -2.7509198 1.7490501 10.588033 1.6321035623550415 0.9155328273773193
Car 0.0 0 -1.7401158809661865 659.7086181640625 181.52871704101562 730.283203125 235.14041137695312 3.9233143 1.5783627 1.6613129 2.6764793 1.8901588 23.895412 -1.628572702407837 0.9137930870056152
Car 0.0 0 -1.76432466506958 680.3567504882812 185.59628295898438 779.4590454101562 259.111572265625 4.1312904 1.5454931 1.633171 2.801428 1.9005883 17.988468 -1.6098309755325317 0.9000340700149536
Car 0.0 0 0.13769851624965668 451.7483215332031 179.59129333496094 510.3878479003906 203.8990478515625 3.5196989 1.5132484 1.5537003 -8.258467 1.9531822 46.229103 -0.03907887637615204 0.3533366918563843
Car 0.0 0 -1.9529937505722046 720.42041015625 142.2109375 973.8828125 324.1078796386719 4.5803976 2.0666509 1.8147757 3.036446 1.7188525 10.56605 -1.673156976699829 0.34950506687164307
Car 0.0 0 1.5891667604446411 647.3336181640625 188.52041625976562 675.9992065429688 213.15103149414062 3.5246458 1.4628559 1.7940823 3.3658288 2.524086 47.021523 1.6606254577636719 0.26531797647476196
Car 0.0 0 2.8133370876312256 667.6767578125 174.3095245361328 715.3602294921875 193.83836364746094 3.521737 1.5488822 1.5833671 6.5777583 1.6696721 58.54717 2.925217628479004 0.24549639225006104
