Pedestrian 0.0 0 -2.70418643951416 295.5208740234375 181.38821411132812 317.351806640625 218.56396484375 0.77004147 1.7743667 0.6449915 -14.410523 1.8190647 34.094563 -3.104076385498047 0.42817139625549316
Pedestrian 0.0 0 -2.8120880126953125 1008.6168212890625 129.0106658935547 1068.9893798828125 207.89093017578125 1.1494735 1.8866056 0.58298254 10.7123575 0.6567199 17.534157 -2.2636616230010986 0.39705199003219604
Pedestrian 0.0 0 1.2026196718215942 427.2325744628906 164.26524353027344 451.9873962402344 207.8988037109375 1.0332546 1.8015617 0.6895186 -6.999772 1.1327413 29.809053 0.971977949142456 0.3650200068950653
Pedestrian 0.0 0 -1.576399564743042 5.7009735107421875 153.80274963378906 27.26104164123535 199.80331420898438 0.8308029 1.9532083 0.709433 -25.464455 0.8211084 30.562937 -2.271047830581665 0.3630913197994232
Pedestrian 0.0 0 2.5397725105285645 512.860107421875 163.23634338378906 536.6704711914062 202.9009552001953 0.8915662 1.788659 0.61765134 -3.695141 1.0116233 32.404606 2.426231622695923 0.33710333704948425
Pedestrian 0.0 0 0.7377986311912537 307.0921325683594 178.23397827148438 328.49200439453125 215.4131622314453 0.7594615 1.8144057 0.6211344 -14.200432 1.7052578 34.92254 0.3515927791595459 0.33020639419555664
Pedestrian 0.0 0 0.7829426527023315 836.4703979492188 149.7347412109375 860.57421875 192.83953857421875 0.7586741 1.8672636 0.65865356 10.693097 0.5360121 31.10949 1.114016056060791 0.3268452286720276
Pedestrian 0.0 0 -2.1390323638916016 523.5449829101562 168.55828857421875 534.8068237304688 189.5198516845703 0.5629877 1.7757064 0.77474904 -6.4546375 0.76529515 60.35272 -2.2455759048461914 0.3074188828468323
Pedestrian 0.0 0 0.4099411964416504 1017.5822143554688 152.27676391601562 1038.387939453125 185.79591369628906 0.86085075 1.8554341 0.5297322 23.703865 0.29454726 39.63748 0.9489009380340576 0.28558894991874695
Pedestrian 0.0 0 -2.5342185497283936 359.00701904296875 161.76560974121094 408.6333923339844 230.96099853515625 0.95232785 1.6393218 0.6496371 -5.4135838 1.1970849 17.19776 -2.8391830921173096 0.2783399224281311
Pedestrian 0.0 0 2.9731218814849854 695.4907836914062 158.20626831054688 736.0968017578125 196.2183074951172 1.829448 1.786633 0.5871838 5.2305174 0.740238 33.533714 3.1278529167175293 0.1405000388622284
Pedestrian 0.0 0 -1.6951357126235962 769.4519653320312 147.13197326660156 788.2504272460938 196.472900390625 1.4837459 1.6985576 0.46381968 6.1345816 0.55139804 25.098782 -1.4554179906845093 0.13245835900306702
Cyclist 0.0 0 -0.38043949007987976 598.3609008789062 163.57595825195312 631.9551391601562 193.79469299316406 1.846424 1.7196323 0.6099361 0.58059585 0.75793403 40.845844 -0.3662261366844177 0.8218221068382263
Cyclist 0.0 0 2.9731218814849854 695.4907836914062 158.20626831054688 736.0968017578125 196.2183074951172 1.829448 1.786633 0.5871838 5.2305174 0.740238 33.533714 3.1278529167175293 0.6750383973121643
Cyclist 0.0 0 -0.0026770681142807007 758.9899291992188 156.57542419433594 805.3707885742188 199.07810974121094 1.8517269 1.7365471 0.661633 7.344027 0.76054204 29.426151 0.24190139770507812 0.6641318798065186
Cyclist 0.0 0 -0.9109369516372681 326.387451171875 172.38877868652344 368.337158203125 222.4449462890625 1.7765226 1.8190182 0.50219274 -9.701652 1.52578 26.611385 -1.2605302333831787 0.6464084386825562
Cyclist 0.0 0 -1.6658122539520264 769.5021362304688 147.07452392578125 787.2630004882812 196.74371337890625 1.5339147 1.7097027 0.46564245 6.124699 0.5606699 25.12538 -1.4267100095748901 0.371864914894104
Cyclist 0.0 0 0.7421334385871887 420.89117431640625 162.69265747070312 457.4774475097656 207.7232208251953 1.450979 1.8532279 0.6328017 -6.99593 1.1218563 29.724321 0.5109798908233643 0.2885962128639221
Cyclist 0.0 0 -2.8972132205963135 886.1533203125 158.4452362060547 919.46435546875 189.73631286621094 1.660911 1.720191 0.43157572 16.637354 0.50915253 39.534718 -2.4988808631896973 0.2845418453216553
Cyclist 0.0 0 -2.5342185497283936 359.00701904296875 161.76560974121094 408.6333923339844 230.96099853515625 0.95232785 1.6393218 0.6496371 -5.4135838 1.1970849 17.19776 -2.8391830921173096 0.22087574005126953
Cyclist 0.0 0 -2.752985715866089 1005.791015625 129.36767578125 1068.788818359375 208.95079040527344 1.1976405 1.9029056 0.5976979 10.688347 0.6818868 17.560537 -2.2062249183654785 0.12459348142147064
Car 0.0 0 -1.4089044332504272 474.0410461425781 172.99703979492188 535.3316040039062 216.83535766601562 3.5441387 1.4583426 1.6207955 -3.5426388 1.2102863 25.30608 -1.5479921102523804 0.9565671682357788
Car 0.0 0 -0.47094401717185974 899.0253295898438 159.97412109375 974.0039672851562 187.11195373535156 3.6499078 1.5517789 1.5617179 19.305935 0.37946272 41.266376 -0.03335630148649216 0.5253451466560364
Car 0.0 0 -3.5730326175689697 969.9015502929688 149.92642211914062 1059.925537109375 178.17919921875 4.264331 1.6088159 1.6502869 23.9586 -0.13803244 41.443882 -3.0488736629486084 0.5200634598731995
