Pedestrian 0.0 0 -3.4609150886535645 911.0181884765625 141.84799194335938 1016.8576049804688 298.17706298828125 1.0203589 1.7904656 0.4850544 4.1969643 1.3494617 8.406095 -2.9978466033935547 0.7604441046714783
Pedestrian 0.0 0 -0.21787762641906738 820.787841796875 179.57237243652344 871.2359008789062 269.71148681640625 0.8347538 1.738985 0.58636844 4.709954 1.7227215 13.971761 0.10726380348205566 0.30774426460266113
Pedestrian 0.0 0 -3.3253626823425293 836.209716796875 170.2826385498047 875.5006713867188 235.0120391845703 0.83794683 1.5995021 0.59111553 6.27811 1.3486214 17.823288 -2.986691951751709 0.301408976316452
Pedestrian 0.0 0 3.619755268096924 50.27705383300781 188.3428497314453 99.89997863769531 253.53424072265625 0.9062673 1.8242509 0.7346801 -15.25354 2.056145 20.322512 2.9758872985839844 0.24018904566764832
Pedestrian 0.0 0 -2.0768723487854004 1115.37060546875 197.21421813964844 1224.0 370.0 0.59401345 1.575389 0.6626847 4.332074 1.7117199 5.3396034 -1.395272970199585 0.20586887001991272
Pedestrian 0.0 0 -2.4167733192443848 1139.0003662109375 143.34716796875 1224.0 250.32330322265625 1.5217388 1.7316326 0.4678192 10.085073 1.1318896 12.2281 -1.7271246910095215 0.13642238080501556
Pedestrian 0.0 0 -0.986237645149231 1084.542724609375 186.82150268554688 1224.0 370.0 1.7310836 1.7121098 0.6231352 5.350915 1.77752 6.566345 -0.302477091550827 0.12256859242916107
Cyclist 0.0 0 -1.8533655405044556 844.8754272460938 134.47727966308594 907.409912109375 245.47518920898438 1.7544878 1.7686499 0.52462244 4.5793734 1.036975 12.15616 -1.4930946826934814 0.36221936345100403
Cyclist 0.0 0 -0.5504908561706543 1007.5568237304688 204.1855926513672 1133.1424560546875 293.3160705566406 1.86639 1.6297278 0.8143881 8.863732 2.10114 13.585955 0.027582883834838867 0.3356887400150299
Cyclist 0.0 0 -1.3705395460128784 1121.1766357421875 186.173583984375 1224.0 370.0 1.8133217 1.7149687 0.61779547 5.436962 1.7762998 6.615836 -0.6826404333114624 0.324099063873291
Cyclist 0.0 0 1.4770901203155518 876.7710571289062 185.1674041748047 929.5 312.7754821777344 1.6199709 1.6984541 0.5486159 4.2760305 1.7739311 10.32309 1.8697947263717651 0.1992778480052948
Cyclist 0.0 0 -2.4167733192443848 1139.0003662109375 143.34716796875 1224.0 250.32330322265625 1.5217388 1.7316326 0.4678192 10.085073 1.1318896 12.2281 -1.7271246910095215 0.178709477186203
Cyclist 0.0 0 -1.8010303974151611 890.5133056640625 151.01687622070312 945.97705078125 258.7879943847656 1.431561 1.7056211 0.53573865 5.216403 1.2406672 11.93742 -1.3890572786331177 0.16603738069534302
Cyclist 0.0 0 0.6169891357421875 51.3935432434082 189.12611389160156 100.91558074951172 253.9131317138672 0.9211924 1.8215976 0.6725409 -15.220945 2.0753274 20.315695 -0.026013260707259178 0.11018534004688263
Cyclist 0.0 0 -1.8472416400909424 838.305908203125 170.21038818359375 871.778564453125 235.91477966308594 0.868847 1.6145227 0.5777126 6.25577 1.3632783 17.820276 -1.5096335411071777 0.10442595183849335
Car 0.0 0 -0.8854578733444214 0.0 188.32568359375 127.93050384521484 238.8592529296875 4.0754375 1.5228146 1.688988 -18.485407 1.8128464 24.001036 -1.5417571067810059 0.35833051800727844
Car 0.0 0 -0.9917385578155518 283.4853515625 199.61721801757812 415.6496276855469 261.9925231933594 3.994845 1.4970781 1.6656971 -7.246879 2.1084595 20.412195 -1.332884669303894 0.2958778142929077
