Pedestrian 0.0 0 1.6596715450286865 290.6901550292969 155.1038055419922 334.567626953125 253.42823791503906 0.7577283 1.8390087 0.72290355 -5.792522 1.5073763 13.962295 1.2664132118225098 0.39646539092063904
Pedestrian 0.0 0 1.780314326286316 682.5902709960938 156.53750610351562 695.399169921875 189.9265899658203 0.8906599 1.9270719 0.57213855 4.584192 0.98571324 42.15369 1.8886381387710571 0.22946803271770477
Pedestrian 0.0 0 -3.1970484256744385 1226.767333984375 143.38958740234375 1242.0 206.9773406982422 0.6133022 1.9146843 0.69993734 19.34648 1.0278425 22.187925 -2.4799556732177734 0.20351147651672363
Pedestrian 0.0 0 1.1300017833709717 148.48939514160156 173.23191833496094 174.50369262695312 213.3360137939453 0.87654024 1.7633528 0.67818296 -20.090643 1.7808801 32.25521 0.5729391574859619 0.1589711457490921
Pedestrian 0.0 0 2.3586270809173584 1153.3514404296875 61.726505279541016 1242.0 305.1807861328125 0.6542867 1.8146342 0.51589316 4.7290673 0.9866816 5.660774 3.0545897483825684 0.13946741819381714
Pedestrian 0.0 0 -0.30284905433654785 979.1361694335938 159.44407653808594 1033.9932861328125 228.14967346191406 1.0970705 1.7140559 0.5961291 10.049307 1.3798655 18.39776 0.19709086418151855 0.13286980986595154
Pedestrian 0.0 0 1.1294240951538086 172.11720275878906 155.0093536376953 220.17532348632812 237.94090270996094 0.8301811 1.7727065 0.6235376 -9.1784315 1.3916255 15.913235 0.6062533855438232 0.10724736005067825
Pedestrian 0.0 0 0.7950487732887268 65.197998046875 148.19850158691406 100.26025390625 208.07591247558594 0.75232524 1.9013364 0.5392205 -17.022501 1.118788 23.23584 0.1627790927886963 0.10474919527769089
Pedestrian 0.0 0 2.1413469314575195 271.9477844238281 117.1360855102539 333.4335021972656 247.80043029785156 0.73184186 1.8396 0.5159677 -4.5381227 1.0555152 10.5589075 1.7354252338409424 0.10445902496576309
Pedestrian 0.0 0 -1.200108289718628 208.48171997070312 163.39830017089844 245.26219177246094 234.86680603027344 0.79553956 1.7078809 0.5458302 -9.420709 1.4822762 17.667221 -1.6899858713150024 0.10067406296730042
Cyclist 0.0 0 -1.7401474714279175 813.2079467773438 156.29409790039062 828.6172485351562 196.12661743164062 1.4629834 1.7599093 0.42568004 9.490253 1.0286058 32.62767 -1.4570921659469604 0.10957692563533783
Cyclist 0.0 0 -1.8968925476074219 890.7766723632812 141.3186492919922 930.1185302734375 202.3885955810547 1.7416886 1.7318541 0.53997684 8.818484 0.8379159 21.345688 -1.505121111869812 0.10879106819629669
Car 0.0 0 -0.1714993715286255 671.9476928710938 172.9868927001953 780.1351928710938 211.3372039794922 4.185123 1.5371919 1.6494858 4.6889424 1.5431938 29.781265 -0.015335308387875557 0.8855138421058655
Car 0.0 0 -0.814024806022644 511.8145751953125 168.99404907226562 553.9216918945312 187.95545959472656 3.6464856 1.593809 1.5516922 -6.681681 1.269717 62.56717 -0.9204137325286865 0.23773837089538574
Car 0.0 0 -3.0354056358337402 638.001708984375 176.93577575683594 693.5402221679688 197.83615112304688 3.8334978 1.4555801 1.5416802 3.9905994 1.7551777 51.787136 -2.9584999084472656 0.20001220703125
Car 0.0 0 -1.4388095140457153 643.3089599609375 171.201904296875 670.6170654296875 190.5 4.111077 1.4834642 1.6518921 3.7622662 1.3568234 57.6401 -1.3736302852630615 0.11184993386268616
