Car 0.0 0 -1.1752419471740723 252.5755157470703 182.0887451171875 371.7981872558594 240.0502166748047 3.8714247 1.403196 1.5863079 -7.839699 1.3286264 19.343 -1.5603080987930298 0.9372434020042419
Car 0.0 0 -1.246589183807373 180.02536010742188 195.21217346191406 454.457275390625 360.6714782714844 4.643142 1.4598925 1.6365283 -3.229167 1.6182015 8.960257 -1.5924879312515259 0.9158341884613037
Car 0.0 0 -1.5829182863235474 558.3078002929688 179.0063018798828 625.7756958007812 244.09335327148438 3.177568 1.639604 1.7024239 -0.5003186 1.4843148 19.72444 -1.6082782745361328 0.9140608906745911
Car 0.0 0 -1.336174726486206 384.0818786621094 182.26918029785156 507.3077697753906 267.32763671875 4.2307005 1.5867447 1.6334336 -3.3718145 1.5329093 15.538289 -1.5498621463775635 0.9006199836730957
Car 0.0 0 -1.2658705711364746 338.8660583496094 181.4241180419922 390.0346374511719 210.68299865722656 3.6684875 1.4663563 1.522905 -12.784101 1.277467 37.872414 -1.591417670249939 0.8159484267234802
Car 0.0 0 -1.423796534538269 460.7452087402344 178.11155700683594 534.124267578125 233.11703491210938 4.281232 1.5801076 1.6826929 -3.4306765 1.3771626 22.788975 -1.5732156038284302 0.7822199463844299
Car 0.0 0 -1.4209303855895996 511.2492980957031 178.57957458496094 556.1767578125 213.86891174316406 3.6546943 1.5107309 1.5006899 -3.339922 1.227771 32.631477 -1.52292799949646 0.736765444278717
Car 0.0 0 2.210662364959717 0.0 201.5089569091797 175.507568359375 339.4808044433594 3.7227721 1.4289142 1.5558143 -7.7799287 1.694362 9.772151 1.5382840633392334 0.7030603885650635
Car 0.0 0 -1.5126540660858154 389.60772705078125 179.03370666503906 433.2502746582031 216.4846649169922 3.8823602 1.5226765 1.6099768 -8.519054 1.2724614 31.288818 -1.7784819602966309 0.6908962726593018
Car 0.0 0 -1.3212285041809082 245.044921875 184.9348602294922 316.3330078125 227.70848083496094 3.7261379 1.5327625 1.6311337 -12.559875 1.5238305 27.732862 -1.7464812994003296 0.5668750405311584
