Pedestrian 0.0 0 2.6994004249572754 735.1365966796875 147.93695068359375 853.1343994140625 324.029052734375 1.0342638 1.7788576 0.66114426 1.9538864 1.4516037 7.5594897 2.9523329734802246 0.82122403383255
Pedestrian 0.0 0 3.598454475402832 50.02341842651367 188.01097106933594 99.74717712402344 253.17987060546875 0.9061785 1.8226956 0.75266737 -15.2636 2.045092 20.328989 2.95442271232605 0.44891658425331116
Pedestrian 0.0 0 1.2356959581375122 835.0410766601562 166.28089904785156 872.28466796875 235.98655700683594 0.9823403 1.707472 0.59192896 6.2136545 1.3607668 17.80588 1.5714497566223145 0.36153343319892883
Pedestrian 0.0 0 -0.3195708990097046 816.3832397460938 175.2877655029297 873.2055053710938 267.7336120605469 0.9222007 1.7896609 0.59653056 4.6896186 1.6903893 13.982915 0.004022359848022461 0.35883820056915283
Pedestrian 0.0 0 -2.1249213218688965 1113.96240234375 195.74729919433594 1224.0 370.0 0.58584934 1.5470576 0.66776687 4.32082 1.6709877 5.3298626 -1.4437012672424316 0.31148040294647217
Pedestrian 0.0 0 -3.3152716159820557 781.9802856445312 145.36166381835938 842.23388671875 250.0279083251953 0.9131544 1.7768469 0.63032 3.5621486 1.1819752 12.36019 -3.034679651260376 0.21926631033420563
Pedestrian 0.0 0 0.8839946985244751 1141.22216796875 144.9510955810547 1224.0 250.7327423095703 1.6738089 1.7024283 0.4672017 10.087599 1.1319653 12.211872 1.574418306350708 0.1957213580608368
Pedestrian 0.0 0 2.4425506591796875 1020.6546630859375 200.5665740966797 1126.244873046875 290.7972717285156 1.6090779 1.6501415 0.7143913 8.934105 2.049874 13.573644 3.024665355682373 0.14277133345603943
Pedestrian 0.0 0 -0.8396919369697571 1079.7626953125 198.54901123046875 1224.0 370.0 1.6587256 1.6655977 0.61308897 5.3501997 1.8462998 6.575241 -0.15665970742702484 0.11821223795413971
Pedestrian 0.0 0 3.0209667682647705 635.4315185546875 168.59234619140625 708.2135009765625 267.557861328125 1.2621753 1.7731946 0.6414101 1.1703563 1.5614834 13.003462 3.1107282638549805 0.11597003787755966
Cyclist 0.0 0 0.8839946985244751 1141.22216796875 144.9510955810547 1224.0 250.7327423095703 1.6738089 1.7024283 0.4672017 10.087599 1.1319653 12.211872 1.574418306350708 0.3536882996559143
Cyclist 0.0 0 -1.3032766580581665 1119.8563232421875 193.1127166748047 1224.0 370.0 1.823387 1.635738 0.5647817 5.4692664 1.7691607 6.624141 -0.6130859851837158 0.2670990526676178
Cyclist 0.0 0 2.4425506591796875 1020.6546630859375 200.5665740966797 1126.244873046875 290.7972717285156 1.6090779 1.6501415 0.7143913 8.934105 2.049874 13.573644 3.024665355682373 0.25985658168792725
Cyclist 0.0 0 1.6128937005996704 881.6806640625 178.85084533691406 922.4901123046875 306.4976501464844 1.6007774 1.7049222 0.48465216 4.28664 1.6845672 10.266422 2.0084285736083984 0.21964329481124878
Cyclist 0.0 0 -1.8579318523406982 855.8073120117188 154.30224609375 918.9628295898438 263.09918212890625 1.7417032 1.7010837 0.5070485 4.685808 1.2931284 11.939579 -1.4839422702789307 0.21322514116764069
Cyclist 0.0 0 3.0209667682647705 635.4315185546875 168.59234619140625 708.2135009765625 267.557861328125 1.2621753 1.7731946 0.6414101 1.1703563 1.5614834 13.003462 3.1107282638549805 0.17197147011756897
Cyclist 0.0 0 1.2801400423049927 836.41650390625 168.77755737304688 870.875244140625 236.43727111816406 0.8912814 1.6687671 0.58942974 6.2454853 1.3812404 17.892267 1.6159777641296387 0.1131119653582573
Cyclist 0.0 0 3.722698211669922 51.34390640258789 189.01571655273438 100.91638946533203 253.46031188964844 0.9088561 1.8097353 0.69697356 -15.228064 2.0606914 20.325607 3.0797057151794434 0.10777482390403748
Car 0.0 0 -2.502225875854492 225.2604522705078 201.8804931640625 378.23114013671875 261.6419677734375 3.6662018 1.474658 1.5617659 -8.353725 2.1010923 19.474407 -2.907445192337036 0.349621057510376
Car 0.0 0 -0.945061981678009 0.0 187.8047332763672 126.94166564941406 237.62109375 4.098377 1.50685 1.670768 -18.475616 1.7784193 24.061813 -1.5998830795288086 0.2967239320278168
Car 0.0 0 -1.1539826393127441 470.24261474609375 136.32040405273438 586.31396484375 204.2354278564453 4.3351083 1.7814494 1.7945074 -2.153095 0.62418044 20.88004 -1.2567368745803833 0.17329466342926025
