Pedestrian 0.0 0 -2.228564977645874 339.4848327636719 167.48809814453125 373.7220153808594 219.9711456298828 0.96517134 1.7490697 0.64495087 -8.494304 1.3169696 24.091265 -2.5675439834594727 0.7413018345832825
Pedestrian 0.0 0 -0.23161566257476807 424.71624755859375 155.0078582763672 452.5449523925781 207.4666748046875 0.84012264 1.8240433 0.61542517 -5.9234395 0.93918717 25.042942 -0.4638782739639282 0.6129913926124573
Pedestrian 0.0 0 1.937273621559143 256.60498046875 175.32310485839844 280.0589904785156 221.84596252441406 0.79529464 1.7708023 0.5729476 -13.032083 1.5752621 27.326378 1.4922722578048706 0.5090226531028748
Pedestrian 0.0 0 1.159529209136963 530.33740234375 157.06858825683594 559.5078125 208.2081298828125 0.9981894 1.7891765 0.6995318 -2.1864727 0.97092927 25.337471 1.0734484195709229 0.48865559697151184
Pedestrian 0.0 0 -1.952215313911438 352.8443603515625 167.22238159179688 376.70489501953125 217.6437530517578 0.7722727 1.8073571 0.57851994 -8.803117 1.3329431 25.820627 -2.280790328979492 0.48266834020614624
Pedestrian 0.0 0 0.9652152061462402 189.4904327392578 161.41587829589844 283.032470703125 286.5068054199219 1.1252488 1.6830255 0.6542843 -5.293537 1.427931 10.058202 0.4807569980621338 0.3254361152648926
Pedestrian 0.0 0 0.8622500896453857 958.0919189453125 155.9384765625 996.9653930664062 194.3797607421875 1.7654296 1.7075768 0.55446726 16.993378 0.61801064 32.324707 1.34625244140625 0.16673527657985687
Pedestrian 0.0 0 -1.8295915126800537 408.15948486328125 157.73744201660156 442.3414611816406 213.69241333007812 1.7976805 1.7346936 0.627133 -5.856917 1.030573 22.852268 -2.0804858207702637 0.1655372828245163
Pedestrian 0.0 0 -3.3059418201446533 718.6290893554688 160.65896606445312 743.311279296875 183.5923614501953 1.8398025 1.7923654 0.5721759 9.904711 0.24292955 55.551807 -3.1294991970062256 0.13836358487606049
Pedestrian 0.0 0 2.79943585395813 817.392578125 151.0329132080078 870.8941040039062 199.26406860351562 1.784597 1.7804704 0.6344163 8.903 0.69419813 26.428543 3.124366521835327 0.13133902847766876
Cyclist 0.0 0 -0.17577692866325378 884.1244506835938 142.19949340820312 951.7669067382812 200.38253784179688 1.8022195 1.7335035 0.6433326 9.498998 0.5939429 21.586481 0.23876667022705078 0.8630068898200989
Cyclist 0.0 0 -0.2947691082954407 817.2559814453125 151.3561553955078 870.0056762695312 200.04429626464844 1.7549807 1.7962652 0.648387 8.882794 0.7225694 26.430285 0.029454946517944336 0.8293452858924866
Cyclist 0.0 0 -0.5553158521652222 681.4939575195312 159.09945678710938 719.228515625 195.25619506835938 1.8020695 1.7726364 0.6399467 4.751811 0.7248802 35.319805 -0.4215821623802185 0.8229799270629883
Cyclist 0.0 0 -0.6091359853744507 296.7922058105469 171.08685302734375 357.42108154296875 233.12954711914062 1.7349432 1.8134749 0.51939315 -8.470784 1.5399003 21.527853 -0.9840092658996582 0.6648903489112854
Cyclist 0.0 0 -1.8295915126800537 408.15948486328125 157.73744201660156 442.3414611816406 213.69241333007812 1.7976805 1.7346936 0.627133 -5.856917 1.030573 22.852268 -2.0804858207702637 0.4489070773124695
Cyclist 0.0 0 0.9133276343345642 188.02462768554688 160.04405212402344 283.61505126953125 285.6076965332031 1.1498245 1.6936662 0.6337826 -5.298968 1.419417 10.059175 0.42848658561706543 0.41836825013160706
Cyclist 0.0 0 0.7861701250076294 958.0706787109375 155.66017150878906 998.6139526367188 193.9492950439453 1.7583364 1.6962386 0.5512598 16.985546 0.59728134 32.239227 1.271073818206787 0.3821617662906647
Cyclist 0.0 0 -1.7510958909988403 812.823974609375 154.16940307617188 833.57568359375 192.7800750732422 1.8791057 1.7675165 0.6038856 10.256284 0.5636141 33.330864 -1.4525796175003052 0.38146084547042847
Cyclist 0.0 0 -3.3059418201446533 718.6290893554688 160.65896606445312 743.311279296875 183.5923614501953 1.8398025 1.7923654 0.5721759 9.904711 0.24292955 55.551807 -3.1294991970062256 0.3435738980770111
Cyclist 0.0 0 -2.2564542293548584 338.9151306152344 168.142822265625 373.84906005859375 220.73828125 1.005756 1.7512928 0.62628555 -8.493274 1.3413702 24.066656 -2.5957157611846924 0.1533300131559372
Cyclist 0.0 0 1.9379396438598633 253.19264221191406 171.9461669921875 279.6990966796875 218.15948486328125 0.9680254 1.7432398 0.6139573 -13.029203 1.4220861 27.173018 1.4908338785171509 0.14279523491859436
Cyclist 0.0 0 0.6944242119789124 527.1297607421875 155.11822509765625 561.1849365234375 205.66270446777344 1.0474167 1.7724535 0.6433319 -2.2103908 0.883914 25.352306 0.607457160949707 0.13831187784671783
Cyclist 0.0 0 -0.10689757764339447 424.8131408691406 155.33526611328125 453.59368896484375 207.98501586914062 0.93500316 1.8333825 0.58345747 -5.9046917 0.9586197 25.046461 -0.33841973543167114 0.10553618520498276
Car 0.0 0 -1.3677623271942139 424.1440124511719 176.74008178710938 517.8717041015625 240.58834838867188 3.8110242 1.468001 1.6214541 -3.3565884 1.3831608 18.17316 -1.5504043102264404 0.9447433948516846
Car 0.0 0 -0.5007720589637756 959.3251342773438 155.18234252929688 1056.00830078125 187.59664916992188 3.744033 1.518492 1.5538739 19.250832 0.33390307 33.92337 0.015392303466796875 0.6267640590667725
Car 0.0 0 -0.6486497521400452 1052.1517333984375 142.63343811035156 1166.1600341796875 177.64495849609375 4.355937 1.6350361 1.6564884 24.208685 -0.13971254 34.055077 -0.030666662380099297 0.3852207064628601
Car 0.0 0 -1.7925965785980225 504.03302001953125 163.70286560058594 536.06884765625 186.12750244140625 3.8307424 1.6750438 1.662193 -6.619399 0.42162162 54.89237 -1.9126057624816895 0.3798915147781372
