Pedestrian 0.0 0 -0.8962409496307373 148.89825439453125 129.529052734375 205.8112335205078 214.26022338867188 0.9956069 1.8285041 0.60013974 -9.688332 0.8939066 16.101255 -1.4379189014434814 0.3854485750198364
Pedestrian 0.0 0 0.5806448459625244 177.5227508544922 158.94009399414062 234.88841247558594 265.2378845214844 0.5739056 1.7169709 0.64404714 -6.753473 1.4925847 11.99258 0.06777119636535645 0.3779236972332001
Cyclist 0.0 0 -0.8962409496307373 148.89825439453125 129.529052734375 205.8112335205078 214.26022338867188 0.9956069 1.8285041 0.60013974 -9.688332 0.8939066 16.101255 -1.4379189014434814 0.11322095990180969
Car 0.0 0 -2.773773431777954 308.748046875 177.09420776367188 443.83026123046875 232.738037109375 3.4293625 1.5536195 1.5875283 -6.838228 1.6835916 21.165764 -3.0862674713134766 0.862572193145752
Car 0.0 0 1.2758071422576904 728.0489501953125 187.26707458496094 901.1400756835938 304.50518798828125 3.7505739 1.4958539 1.5803791 3.0100517 1.7656105 11.577876 1.5301593542099 0.855047881603241
Car 0.0 0 3.8018126487731934 0.0 152.36929321289062 224.6545867919922 375.0 3.7166603 1.5951898 1.6301697 -5.560878 1.4528313 5.998295 3.0542378425598145 0.7342689037322998
Car 0.0 0 3.168548345565796 476.4366149902344 180.6841583251953 543.15283203125 207.36529541015625 3.6866922 1.4588891 1.5770781 -5.701322 1.9151295 41.018085 3.03043794631958 0.7279587388038635
Car 0.0 0 -2.835378646850586 384.3253173828125 180.96617126464844 498.41448974609375 223.995361328125 3.7555115 1.4897273 1.5155996 -6.123193 1.7949806 26.216608 -3.0648269653320312 0.7011607885360718
Car 0.0 0 -1.5595073699951172 644.7874145507812 178.72486877441406 674.9215698242188 207.4078369140625 3.855278 1.4604919 1.5671935 2.7145174 1.7986801 39.532993 -1.490950345993042 0.6620401740074158
Car 0.0 0 -2.7598211765289307 353.3714599609375 179.70736694335938 480.974365234375 228.176513671875 3.7543087 1.5142387 1.5828122 -6.3668404 1.7506427 23.836927 -3.0208280086517334 0.5534870028495789
Car 0.0 0 -2.5192999839782715 0.0 192.0865478515625 279.9655456542969 340.6472473144531 3.501402 1.5283378 1.5717131 -6.013862 1.774049 8.413233 -3.1398963928222656 0.47852176427841187
Car 0.0 0 -2.9084296226501465 428.4424133300781 183.1040496826172 524.193359375 217.83177185058594 3.8667624 1.4530804 1.5543901 -5.846254 1.9144473 31.576286 -3.091503381729126 0.3770466148853302
