Pedestrian 0.0 0 -1.4273567199707031 667.4208374023438 166.27049255371094 685.6975708007812 211.86410522460938 0.5511807 1.8700986 0.6842927 2.7229156 1.6004233 29.93978 -1.3366597890853882 0.4481954872608185
Pedestrian 0.0 0 1.492296576499939 709.8834228515625 173.30101013183594 734.1027221679688 235.232177734375 0.72125 1.8319834 0.6643199 3.320296 1.8460438 21.730507 1.6439181566238403 0.3998624086380005
Pedestrian 0.0 0 1.513913869857788 728.8070678710938 155.4159393310547 755.0796508789062 227.72145080566406 0.7541216 1.7973967 0.6126927 3.298975 1.3642733 18.344791 1.6918437480926514 0.3012288808822632
Pedestrian 0.0 0 1.7987182140350342 362.7657165527344 163.98805236816406 378.93316650390625 197.78094482421875 0.7515683 1.8660482 0.7053897 -13.371485 1.376827 40.247517 1.4779598712921143 0.27552205324172974
Pedestrian 0.0 0 -1.586037039756775 684.150390625 170.25144958496094 703.0739135742188 221.00355529785156 0.6150507 1.8049196 0.6665284 2.9643776 1.7127218 25.996372 -1.4724969863891602 0.25656670331954956
Pedestrian 0.0 0 -1.5620472431182861 655.9856567382812 168.83274841308594 670.5157470703125 207.67727661132812 0.54566026 1.8218575 0.68017185 2.4822898 1.6336136 34.13784 -1.4894613027572632 0.24724483489990234
Pedestrian 0.0 0 -1.0204048156738281 1164.0045166015625 107.38641357421875 1242.0 225.18270874023438 1.9136924 1.7713057 0.5108405 9.638945 0.7872259 11.38885 -0.3180340528488159 0.17993399500846863
Cyclist 0.0 0 -1.0294568538665771 1161.4130859375 105.95857238769531 1242.0 221.91082763671875 1.9125028 1.7466887 0.517594 9.616296 0.73934317 11.42079 -0.32962605357170105 0.5683048367500305
Car 0.0 0 -1.3615007400512695 335.7004699707031 192.3460235595703 460.521484375 289.39923095703125 3.33745 1.4723052 1.5392627 -3.8247194 1.8798404 13.351501 -1.6404930353164673 0.9354413747787476
Car 0.0 0 1.7065563201904297 429.5548095703125 180.79122924804688 510.342529296875 253.56100463867188 4.0126266 1.7484428 1.641962 -3.7821248 1.9894519 19.826973 1.518064260482788 0.9210203289985657
Car 0.0 0 1.6576809883117676 496.13311767578125 182.05099487304688 534.0255737304688 214.0985107421875 4.0522814 1.4735668 1.551101 -4.7742057 1.9643278 36.41318 1.5273126363754272 0.7880530953407288
Car 0.0 0 3.863557815551758 0.0 197.36160278320312 62.962623596191406 375.0 3.7025464 1.5510825 1.6276104 -8.300156 1.8424394 7.551454 3.0309629440307617 0.37264955043792725
Car 0.0 0 -2.6833105087280273 454.4101257324219 167.61740112304688 506.96392822265625 186.4276123046875 3.980293 1.524089 1.6214802 -10.730979 1.1001527 59.78983 -2.860898017883301 0.303131103515625
Car 0.0 0 1.449608325958252 628.4396362304688 167.388427734375 663.864013671875 198.32212829589844 3.9919233 1.8906837 1.785018 2.2336812 1.556983 46.153645 1.49796724319458 0.29805243015289307
