Pedestrian 0.0 0 -2.760035753250122 505.48846435546875 172.51336669921875 518.0457153320312 203.0970916748047 0.5596644 1.8375678 0.63157254 -5.984183 1.8174595 43.723896 -2.8960535526275635 0.17940907180309296
Pedestrian 0.0 0 -2.696890115737915 291.3669738769531 175.1233367919922 309.2924499511719 209.72019958496094 0.6839496 1.8161813 0.59466773 -16.439928 1.9377496 38.225773 -3.103050947189331 0.1568809300661087
Pedestrian 0.0 0 -1.0284714698791504 445.2715148925781 171.31517028808594 456.9996032714844 195.79815673828125 0.39850903 1.8429434 0.77232665 -12.053115 1.727466 54.622746 -1.2456523180007935 0.1423284113407135
Pedestrian 0.0 0 -0.45199817419052124 239.2270965576172 176.47557067871094 277.7776184082031 238.51129150390625 0.7418155 1.5967048 0.5713965 -9.346794 1.6952505 19.091368 -0.9072768688201904 0.11507320404052734
Pedestrian 0.0 0 -0.41607731580734253 637.8019409179688 172.41221618652344 653.197998046875 203.03646850585938 0.68895835 1.7575617 0.64558446 2.0221064 1.7325652 41.832207 -0.36777639389038086 0.10397184640169144
Car 0.0 0 -1.6373121738433838 579.3677978515625 171.82847595214844 604.6008911132812 192.90672302246094 3.9674556 1.4981043 1.5976166 -1.3921207 1.4255741 53.328545 -1.6634109020233154 0.6853296756744385
Car 0.0 0 -1.4000425338745117 553.7406005859375 170.80880737304688 578.9300537109375 188.45755004882812 3.7528944 1.5199857 1.6210575 -3.8685663 1.3442013 64.09351 -1.4603275060653687 0.5411853194236755
Car 0.0 0 2.074838638305664 139.621826171875 178.752685546875 255.85023498535156 228.34779357910156 4.0369387 1.4814272 1.6077756 -13.63037 1.6950747 24.059685 1.5593981742858887 0.22246429324150085
Car 0.0 0 -1.6731103658676147 682.7486572265625 183.87937927246094 723.3287353515625 217.7989501953125 3.5890148 1.4700854 1.5416205 4.3279924 2.0216634 34.25893 -1.547444224357605 0.12369705736637115
Car 0.0 0 2.008530616760254 238.0371551513672 184.37222290039062 321.4709167480469 223.26171875 3.9909897 1.4417495 1.603883 -13.630286 1.9520452 29.937563 1.581285834312439 0.11074073612689972
Car 0.0 0 2.0645666122436523 308.0559387207031 167.82350158691406 353.2470397949219 191.59312438964844 4.5311027 2.0021036 1.7492641 -24.39621 1.5787443 63.128967 1.6957951784133911 0.1021471694111824
