Pedestrian 0.0 0 2.1075737476348877 96.44195556640625 158.7535858154297 141.2105255126953 236.58609008789062 0.6320842 1.843298 0.6645961 -11.900033 1.5097177 17.42152 1.5083041191101074 0.4961891174316406
Car 0.0 0 -2.7021374702453613 239.14866638183594 182.68359375 428.8418884277344 251.40621948242188 3.9519136 1.5420517 1.6704273 -6.6362467 1.7935872 17.45186 -3.065511703491211 0.9082704782485962
Car 0.0 0 -1.7261078357696533 659.7695922851562 172.54344177246094 735.9229125976562 235.25936889648438 4.4543276 1.7984637 1.7048533 2.6328826 1.7899159 22.948608 -1.6118777990341187 0.8197883367538452
Car 0.0 0 -2.3423354625701904 888.673828125 206.76284790039062 1242.0 375.0 3.9301782 1.4540644 1.5959017 2.9324472 1.7105845 3.4353294 -1.635746717453003 0.7717369198799133
Car 0.0 0 0.3641275465488434 345.9486999511719 183.59291076660156 475.70587158203125 232.70550537109375 3.5499983 1.4216778 1.4909167 -6.121444 1.7659256 22.192436 0.0949854850769043 0.7328068614006042
Car 0.0 0 0.2156747281551361 387.7826232910156 177.2625274658203 507.5484313964844 220.13058471679688 4.4843144 1.6806271 1.7424071 -6.5721593 1.8657005 29.347786 -0.004631092771887779 0.7191352844238281
Car 0.0 0 -1.6799118518829346 646.4113159179688 180.60923767089844 689.7875366210938 217.61241149902344 3.7186491 1.5883305 1.6086664 2.6147356 1.9705575 33.642056 -1.602345585823059 0.6784999370574951
Car 0.0 0 -2.295682191848755 0.0 157.60995483398438 165.62347412109375 357.07196044921875 3.971645 1.4492977 1.6043196 -6.2933836 1.3388919 6.1362376 -3.0937225818634033 0.5818240642547607
Car 0.0 0 0.32827749848365784 295.93310546875 190.12388610839844 468.31201171875 246.83030700683594 4.2117367 1.4459466 1.6085175 -6.203005 1.9400675 19.771595 0.024269580841064453 0.5749697685241699
Car 0.0 0 -2.7882895469665527 440.9453430175781 178.1871337890625 523.3668212890625 209.97450256347656 3.7911732 1.5472007 1.6324778 -6.5026984 1.8267919 36.63732 -2.9639487266540527 0.5580180883407593
Car 0.0 0 -2.9227230548858643 414.14794921875 173.84051513671875 501.52178955078125 212.05770874023438 3.4847775 1.6292008 1.589902 -6.6610193 1.6738982 31.612904 -3.1303911209106445 0.5070082545280457
