Pedestrian 0.0 0 -2.447268009185791 72.57601928710938 153.79129028320312 164.25001525878906 295.9360046386719 0.8478819 1.776692 0.50517964 -6.315667 1.4445329 9.121717 -3.0528595447540283 0.8229666948318481
Pedestrian 0.0 0 -1.8106944561004639 837.9296264648438 176.84803771972656 870.8509521484375 243.75674438476562 0.7944994 1.6490986 0.610103 6.249434 1.5606858 17.846575 -1.4738632440567017 0.20414572954177856
Pedestrian 0.0 0 0.24369841814041138 253.23951721191406 165.9123992919922 303.06353759765625 256.5768737792969 0.7563227 1.7046576 0.5838325 -6.341158 1.43202 13.647319 -0.19126731157302856 0.16564995050430298
Pedestrian 0.0 0 1.0074394941329956 59.49205780029297 158.0621337890625 126.37706756591797 255.60284423828125 0.9646223 1.7320945 0.567411 -9.452612 1.3352935 12.992399 0.3784623146057129 0.1557316780090332
Pedestrian 0.0 0 3.5229153633117676 52.13263702392578 186.2998046875 95.85484313964844 251.7818603515625 0.8282056 1.8383255 0.63980556 -15.296851 2.0101557 20.33503 2.877981185913086 0.12555083632469177
Pedestrian 0.0 0 3.5383992195129395 206.2023468017578 150.68067932128906 254.8614501953125 241.36215209960938 0.6753657 1.7488301 0.5883397 -7.4245443 1.1753846 13.954753 3.0494461059570312 0.10690225660800934
Cyclist 0.0 0 1.5414575338363647 854.9916381835938 150.08274841308594 891.60009765625 256.4825744628906 1.7826207 1.6989785 0.52873427 4.567972 1.2149347 12.214031 1.8993457555770874 0.3803756833076477
Cyclist 0.0 0 1.558853268623352 882.6365966796875 183.54373168945312 924.6989135742188 308.7411804199219 1.6783054 1.6644754 0.5226543 4.2920423 1.7143224 10.31366 1.9532051086425781 0.11183708161115646
Car 0.0 0 -1.8293647766113281 765.038818359375 147.97775268554688 808.1129760742188 179.84420776367188 4.4736 2.057557 1.7349913 12.258244 -0.04530182 47.985207 -1.5792551040649414 0.13805779814720154
Car 0.0 0 -2.018885850906372 1141.984619140625 119.3538818359375 1224.0 236.8594207763672 3.9452322 1.724664 1.8421859 11.427483 0.8288675 12.52669 -1.2793433666229248 0.13208885490894318
Car 0.0 0 -1.1727454662322998 478.3545227050781 150.61929321289062 582.9356079101562 207.9236602783203 3.8364284 1.5346588 1.7339191 -2.1271472 0.7360117 21.01839 -1.2736061811447144 0.10174461454153061
