Pedestrian 0.0 0 2.587984085083008 385.9466857910156 171.65274047851562 429.23138427734375 261.6764831542969 0.52200276 1.7288213 0.72444874 -4.016116 1.4694886 14.238364 2.313063383102417 0.15233370661735535
Pedestrian 0.0 0 -1.022489309310913 1187.9166259765625 104.46479034423828 1241.0 226.44979858398438 0.6914806 1.8192638 0.6307516 9.511795 0.61608946 11.124107 -0.3150641620159149 0.1490871012210846
Pedestrian 0.0 0 1.9663901329040527 311.2256164550781 160.1652374267578 359.35943603515625 251.30091857910156 0.68045115 1.7160158 0.6595566 -5.30104 1.2454656 13.881962 1.6016141176223755 0.11915996670722961
Car 0.0 0 -1.7375667095184326 561.7361450195312 164.71612548828125 605.8587036132812 194.70413208007812 3.8133652 1.4497834 1.6357063 -1.309412 0.45985377 36.78176 -1.773151159286499 0.8209819197654724
Car 0.0 0 -1.669659972190857 487.59967041015625 163.86447143554688 529.0093994140625 195.50131225585938 4.0290184 1.4809726 1.6417754 -5.0358143 0.4826185 35.79851 -1.809414029121399 0.783263087272644
Car 0.0 0 -1.6785197257995605 482.48028564453125 161.80953979492188 513.2374877929688 186.4310760498047 3.9175344 1.587165 1.6301003 -7.46367 0.079477265 48.43809 -1.8314040899276733 0.3116288483142853
Car 0.0 0 3.233705520629883 311.8275146484375 170.27734375 441.2183837890625 222.72879028320312 3.7464254 1.5654786 1.6054277 -7.218503 1.1207561 22.637829 2.9250288009643555 0.19860824942588806
Car 0.0 0 -1.2288020849227905 552.5846557617188 167.31141662597656 583.3427124023438 184.27468872070312 4.0211387 1.5213335 1.6020631 -3.6724179 -0.08921732 66.86022 -1.2836737632751465 0.19735442101955414
Car 0.0 0 -1.2775757312774658 608.3751831054688 169.411865234375 651.4822387695312 195.0645294189453 3.6887324 1.4833792 1.6154912 1.3629036 0.5706451 43.57012 -1.246305227279663 0.14366042613983154
Car 0.0 0 -0.05751994252204895 253.23036193847656 182.82577514648438 357.4749755859375 216.69635009765625 4.263397 1.455562 1.6153786 -13.713361 1.3539885 32.552723 -0.4562237560749054 0.11777682602405548
Car 0.0 0 -1.4070512056350708 160.4588165283203 153.9155731201172 204.0135955810547 183.14620971679688 3.9943855 1.7340729 1.7254132 -26.671272 -0.13504085 45.123325 -1.9408824443817139 0.11623939126729965
