Pedestrian 0.0 0 1.170654535293579 1076.49072265625 144.2921142578125 1238.0 374.0 0.9142014 1.7323377 0.7917156 4.3374906 1.4672288 5.683932 1.8224961757659912 0.8153629899024963
Pedestrian 0.0 0 1.5640875101089478 626.82177734375 164.5552215576172 645.1984252929688 215.2810516357422 0.9045667 1.8995063 0.6876829 1.2929447 1.2660162 27.362375 1.6113049983978271 0.7484027743339539
Pedestrian 0.0 0 2.1124279499053955 266.9579772949219 155.0765380859375 353.1080322265625 308.8094482421875 0.7624259 1.8036917 0.69207823 -3.6206536 1.4950212 8.854983 1.7242871522903442 0.6125859022140503
Pedestrian 0.0 0 2.0483345985412598 503.15289306640625 172.68856811523438 537.7108764648438 236.479248046875 0.75826675 1.6812878 0.6533638 -2.2137997 1.4502189 19.40064 1.9347163438796997 0.600386917591095
Pedestrian 0.0 0 1.6517906188964844 619.0983276367188 161.09141540527344 632.3854370117188 199.21044921875 0.50434923 1.9533032 0.6477719 1.2514888 0.90838695 37.094048 1.685516119003296 0.4387573003768921
Pedestrian 0.0 0 0.41766226291656494 172.0990447998047 197.7860870361328 254.76837158203125 327.65191650390625 0.6696418 1.5204169 0.71452427 -4.825969 1.7319545 8.886145 -0.0798596665263176 0.34914231300354004
Pedestrian 0.0 0 1.1092326641082764 641.2679443359375 163.07505798339844 657.1361083984375 195.787353515625 0.78980654 1.9360209 0.6650882 2.8599956 0.8463389 43.00332 1.1756412982940674 0.2893754243850708
Pedestrian 0.0 0 1.8404401540756226 643.9664306640625 168.04937744140625 677.197509765625 229.4174346923828 1.6185907 1.7819109 0.5944381 1.775476 1.3924878 21.717434 1.922012209892273 0.2819453477859497
Pedestrian 0.0 0 1.7650552988052368 580.23876953125 173.91236877441406 600.977294921875 219.17750549316406 0.84891886 1.7417239 0.66160333 -0.43743345 1.4507848 28.114164 1.749497413635254 0.26174360513687134
Pedestrian 0.0 0 -1.553786277770996 441.49237060546875 176.95883178710938 468.243408203125 239.14678955078125 0.90089524 1.6358759 0.6920862 -3.9825542 1.5175874 19.399967 -1.7562599182128906 0.25343239307403564
Pedestrian 0.0 0 3.333653688430786 372.96832275390625 168.6354217529297 412.1827392578125 251.6565399169922 0.7244819 1.7934446 0.6421168 -4.641538 1.5167662 15.868199 3.049086570739746 0.22846552729606628
Pedestrian 0.0 0 -1.3480730056762695 710.3180541992188 159.86891174316406 726.7799682617188 194.3412628173828 0.80456364 1.8740138 0.7359319 6.4504657 0.69891393 39.558987 -1.1864361763000488 0.21527378261089325
Pedestrian 0.0 0 1.7119559049606323 562.8348388671875 169.37188720703125 586.9400024414062 222.43597412109375 1.7506018 1.7708212 0.59682405 -0.92870915 1.3671721 24.870724 1.6746318340301514 0.14720559120178223
Cyclist 0.0 0 1.717492938041687 562.5449829101562 169.3331298828125 587.4335327148438 223.51181030273438 1.8192283 1.8044989 0.60453546 -0.92379344 1.4003472 24.859781 1.6803498268127441 0.603781521320343
Cyclist 0.0 0 1.8360776901245117 643.36962890625 167.980224609375 677.3372192382812 230.24954223632812 1.6551462 1.8061174 0.61379516 1.7691109 1.4151133 21.71526 1.9173667430877686 0.44755348563194275
Cyclist 0.0 0 1.3551008701324463 701.3121948242188 162.9188690185547 724.9205322265625 207.02218627929688 1.8486595 1.7054518 0.54509443 4.431902 0.98794705 28.714582 1.5082358121871948 0.40681183338165283
Cyclist 0.0 0 1.701601266860962 369.0020446777344 168.34754943847656 405.5909729003906 252.13990783691406 1.7854258 1.7474891 0.5522039 -4.7547245 1.4744298 15.90352 1.411086916923523 0.3392065465450287
Car 0.0 0 -1.8009876012802124 755.4378662109375 99.9447250366211 989.1932373046875 266.21600341796875 4.13312 1.5704137 1.6702045 2.969176 0.8015076 8.916052 -1.4795238971710205 0.616799533367157
Car 0.0 0 -2.055177688598633 1061.9603271484375 152.3747100830078 1238.0 348.213623046875 3.8714256 1.5541846 1.6111138 6.6180987 1.3244379 7.7635274 -1.349256992340088 0.3715985417366028
