Pedestrian 0.0 0 -2.6475846767425537 240.23077392578125 165.3985137939453 288.81494140625 251.50108337402344 0.7008962 1.7486228 0.618719 -7.2125382 1.5975702 14.975548 -3.096421241760254 0.23843128979206085
Pedestrian 0.0 0 2.1519196033477783 0.0 127.1300277709961 74.59580993652344 290.8733215332031 0.76882786 1.7947586 0.65581703 -6.827146 1.2939448 8.322801 1.46492600440979 0.23171772062778473
Cyclist 0.0 0 -1.0256210565567017 246.0141143798828 156.31600952148438 312.0953063964844 243.3120880126953 1.6956625 1.7633218 0.48227024 -7.119952 1.4284717 15.491898 -1.456423044204712 0.3639968931674957
Cyclist 0.0 0 -1.8459489345550537 1154.719482421875 145.35415649414062 1242.0 318.9825744628906 1.7193027 1.7149528 0.47220752 6.5330343 1.4436908 8.006597 -1.1615538597106934 0.30204594135284424
Car 0.0 0 -1.9259192943572998 748.1950073242188 181.9894256591797 1040.686279296875 359.80596923828125 3.4998329 1.3598117 1.5688723 2.539461 1.4771719 7.4676895 -1.5981271266937256 0.9393418431282043
Car 0.0 0 1.356656789779663 695.0982055664062 174.10693359375 841.6400146484375 279.15484619140625 3.9169602 1.5098895 1.5927548 2.469717 1.5351865 12.3871975 1.5534528493881226 0.9159908890724182
Car 0.0 0 2.3909857273101807 613.3133544921875 167.88494873046875 746.4664916992188 220.9454345703125 4.2480783 1.5500633 1.6451696 2.2431426 1.4052598 23.020048 2.48812198638916 0.8246638178825378
Car 0.0 0 0.6589785814285278 950.2474975585938 213.28163146972656 1242.0 375.0 3.8290489 1.4824349 1.5489677 2.591754 1.7045794 2.0358298 1.563936471939087 0.6544840931892395
Car 0.0 0 -2.814436197280884 483.35748291015625 173.8153533935547 545.0529174804688 198.4948272705078 3.5888295 1.5374441 1.60518 -6.1429343 1.6008322 46.16983 -2.9467101097106934 0.2907290756702423
Car 0.0 0 -0.7236137986183167 0.0 205.13502502441406 142.3124237060547 375.0 3.8400455 1.5062704 1.6143049 -3.535352 1.7065207 2.46544 -1.6854530572891235 0.23672086000442505
