Pedestrian 0.0 0 0.5804916024208069 856.4761962890625 137.1643524169922 902.5291137695312 215.46820068359375 0.81434643 1.8372265 0.6614075 6.465614 1.0002059 17.450521 0.9353210926055908 0.2604779303073883
Pedestrian 0.0 0 -2.315664291381836 27.258098602294922 163.59300231933594 58.17779541015625 215.43814086914062 0.59075916 1.8524239 0.6539157 -20.597445 1.5218868 26.147284 -2.982889175415039 0.24968264997005463
Pedestrian 0.0 0 -0.5881527662277222 969.5430908203125 140.9318084716797 1017.6007690429688 226.39016723632812 0.67695946 1.7723095 0.60544413 8.073959 1.1106373 15.296893 -0.10250001400709152 0.22313188016414642
Pedestrian 0.0 0 -1.069623589515686 243.8148193359375 178.8325653076172 278.7898864746094 239.38609313964844 0.84884226 1.7453631 0.59733826 -10.341459 1.9260316 21.319796 -1.5212509632110596 0.15219219028949738
Pedestrian 0.0 0 3.4099578857421875 301.59295654296875 165.7196807861328 346.7400207519531 216.46890258789062 1.3525785 1.7303172 0.5582293 -9.918541 1.4874274 24.950077 3.0315778255462646 0.1484622210264206
Pedestrian 0.0 0 -2.6086645126342773 389.2310791015625 149.82217407226562 413.32147216796875 193.99192810058594 0.7812749 1.8659188 0.6257141 -8.970584 0.89331436 30.877914 -2.891399383544922 0.12178585678339005
Pedestrian 0.0 0 1.317757248878479 843.62255859375 159.60208129882812 876.1782836914062 224.6234130859375 0.97497267 1.764501 0.6299463 6.899324 1.4052383 20.088303 1.6485848426818848 0.11052171885967255
Pedestrian 0.0 0 -1.9985960721969604 784.5136108398438 157.6782684326172 813.5125732421875 209.62049865722656 0.9955341 1.7793974 0.62355614 6.5644145 1.2598765 25.259268 -1.744339108467102 0.10613858699798584
Cyclist 0.0 0 3.4099578857421875 301.59295654296875 165.7196807861328 346.7400207519531 216.46890258789062 1.3525785 1.7303172 0.5582293 -9.918541 1.4874274 24.950077 3.0315778255462646 0.1772298365831375
Car 0.0 0 1.7854889631271362 553.0380859375 175.1768798828125 594.4164428710938 201.2232208251953 4.127023 1.485894 1.6636591 -2.1766589 1.6340011 43.719154 1.7357426881790161 0.7009687423706055
Car 0.0 0 1.7522333860397339 619.0026245117188 178.0108642578125 645.62255859375 196.7478485107422 3.7738001 1.4666437 1.5434432 1.8503292 1.9072437 59.58794 1.7832754850387573 0.13919410109519958
Car 0.0 0 0.9290944933891296 749.2666015625 172.67483520507812 834.1497192382812 209.17254638671875 3.9030921 1.4876214 1.5583248 7.8068023 1.4806765 31.507587 1.171978235244751 0.12338237464427948
Car 0.0 0 2.0198731422424316 249.0440216064453 164.6031036376953 350.39117431640625 213.90090942382812 3.6581461 1.4454246 1.5278665 -9.818276 1.2038646 23.015095 1.616646647453308 0.12173552811145782
