Pedestrian 0.0 0 1.440448522567749 570.15234375 137.67431640625 605.1930541992188 222.81715393066406 0.945898 1.8542196 0.66758287 -0.44013762 0.9231888 15.912543 1.4127957820892334 0.7848547101020813
Pedestrian 0.0 0 1.1022751331329346 767.4557495117188 128.88648986816406 834.5357666015625 261.7991638183594 0.7993413 1.747734 0.5904761 2.6387944 1.0707159 9.743561 1.3667552471160889 0.7797513604164124
Pedestrian 0.0 0 1.0905934572219849 771.4744262695312 134.48573303222656 901.7761840820312 370.0 0.8314396 1.773052 0.6411482 1.7092724 1.4484683 5.4746666 1.3932185173034668 0.7750866413116455
Pedestrian 0.0 0 1.2712734937667847 620.2515258789062 135.6382293701172 659.7335205078125 218.36105346679688 0.84739965 1.8210422 0.67290175 0.7460882 0.8350799 16.054295 1.3177129030227661 0.7454522252082825
Pedestrian 0.0 0 1.560377836227417 461.3083190917969 141.49468994140625 494.07647705078125 230.834716796875 0.97478944 1.8795991 0.68167615 -2.8223948 1.0605989 15.413791 1.3792756795883179 0.6468042731285095
Pedestrian 0.0 0 1.3845937252044678 481.2528076171875 133.01602172851562 536.066162109375 263.51019287109375 0.84092283 1.7479663 0.6157037 -1.4173226 1.1135914 9.963072 1.2432842254638672 0.6394228935241699
Pedestrian 0.0 0 1.369069218635559 586.4957885742188 153.86209106445312 639.0050048828125 268.2688293457031 0.8501943 1.7129605 0.6602832 0.062142357 1.3157843 11.062629 1.3746864795684814 0.6162344813346863
Pedestrian 0.0 0 0.9066894054412842 864.6813354492188 120.7724838256836 996.7967529296875 352.6854248046875 0.7930588 1.7496887 0.62373966 2.5876782 1.3007792 5.789501 1.3270127773284912 0.6113229393959045
Pedestrian 0.0 0 0.32029423117637634 819.3527221679688 141.07733154296875 886.0338134765625 264.3782043457031 0.74000376 1.6377512 0.5536612 3.3978655 1.1157898 9.83113 0.653064489364624 0.503552258014679
Pedestrian 0.0 0 -1.7044312953948975 239.41769409179688 147.85244750976562 266.7309265136719 205.91848754882812 0.8416843 1.7180212 0.6336961 -10.71033 0.75363034 21.44091 -2.167701005935669 0.48140260577201843
Pedestrian 0.0 0 1.5127415657043457 678.4910278320312 142.38343811035156 697.466552734375 198.84182739257812 0.83089143 1.7693427 0.55244046 2.614099 0.57636505 22.583717 1.6279802322387695 0.4812615215778351
Pedestrian 0.0 0 2.000852108001709 368.5538330078125 143.05596923828125 399.7303771972656 202.4482879638672 0.8072114 1.9799682 0.7432709 -7.5239315 0.7332321 24.01324 1.6972163915634155 0.47588133811950684
Pedestrian 0.0 0 0.5344401001930237 633.1985473632812 139.0712432861328 716.8097534179688 276.6704406738281 0.9445855 1.8036228 0.6732958 0.9240341 1.2622566 9.812843 0.6283290386199951 0.4654630124568939
Pedestrian 0.0 0 1.7101657390594482 540.553955078125 139.41461181640625 573.14599609375 223.6280975341797 0.79234624 1.827937 0.62331605 -1.1049013 0.9377546 15.759046 1.6401680707931519 0.45440027117729187
Pedestrian 0.0 0 2.5648610591888428 1025.4951171875 176.369140625 1076.2991943359375 250.30416870117188 0.8512926 1.801703 0.6470341 11.025207 1.7026379 17.555185 3.1256372928619385 0.4356810748577118
Pedestrian 0.0 0 -0.9681904911994934 109.50225830078125 143.87965393066406 171.1678466796875 255.951171875 0.52693075 1.8230655 0.6796864 -7.7700157 1.2290158 11.766449 -1.5518096685409546 0.3446483910083771
Pedestrian 0.0 0 0.6817311644554138 523.3977661132812 137.40469360351562 594.251953125 261.76141357421875 0.8153705 1.7900836 0.69296134 -0.7426014 1.1714026 10.690678 0.6123800277709961 0.3408412039279938
Pedestrian 0.0 0 0.7580629587173462 235.46368408203125 138.17445373535156 327.2723083496094 248.36105346679688 1.337289 1.7342075 0.5804949 -5.358789 1.0697094 11.612078 0.325700044631958 0.323873907327652
Cyclist 0.0 0 0.7353339195251465 234.6715850830078 138.24606323242188 345.25067138671875 247.38064575195312 1.7143857 1.7166673 0.5851461 -5.241261 1.0536768 11.658974 0.31285643577575684 0.4850919544696808
Car 0.0 0 1.9870109558105469 0.0 53.62767028808594 302.29052734375 370.0 3.9701252 1.6159841 1.5755762 -3.1397073 1.2247976 4.292309 1.3554730415344238 0.39625853300094604
