Pedestrian 0.0 0 -1.575299620628357 628.3289794921875 160.94212341308594 660.8795776367188 241.08958435058594 0.9280249 1.7223202 0.69903475 0.9156741 1.2817713 15.915832 -1.517830729484558 0.8410851955413818
Pedestrian 0.0 0 0.867483913898468 381.8670654296875 165.01071166992188 422.0335693359375 242.1205596923828 0.65212286 1.7033123 0.5982661 -4.560255 1.3402932 16.29544 0.5946156978607178 0.716915488243103
Pedestrian 0.0 0 2.7793424129486084 670.6543579101562 160.92527770996094 709.7891235351562 239.7835693359375 0.72229034 1.6806247 0.47573403 1.8905044 1.2433665 15.623947 2.8997573852539062 0.6947312355041504
Pedestrian 0.0 0 1.4761699438095093 745.7070922851562 152.96511840820312 765.0482788085938 207.0517120361328 0.667365 1.6923455 0.5388127 4.863076 0.8006097 22.836205 1.685990333557129 0.6460615396499634
Pedestrian 0.0 0 1.6542243957519531 702.5078735351562 163.18601989746094 728.1331176757812 232.0926055908203 0.87730086 1.7089007 0.57617766 2.87605 1.2558963 18.3067 1.8100544214248657 0.6145725846290588
Pedestrian 0.0 0 -0.2708315849304199 440.68829345703125 151.1490936279297 516.84765625 304.3569030761719 0.7069176 1.6636155 0.6651561 -1.4648385 1.3354056 8.250074 -0.44655483961105347 0.5235438346862793
Pedestrian 0.0 0 -1.0209745168685913 241.5848388671875 170.2102508544922 356.06719970703125 374.0 0.74284023 1.6196128 0.5936735 -2.5844007 1.531984 6.0726166 -1.4233386516571045 0.5203320980072021
Pedestrian 0.0 0 -1.8809548616409302 651.0872802734375 161.0373992919922 670.0978393554688 202.52487182617188 0.6545076 1.8370631 0.6812252 2.6360226 0.93192923 32.20112 -1.7992757558822632 0.5140103697776794
Pedestrian 0.0 0 2.027972936630249 720.5228271484375 160.2421875 739.9713134765625 206.85455322265625 0.59871227 1.6923004 0.49207437 4.7260733 0.9215645 26.464054 2.2046945095062256 0.5119003653526306
Pedestrian 0.0 0 -1.3364288806915283 783.56005859375 219.85928344726562 878.17138671875 374.0 0.6360731 1.4538136 0.7360582 2.1471703 1.8462148 6.858458 -1.0330257415771484 0.35353392362594604
Pedestrian 0.0 0 0.7712893486022949 684.3030395507812 161.46995544433594 712.2968139648438 212.78712463378906 0.720951 1.6978402 0.60066175 3.2416596 1.0362276 24.232677 0.9042720794677734 0.3456313908100128
Pedestrian 0.0 0 -1.3706709146499634 620.8064575195312 156.95370483398438 643.0275268554688 208.70294189453125 0.758053 1.7053596 0.60805905 1.003125 0.8975415 24.110394 -1.3290894031524658 0.32489365339279175
Pedestrian 0.0 0 -2.20918345451355 505.71075439453125 151.78463745117188 521.49951171875 189.19874572753906 0.5449541 1.9596341 0.6290969 -4.6550703 0.40408644 38.035744 -2.3309645652770996 0.2742053270339966
Pedestrian 0.0 0 -1.5051802396774292 958.7288208007812 124.7376937866211 984.3174438476562 199.20187377929688 1.639369 1.6955612 0.44048265 8.823222 0.40428624 17.170204 -1.0304996967315674 0.14972048997879028
Pedestrian 0.0 0 2.8586673736572266 519.6356201171875 165.6316375732422 564.8956298828125 209.80795288085938 1.7392013 1.7701577 0.6280525 -2.437124 1.1353085 29.385489 2.7759203910827637 0.10908547043800354
Cyclist 0.0 0 -1.5051802396774292 958.7288208007812 124.7376937866211 984.3174438476562 199.20187377929688 1.639369 1.6955612 0.44048265 8.823222 0.40428624 17.170204 -1.0304996967315674 0.44277387857437134
Cyclist 0.0 0 1.5239872932434082 866.20263671875 139.89675903320312 901.50146484375 230.56234741210938 1.7115362 1.771577 0.5956655 5.814289 0.9599139 14.939487 1.8951395750045776 0.43167173862457275
Cyclist 0.0 0 2.8586673736572266 519.6356201171875 165.6316375732422 564.8956298828125 209.80795288085938 1.7392013 1.7701577 0.6280525 -2.437124 1.1353085 29.385489 2.7759203910827637 0.4257741868495941
Cyclist 0.0 0 -3.083211898803711 705.8207397460938 154.2140655517578 773.3193359375 218.69845581054688 1.8057692 1.740039 0.5086728 3.787637 1.0049189 19.848171 -2.894648551940918 0.40481331944465637
Cyclist 0.0 0 2.427172899246216 730.7756958007812 176.68125915527344 870.346923828125 312.6053161621094 1.7432493 1.5611126 0.5279141 2.4241617 1.5071177 8.862673 2.694167137145996 0.32339024543762207
Cyclist 0.0 0 -2.040825605392456 619.6236572265625 158.82907104492188 653.9138793945312 214.5386962890625 1.4185783 1.788868 0.54996425 1.1341289 1.0619893 23.823215 -1.993255376815796 0.2707153260707855
Car 0.0 0 1.6791350841522217 566.5951538085938 170.28746032714844 599.62548828125 196.19146728515625 3.8693006 1.4974309 1.5929201 -1.0637892 0.8500522 43.516697 1.6546944379806519 0.6771330833435059
Car 0.0 0 1.2780425548553467 721.0555419921875 194.5511016845703 867.1387939453125 290.48968505859375 3.7320588 1.4330193 1.5141128 3.299113 1.7075949 13.142748 1.5239824056625366 0.40461042523384094
