Pedestrian 0.0 0 0.4161624610424042 596.626220703125 172.6858673095703 612.3871459960938 201.38894653320312 0.80535 1.7684788 0.6042918 -0.3729324 1.7584774 44.890354 0.4078550338745117 0.3028237223625183
Pedestrian 0.0 0 -0.40113818645477295 979.9967651367188 153.62448120117188 1023.564697265625 228.69606018066406 0.75772595 1.779487 0.5793821 9.403602 1.3240312 17.42438 0.09374785423278809 0.19049972295761108
Pedestrian 0.0 0 -0.34945833683013916 1057.0562744140625 132.923583984375 1109.9990234375 237.30615234375 0.6102925 1.7856932 0.59656113 8.271376 1.1029534 12.7002325 0.2278144359588623 0.16263234615325928
Pedestrian 0.0 0 0.570378839969635 193.01016235351562 177.07736206054688 214.2655487060547 213.3108673095703 0.72280717 1.698964 0.4978167 -19.276453 1.9008676 34.16132 0.0566403865814209 0.13684730231761932
Pedestrian 0.0 0 0.7433872222900391 1107.1427001953125 56.5366325378418 1242.0 279.4610290527344 0.8852154 1.7796619 0.6284723 4.896592 0.85142887 6.245077 1.4083404541015625 0.12922081351280212
Pedestrian 0.0 0 -3.4245429039001465 994.5718383789062 151.0028533935547 1050.0634765625 235.14749145507812 0.91581345 1.74143 0.5014865 8.6690855 1.2895637 15.279709 -2.9084696769714355 0.1223464086651802
Pedestrian 0.0 0 1.9494802951812744 194.95465087890625 164.58895874023438 207.58644104003906 187.8337860107422 0.6298184 1.8154042 0.67963386 -32.146576 1.1702679 56.707226 1.4337646961212158 0.11633440852165222
Pedestrian 0.0 0 2.190234661102295 78.02052307128906 184.2500762939453 119.70858001708984 251.00030517578125 0.66166854 1.7263827 0.6351959 -13.5731945 2.0337358 19.103134 1.5724817514419556 0.11576233059167862
Pedestrian 0.0 0 -1.5549689531326294 689.433837890625 148.59727478027344 727.4130859375 244.05247497558594 0.9104609 1.7007262 0.6730473 1.7741982 1.2689016 13.352753 -1.4228713512420654 0.10977397859096527
Car 0.0 0 1.672370433807373 395.5072937011719 183.64256286621094 437.3084716796875 214.8528289794922 4.069918 1.4885598 1.7250891 -10.181741 2.0898461 38.04091 1.4108480215072632 0.8494205474853516
Car 0.0 0 -1.5331288576126099 160.87533569335938 173.68563842773438 202.90206909179688 217.77488708496094 3.8826718 1.9675765 1.5766491 -20.365665 2.0099385 34.3582 -2.068197011947632 0.4026157855987549
Car 0.0 0 1.6141234636306763 524.3988647460938 183.09817504882812 549.3502807617188 205.16412353515625 3.756212 1.4603162 1.6111721 -5.210144 2.2185156 51.453728 1.5132086277008057 0.16551560163497925
Car 0.0 0 -1.979809045791626 183.36680603027344 167.40814208984375 225.05958557128906 186.01669311523438 4.402142 1.6291467 1.6663227 -36.686684 1.152728 65.16069 -2.4925923347473145 0.12433131784200668
Car 0.0 0 1.8640974760055542 362.0665283203125 177.7071990966797 403.7353515625 203.9149627685547 3.907036 1.6260725 1.5516025 -14.910929 1.9588306 47.4541 1.5596482753753662 0.11424176394939423
