Pedestrian 0.0 0 -1.1457326412200928 484.0220031738281 191.48532104492188 513.3772583007812 235.35919189453125 1.2322881 1.6497723 0.68095845 -4.2623014 1.9003185 27.908123 -1.2972877025604248 0.22435268759727478
Cyclist 0.0 0 -1.1426398754119873 482.80670166015625 190.85801696777344 515.5635986328125 237.1050262451172 1.4598492 1.730185 0.7170438 -4.2365093 1.9565004 27.885386 -1.293412685394287 0.37874114513397217
Car 0.0 0 -1.1589162349700928 181.3483428955078 183.41009521484375 325.2557067871094 258.5590515136719 3.7089791 1.5454754 1.628312 -8.077237 1.5094731 16.664997 -1.6102350950241089 0.9292356371879578
Car 0.0 0 -0.9916983842849731 74.52644348144531 186.87509155273438 234.98719787597656 247.66395568847656 3.8564396 1.3764182 1.5990195 -11.383042 1.4243535 18.32555 -1.5475293397903442 0.881144106388092
Car 0.0 0 -1.5469633340835571 572.3680419921875 183.15249633789062 602.27294921875 208.7854766845703 3.604938 1.4068174 1.6322479 -1.1629531 1.2947146 41.255272 -1.5751451253890991 0.8192564845085144
Car 0.0 0 -1.4686962366104126 478.1051940917969 186.57142639160156 523.3242797851562 222.32769775390625 3.9234984 1.4770977 1.5895501 -4.713784 1.5420467 31.839033 -1.6156790256500244 0.7992490530014038
Car 0.0 0 -0.9519201517105103 0.0 196.75363159179688 306.03057861328125 376.0 4.3709483 1.5131531 1.703864 -4.8650064 1.6645226 7.1532545 -1.5491726398468018 0.7814070582389832
Car 0.0 0 -1.2449861764907837 294.6977844238281 186.1875457763672 388.5939025878906 239.87745666503906 3.7719185 1.5409904 1.641605 -8.286776 1.5752631 22.603935 -1.5963789224624634 0.7799142003059387
Car 0.0 0 2.1466925144195557 502.2526550292969 179.75253295898438 557.0250244140625 206.13275146484375 3.61126 1.5029503 1.5318159 -4.6412983 1.1928309 42.908287 2.0389435291290283 0.40324506163597107
Car 0.0 0 1.9246984720230103 258.176025390625 176.64187622070312 333.134033203125 215.00404357910156 4.0971985 1.505262 1.5715709 -13.0800905 1.1699723 30.290668 1.5170661211013794 0.32324451208114624
