Pedestrian 0.0 0 1.2961792945861816 796.9407958984375 129.36180114746094 842.863525390625 223.41098022460938 0.7948698 1.870342 0.7068597 4.34157 0.85499334 14.459415 1.5878736972808838 0.4241381585597992
Pedestrian 0.0 0 2.8468751907348633 582.5482788085938 163.78639221191406 614.2855224609375 217.36085510253906 0.9563865 1.7805207 0.5404339 -0.2544946 1.2265921 23.894938 2.8362250328063965 0.40443694591522217
Pedestrian 0.0 0 -2.840290069580078 516.2153930664062 167.78024291992188 534.8937377929688 203.35972595214844 0.7788598 1.7880471 0.67548126 -4.0483847 1.1502439 35.932713 -2.9524827003479004 0.28665515780448914
Pedestrian 0.0 0 1.0102533102035522 742.794921875 136.91226196289062 778.9035034179688 206.3873748779297 0.8569064 1.8939896 0.62526 4.3185196 0.70730627 19.779203 1.225216269493103 0.28519752621650696
Pedestrian 0.0 0 1.9121336936950684 693.4591674804688 146.97853088378906 710.3953247070312 191.435302734375 0.5087361 1.9471601 0.608793 4.2767267 0.48042506 31.328766 2.0478062629699707 0.23327647149562836
Pedestrian 0.0 0 -3.009845733642578 502.0056457519531 187.3350830078125 532.3027954101562 240.14695739746094 0.8555445 1.5885166 0.5507884 -2.71236 1.8017402 21.612516 -3.134692430496216 0.17853592336177826
Pedestrian 0.0 0 2.0834877490997314 477.6584777832031 163.8395538330078 490.6394348144531 195.29652404785156 0.50423163 1.8861837 0.6040442 -7.3079605 0.88857496 42.729256 1.9140973091125488 0.1738160401582718
Pedestrian 0.0 0 2.2283551692962646 117.05854034423828 133.949951171875 194.495849609375 261.44091796875 0.7583042 1.7883266 0.6217085 -6.5867434 1.1370329 10.318254 1.6602075099945068 0.1645302176475525
Pedestrian 0.0 0 1.1552355289459229 784.2318725585938 133.4440460205078 830.9026489257812 223.3333740234375 0.88260883 1.8924657 0.67365813 4.349972 0.90340453 15.364627 1.431131362915039 0.16412219405174255
Pedestrian 0.0 0 -1.9060695171356201 508.28277587890625 168.3768310546875 523.5051879882812 200.55914306640625 0.724191 1.8489623 0.6766963 -5.188159 1.1538333 41.091724 -2.031662940979004 0.13479186594486237
Cyclist 0.0 0 1.106223464012146 902.5656127929688 105.38722229003906 1002.407958984375 254.71981811523438 1.4158684 1.7698362 0.5678578 4.3701396 0.8813084 9.087184 1.5544847249984741 0.13976965844631195
Cyclist 0.0 0 0.7675964832305908 758.861572265625 130.3994598388672 824.279052734375 210.1683807373047 1.5319834 1.8067065 0.57407445 4.375715 0.673577 16.812437 1.0222141742706299 0.12697914242744446
Cyclist 0.0 0 2.906095504760742 581.5028686523438 163.74075317382812 614.4235229492188 218.31797790527344 1.0199761 1.8150872 0.5129167 -0.27005833 1.2592615 23.882797 2.8947882652282715 0.10325170308351517
Car 0.0 0 -1.6649959087371826 628.5582885742188 165.82940673828125 666.61181640625 199.0769500732422 3.997289 1.737689 1.7146412 2.285115 0.9723426 38.977013 -1.6064356565475464 0.4036359488964081
Car 0.0 0 -1.352338194847107 494.34918212890625 169.49978637695312 528.758056640625 191.1309814453125 4.0195003 1.4966767 1.6292778 -6.6869183 0.73686934 50.989876 -1.4827361106872559 0.18543902039527893
Car 0.0 0 -1.600145936012268 535.8607788085938 170.69496154785156 560.7628173828125 193.53793334960938 3.8244197 1.5412928 1.6263647 -4.0122786 0.88102865 49.691902 -1.6807142496109009 0.15715345740318298
Car 0.0 0 0.8440291881561279 909.040771484375 189.27276611328125 1224.0 370.0 4.0602717 1.5706877 1.632898 5.500909 1.7034528 8.432732 1.4220393896102905 0.1472327709197998
