Car 0.0 0 -1.072165608406067 120.01390838623047 184.24903869628906 296.94940185546875 260.8111877441406 3.8570826 1.4191202 1.6120404 -8.283158 1.402334 15.249993 -1.5697407722473145 0.9471038579940796
Car 0.0 0 -1.3161931037902832 334.629150390625 178.85552978515625 460.177490234375 267.5977783203125 3.4813626 1.5906638 1.6131462 -4.1800895 1.4777915 14.640544 -1.5943081378936768 0.946469247341156
Car 0.0 0 -1.4193943738937378 469.17474365234375 178.99346923828125 524.8202514648438 217.32139587402344 3.390831 1.3649678 1.594825 -4.1786337 1.1445078 27.292583 -1.5713196992874146 0.9292088150978088
Car 0.0 0 -1.6789987087249756 656.1957397460938 178.8490753173828 699.1058959960938 212.55337524414062 3.4404786 1.4262475 1.536331 3.0402172 1.1579657 32.14643 -1.584705114364624 0.9237537980079651
Car 0.0 0 -1.2407677173614502 300.94757080078125 166.0697784423828 389.2907409667969 219.7915496826172 3.5290444 1.6081384 1.6290686 -8.444163 1.0361447 23.29356 -1.5885441303253174 0.8704002499580383
Car 0.0 0 -1.5734316110610962 595.1414184570312 176.1472930908203 627.0459594726562 206.27906799316406 3.5091534 1.4753765 1.5622078 0.13273199 1.0324812 36.94973 -1.569839358329773 0.8145359754562378
Car 0.0 0 -1.4640403985977173 514.0059814453125 176.56594848632812 550.6884765625 204.86160278320312 3.8431637 1.434038 1.5471071 -4.004467 0.99679625 38.351902 -1.5680772066116333 0.7595188617706299
Car 0.0 0 -1.4155876636505127 444.71026611328125 176.01173400878906 484.303955078125 203.70127868652344 3.6006026 1.4328303 1.5716661 -7.7563987 0.95769095 39.02531 -1.6117838621139526 0.5574654936790466
Car 0.0 0 -1.3484128713607788 585.29833984375 177.8328094482422 623.7293701171875 202.1494598388672 3.7577152 1.4399132 1.5946144 -0.18163672 1.003867 44.57031 -1.3524881601333618 0.4324740469455719
Car 0.0 0 -1.2935301065444946 381.2703552246094 159.74205017089844 446.8003234863281 198.5380096435547 4.2997274 1.6004779 1.6846304 -8.51222 0.55072623 31.814661 -1.5549631118774414 0.4212641716003418
