Pedestrian 0.0 0 -2.035743474960327 1116.012939453125 195.5103302001953 1242.0 375.0 0.73073363 1.5823715 0.7054347 4.7279468 1.7847391 6.001893 -1.3685213327407837 0.7016065716743469
Pedestrian 0.0 0 -0.10000169277191162 876.6704711914062 188.7288818359375 955.6595458984375 328.818115234375 0.873308 1.6922703 0.5323907 3.8218827 1.9030833 9.181306 0.2944495677947998 0.46322089433670044
Pedestrian 0.0 0 1.3394949436187744 1164.0224609375 177.3048553466797 1217.1380615234375 269.05255126953125 0.84858334 1.6458815 0.59314543 10.795365 1.7326875 13.501077 2.0139875411987305 0.44118645787239075
Pedestrian 0.0 0 -1.2242071628570557 503.8153076171875 197.12539672851562 526.5065307617188 240.6919403076172 0.9090461 1.8452382 0.7225036 -4.196406 2.9281862 31.65929 -1.3559879064559937 0.3411877155303955
Pedestrian 0.0 0 -3.451350688934326 902.742431640625 186.55795288085938 920.6924438476562 220.1355438232422 0.7248887 1.7790614 0.6603243 16.218836 2.524754 38.880577 -3.056152105331421 0.2146563082933426
Pedestrian 0.0 0 -2.265908718109131 882.6466064453125 174.00506591796875 983.7451782226562 329.88800048828125 0.8982573 1.6983013 0.6445704 3.679279 1.7128742 8.386918 -1.8524978160858154 0.21287676692008972
Pedestrian 0.0 0 -2.9663174152374268 835.9614868164062 191.07594299316406 899.9224853515625 302.0413513183594 0.82122386 1.6156195 0.73725486 3.9561882 1.9120389 11.19742 -2.626694679260254 0.1971179097890854
Cyclist 0.0 0 -1.6995079517364502 1188.7108154296875 179.58773803710938 1239.6663818359375 296.7086486816406 1.709167 1.7006171 0.39352652 9.463267 1.81508 11.396582 -1.0065269470214844 0.7512903213500977
Cyclist 0.0 0 -1.1732960939407349 490.83447265625 213.8984832763672 522.0547485351562 272.1676940917969 1.6175975 1.666855 0.37540427 -3.2793658 3.0022838 22.63698 -1.3171628713607788 0.600267231464386
Cyclist 0.0 0 1.6513121128082275 1186.843505859375 152.53782653808594 1242.0 310.84326171875 1.7965003 1.6732736 0.50791544 7.14216 1.4588914 8.43974 2.3536272048950195 0.23031005263328552
Cyclist 0.0 0 -3.0912232398986816 1070.5299072265625 193.59359741210938 1144.3680419921875 259.5042419433594 1.6111491 1.6689992 0.49264303 13.302404 2.2462618 19.38344 -2.489767074584961 0.21743974089622498
Cyclist 0.0 0 -1.2015234231948853 501.5705261230469 196.85357666015625 525.8807983398438 240.09515380859375 0.9842111 1.8201061 0.7506911 -4.245707 2.8892052 31.562422 -1.3352385759353638 0.11503801494836807
Car 0.0 0 0.24587666988372803 974.6346435546875 193.8892822265625 1158.0533447265625 255.85757446289062 4.204273 1.4909 1.6946169 13.046274 2.1615057 20.8857 0.804224967956543 0.6599866151809692
Car 0.0 0 -1.235457181930542 353.29779052734375 199.32754516601562 508.1136169433594 302.5287780761719 4.1396646 1.5842172 1.6805674 -3.3981297 2.1887293 14.318654 -1.4684683084487915 0.37320610880851746
Car 0.0 0 -1.2705984115600586 406.5633850097656 151.930908203125 484.1511535644531 205.5126495361328 3.4683712 1.7604593 1.7222887 -5.7740707 1.0733773 25.499449 -1.4932820796966553 0.19233791530132294
