Pedestrian 0.0 0 0.8698982000350952 778.6743774414062 164.32847595214844 792.6007690429688 190.2838897705078 1.0984958 1.9521598 0.41803017 13.322237 1.3112955 54.85042 1.1081674098968506 0.13668221235275269
Cyclist 0.0 0 1.4275119304656982 1201.7203369140625 171.3811798095703 1235.435302734375 225.5428009033203 1.5855645 1.6920103 0.6116842 19.651035 1.6463573 23.372929 2.126617431640625 0.20828808844089508
Cyclist 0.0 0 -0.8299986720085144 1145.141845703125 193.1625213623047 1207.223876953125 248.11021423339844 1.76442 1.8554933 0.70085794 19.736528 2.5795157 25.216888 -0.1659138947725296 0.14193785190582275
Cyclist 0.0 0 -1.981070637702942 916.7568969726562 176.26390075683594 937.1731567382812 209.88467407226562 1.3547388 1.7226688 0.47623792 16.55262 1.9048026 37.783096 -1.5681601762771606 0.13471540808677673
Car 0.0 0 2.289559841156006 0.0 199.11322021484375 86.02896881103516 258.1203918457031 3.9738617 1.4510736 1.6513529 -17.982836 2.3081021 21.531084 1.5937190055847168 0.7632196545600891
Car 0.0 0 1.8615589141845703 383.2796630859375 182.22470092773438 422.9823303222656 205.2899169921875 4.1126924 1.5038942 1.5742158 -14.534216 2.190691 50.78695 1.5828286409378052 0.6367514133453369
Car 0.0 0 1.5532299280166626 593.9937133789062 175.7761688232422 616.2513427734375 196.25485229492188 4.057547 1.5115267 1.6464785 -0.4344799 1.7465332 55.88751 1.5454559326171875 0.5692278742790222
Car 0.0 0 2.510457754135132 927.7385864257812 154.305908203125 1032.52294921875 191.39901733398438 3.893069 1.5825579 1.6640329 16.293373 0.7915714 31.911083 2.9825387001037598 0.20448413491249084
Car 0.0 0 -1.4304139614105225 391.71502685546875 169.32794189453125 416.5189208984375 186.50384521484375 4.0604672 1.5373853 1.6549158 -19.016994 1.2221308 66.70522 -1.7081363201141357 0.16807498037815094
Car 0.0 0 1.4089330434799194 922.7454223632812 171.582275390625 969.126220703125 202.7764434814453 3.894492 1.5725234 1.6250935 17.80602 1.5087729 38.46443 1.8424805402755737 0.14731130003929138
