Pedestrian 0.0 0 0.4688582122325897 631.0195922851562 169.71408081054688 647.5647583007812 198.3545684814453 0.98521984 1.8967009 0.50098735 1.9278545 1.6891193 48.23947 0.5088012218475342 0.22470475733280182
Car 0.0 0 1.6789778470993042 532.3595581054688 177.7454376220703 568.642578125 206.23252868652344 4.0074453 1.5544313 1.6876837 -3.4553163 1.8538698 42.08949 1.5970669984817505 0.8053531050682068
Car 0.0 0 -1.6251471042633057 584.8004760742188 178.06553649902344 611.92919921875 202.75479125976562 3.7263014 1.5093015 1.5531598 -0.8203118 1.8617373 46.82842 -1.6426626443862915 0.576038658618927
Car 0.0 0 0.9717537760734558 242.66807556152344 188.65440368652344 291.2953186035156 211.05038452148438 3.5498958 1.566074 1.5727003 -25.822836 2.788785 54.244133 0.5274503231048584 0.5232917070388794
Car 0.0 0 1.7553969621658325 455.496337890625 180.58920288085938 484.87567138671875 201.10784912109375 3.9127338 1.5215305 1.5865824 -11.0195055 2.1533923 56.942295 1.564239263534546 0.49631741642951965
Car 0.0 0 1.8405861854553223 340.126953125 173.19003295898438 407.01470947265625 218.7963104248047 4.022549 1.8177112 1.702974 -10.050248 1.8333833 30.833231 1.5254907608032227 0.22238557040691376
Car 0.0 0 2.934349536895752 94.44183349609375 198.62179565429688 220.39865112304688 241.37130737304688 3.93168 1.4204 1.6298186 -17.711018 2.5002491 28.273804 2.3747363090515137 0.2172686755657196
Car 0.0 0 1.824074149131775 403.64654541015625 177.1955108642578 464.0633544921875 216.2270965576172 3.9000843 1.5353148 1.5749614 -7.474039 1.7326788 30.777138 1.5858418941497803 0.2052791714668274
Car 0.0 0 -1.156272292137146 622.6296997070312 176.52337646484375 664.4513549804688 199.05003356933594 3.8985114 1.5638158 1.6310015 2.4708757 1.8438432 52.882355 -1.1095821857452393 0.2039661705493927
Car 0.0 0 1.9836701154708862 207.49012756347656 183.39675903320312 357.9879455566406 262.6771545410156 3.8755279 1.4590482 1.5427245 -6.9853706 1.7177144 15.734114 1.5658475160598755 0.19967907667160034
