Pedestrian 0.0 0 1.3050776720046997 690.8314208984375 161.96200561523438 708.4911499023438 200.17044067382812 0.8204512 1.8431503 0.6630579 4.3388343 1.3180853 35.25712 1.4275246858596802 0.5065068006515503
Pedestrian 0.0 0 2.9019875526428223 711.5467529296875 133.9911346435547 746.9714965820312 214.2381134033203 0.6669387 1.7593167 0.5538335 2.608464 0.907654 16.118507 3.062427043914795 0.3479674160480499
Pedestrian 0.0 0 1.6563681364059448 509.7391357421875 172.1206512451172 528.289306640625 218.27859497070312 1.8739281 1.7358997 0.5613354 -3.5717924 1.7086778 28.08038 1.5298486948013306 0.12103202939033508
Cyclist 0.0 0 1.5437021255493164 532.5867309570312 169.9618377685547 548.5690307617188 215.28533935546875 1.9378172 1.73796 0.5751014 -2.8105724 1.6274161 28.662271 1.4459563493728638 0.6275106072425842
Cyclist 0.0 0 1.680973768234253 509.4056091308594 172.9708251953125 529.6414794921875 219.61334228515625 1.8563144 1.7515005 0.58249354 -3.5447133 1.7565485 28.02941 1.5551774501800537 0.5479428172111511
Cyclist 0.0 0 1.6540225744247437 542.3351440429688 169.36175537109375 553.1746215820312 199.97747802734375 1.7659187 1.7716814 0.4952545 -3.7054374 1.569948 42.63528 1.567330241203308 0.37322312593460083
Car 0.0 0 -1.8205068111419678 708.7263793945312 174.09046936035156 875.3785400390625 295.3615417480469 3.54128 1.5581979 1.5919935 2.5446038 1.5806382 11.094113 -1.5950413942337036 0.960689127445221
Car 0.0 0 1.893595814704895 278.3642578125 180.05714416503906 427.6380920410156 272.2187194824219 4.0208983 1.5737109 1.6360401 -5.0618086 1.7405161 14.651823 1.5609596967697144 0.934298574924469
Car 0.0 0 1.800652027130127 453.4413757324219 178.93829345703125 515.8200073242188 218.03871154785156 4.4083495 1.494842 1.6355765 -5.2535176 1.771636 30.530993 1.6302491426467896 0.875644326210022
Car 0.0 0 -1.4614336490631104 635.3115844726562 174.30105590820312 664.02978515625 198.06283569335938 3.7822733 1.6192178 1.6418619 2.8326724 1.7266936 51.409176 -1.406388759613037 0.623970091342926
