Pedestrian 0.0 0 1.9236911535263062 0.0 192.05526733398438 74.93167877197266 344.0091552734375 0.6958245 1.6593739 0.5930076 -6.776297 1.8948593 8.4083395 1.2453618049621582 0.22973735630512238
Pedestrian 0.0 0 1.096748948097229 938.1218872070312 96.14066314697266 1026.980712890625 253.0947265625 0.8592194 1.8802952 0.671227 4.605029 0.9616345 9.072272 1.5664530992507935 0.18495625257492065
Pedestrian 0.0 0 0.7017129063606262 1027.2005615234375 201.91624450683594 1069.145751953125 264.4418029785156 0.8398066 1.7779812 0.65990585 12.994474 2.664145 21.486134 1.2456427812576294 0.17615443468093872
Pedestrian 0.0 0 -3.323837995529175 924.2405395507812 154.9358367919922 961.8170166015625 211.31643676757812 1.0152467 1.8067472 0.62828374 10.8135605 1.232908 23.548553 -2.893357515335083 0.15697874128818512
Pedestrian 0.0 0 0.6873465180397034 970.6077880859375 178.7240447998047 1002.6254272460938 233.0706787109375 0.6919326 1.7566376 0.6362659 12.4050455 1.9547219 23.858303 1.1668238639831543 0.138510063290596
Cyclist 0.0 0 1.8055057525634766 174.7474822998047 192.6481170654297 204.68508911132812 247.3638458251953 1.6579055 1.6486822 0.46208107 -13.555432 2.3097527 23.221292 1.2771204710006714 0.3164992034435272
Cyclist 0.0 0 -1.8543375730514526 755.6823120117188 173.18289184570312 793.5093994140625 245.66529846191406 1.425291 1.614151 0.47338453 3.764787 1.6224983 16.798315 -1.6338638067245483 0.22505821287631989
Car 0.0 0 0.24923133850097656 856.6382446289062 196.01779174804688 966.7592163085938 235.70010375976562 4.4409733 1.6028715 1.6603966 13.904867 2.7418215 33.467876 0.6430015563964844 0.20223844051361084
Car 0.0 0 0.26037827134132385 59.477439880371094 194.79464721679688 184.5985870361328 234.242919921875 3.9951982 1.4687823 1.7233292 -20.177362 2.4248254 29.95958 -0.3323306739330292 0.1813572347164154
Car 0.0 0 1.7710623741149902 439.8804931640625 172.59669494628906 485.97161865234375 207.82943725585938 4.269226 1.9272211 1.7901124 -8.446284 1.9135048 41.59984 1.5707488059997559 0.1505538523197174
Car 0.0 0 2.5007054805755615 0.0 188.0172882080078 101.09473419189453 223.15203857421875 3.6495275 1.4969918 1.586901 -26.653494 2.2619812 34.41134 1.8416731357574463 0.1464318037033081
