Car 0.0 0 -0.6532135009765625 943.2754516601562 192.08584594726562 1242.0 319.5012512207031 3.7927966 1.4429207 1.5779916 6.49884 1.714478 9.301596 -0.043373964726924896 0.912822425365448
Car 0.0 0 -0.3021676540374756 728.8060302734375 184.45172119140625 883.859375 244.22140502929688 4.094978 1.6587255 1.7179202 5.675573 2.0171957 21.332306 -0.042136140167713165 0.9054422378540039
Car 0.0 0 -0.5865328907966614 877.0206298828125 185.95726013183594 1154.7762451171875 291.4393005371094 3.6183643 1.5217289 1.5975727 6.3470917 1.749934 11.593209 -0.08562374860048294 0.8966283202171326
Car 0.0 0 3.4449799060821533 212.61434936523438 175.0452117919922 417.9439697265625 252.72537231445312 3.8855836 1.6063142 1.6541308 -6.4276633 1.6580975 15.9518795 3.061940908432007 0.8537179827690125
Car 0.0 0 0.48216336965560913 150.7689971923828 190.00827026367188 409.1085510253906 276.79522705078125 4.0906377 1.4535778 1.5465252 -6.029853 1.791865 13.322317 0.057138681411743164 0.8440037965774536
Car 0.0 0 0.7051011919975281 0.0 192.11476135253906 279.3800048828125 329.51068115234375 3.645526 1.4600234 1.5274721 -6.2662997 1.721195 8.845459 0.08874654769897461 0.8425905108451843
Car 0.0 0 0.5195493102073669 65.56193542480469 188.30165100097656 381.9772644042969 295.6553039550781 4.013931 1.4746801 1.5681716 -5.791307 1.729085 11.009042 0.03527951240539551 0.816348135471344
Car 0.0 0 -1.6552038192749023 635.5435791015625 182.03103637695312 674.4627075195312 213.04624938964844 3.7583897 1.4043708 1.5992116 2.138021 1.8828394 35.690132 -1.5953701734542847 0.8120276927947998
Car 0.0 0 3.8596856594085693 0.0 183.72921752929688 228.6732635498047 372.89495849609375 4.040296 1.4187486 1.577125 -5.8555093 1.5275339 6.3483925 3.1146528720855713 0.8107268810272217
Car 0.0 0 0.3124866485595703 309.6841735839844 184.4875030517578 461.7215270996094 236.52105712890625 3.9402094 1.4322298 1.5724195 -6.5053153 1.7847912 21.030983 0.012501001358032227 0.7783213257789612
Car 0.0 0 0.21431796252727509 393.271484375 182.03582763671875 507.8305358886719 221.04815673828125 4.286159 1.517674 1.6734574 -6.4516697 1.9016945 29.304903 -0.002381773665547371 0.7693709135055542
