Pedestrian 0.0 0 1.4600423574447632 744.8949584960938 142.74166870117188 765.9766235351562 194.75970458984375 0.8358595 1.8972173 0.6763829 5.3441706 0.7993095 26.758934 1.657164216041565 0.23033194243907928
Pedestrian 0.0 0 -0.8066722750663757 458.71337890625 157.3769073486328 476.7357482910156 195.4188995361328 0.5815151 1.942134 0.7078016 -7.3857913 1.1523497 37.269035 -1.002312421798706 0.1936541050672531
Car 0.0 0 1.8076460361480713 357.9277038574219 184.2159423828125 524.1653442382812 300.5343933105469 4.4133773 1.5716261 1.7403929 -2.7060323 1.8024311 12.406369 1.592893123626709 0.9454691410064697
Car 0.0 0 -1.7777351140975952 678.7636108398438 182.99485778808594 770.5850830078125 247.2255401611328 4.1438203 1.5171499 1.6409171 2.974803 1.825907 19.824339 -1.6287883520126343 0.908887505531311
Car 0.0 0 -1.6964552402496338 660.7763671875 183.58131408691406 721.2479248046875 231.695556640625 3.9736755 1.5240575 1.6390024 2.7643816 1.937006 25.746984 -1.5894978046417236 0.8802832961082458
Car 0.0 0 -1.8717204332351685 720.6394653320312 154.30892944335938 912.0916137695312 292.0745544433594 4.5743666 1.9017406 1.7542717 3.1645715 1.6460989 12.284737 -1.6195999383926392 0.77988201379776
Car 0.0 0 1.731056571006775 577.3875122070312 182.55923461914062 602.520751953125 201.57113647460938 3.8276613 1.5494326 1.5998062 -1.7364113 2.422132 62.848812 1.7034351825714111 0.28143566846847534
Car 0.0 0 -1.5121856927871704 538.119140625 181.029052734375 562.7315673828125 204.77597045898438 3.7448921 1.631702 1.579306 -4.3524537 2.251374 52.76797 -1.5944823026657104 0.25225508213043213
Car 0.0 0 -0.8164281845092773 1111.0762939453125 101.7021484375 1242.0 295.41143798828125 4.159166 1.5469897 1.6375952 7.1864467 0.9791188 6.6018834 0.011340141296386719 0.20843671262264252
Car 0.0 0 1.6386414766311646 485.9473876953125 175.71356201171875 519.8239135742188 205.5336151123047 3.7897937 1.5596507 1.6089197 -5.9373164 1.7265308 40.062317 1.4915103912353516 0.19953790307044983
