Pedestrian 0.0 0 1.4840621948242188 416.9143981933594 142.98963928222656 444.2547607421875 214.841064453125 0.7405404 1.7161609 0.5865061 -4.3186474 0.8218337 17.328262 1.2398124933242798 0.6417086720466614
Pedestrian 0.0 0 0.6505446434020996 622.4404296875 130.3861846923828 722.707763671875 285.046630859375 0.93893635 1.7166717 0.73241985 0.7533834 1.1621145 8.429953 0.7396776676177979 0.6365070343017578
Pedestrian 0.0 0 1.2413616180419922 492.56610107421875 142.45411682128906 528.6513671875 219.9631805419922 0.86477023 1.8545945 0.6347905 -2.373165 0.9458554 17.441683 1.1061291694641113 0.5836706757545471
Pedestrian 0.0 0 1.6896222829818726 438.2362365722656 140.27267456054688 459.6315002441406 201.3583526611328 0.7949796 1.7614137 0.526372 -4.6203218 0.60302246 20.804604 1.4710872173309326 0.48020973801612854
Pedestrian 0.0 0 1.1965540647506714 703.3123779296875 129.4276580810547 780.570068359375 282.81939697265625 0.8780431 1.7836711 0.6538404 1.6185526 1.1914748 8.709719 1.3802911043167114 0.4759363830089569
Pedestrian 0.0 0 0.442559152841568 525.8903198242188 142.4560546875 574.5018310546875 221.94021606445312 0.95311356 1.806853 0.6379029 -1.316589 0.9436388 16.535252 0.36310362815856934 0.4418092370033264
Pedestrian 0.0 0 -2.059155225753784 440.4739990234375 150.61244201660156 478.1864013671875 222.57989501953125 0.8097312 1.7583182 0.6204548 -3.704393 1.0297 17.77939 -2.2645697593688965 0.3973429799079895
Pedestrian 0.0 0 -1.376328468322754 112.31092071533203 141.14479064941406 167.45387268066406 252.47154235839844 0.6202173 1.7919493 0.6628842 -7.787208 1.1601298 11.788601 -1.9600991010665894 0.3707744777202606
Pedestrian 0.0 0 1.5797289609909058 704.640380859375 141.07908630371094 752.3937377929688 276.9862060546875 0.74931145 1.7956309 0.62504154 1.6574581 1.2764672 9.760553 1.7479362487792969 0.348966509103775
Pedestrian 0.0 0 -1.4247078895568848 357.3734130859375 151.2209930419922 374.0479736328125 191.2437744140625 0.67440283 1.9445138 0.68645775 -11.769719 0.52342737 34.740482 -1.7513611316680908 0.25257354974746704
Pedestrian 0.0 0 1.0570927858352661 237.87989807128906 135.22720336914062 305.5830383300781 237.16160583496094 1.1473876 1.6565117 0.5471368 -5.7268286 0.92244726 12.038952 0.6130802631378174 0.22346019744873047
Cyclist 0.0 0 0.7231675386428833 236.378662109375 127.11325073242188 349.95648193359375 238.594970703125 1.7933004 1.7571152 0.5583459 -5.1963987 0.917318 11.674219 0.3043813705444336 0.5972180962562561
Cyclist 0.0 0 -1.3180005550384521 585.2879028320312 160.33876037597656 616.9820556640625 205.0972442626953 1.8374573 1.7085632 0.8232988 -0.15935948 0.9404563 27.976688 -1.3236966133117676 0.2695637345314026
Car 0.0 0 2.0194525718688965 0.0 50.12544250488281 305.1252136230469 370.0 4.0681443 1.592554 1.5752513 -3.1860328 1.1941817 4.3102994 1.382920503616333 0.32124054431915283
