Pedestrian 0.0 0 -3.0534720420837402 638.1904907226562 166.50242614746094 704.3209838867188 305.4073486328125 0.78681964 1.6911968 0.6383628 0.73525786 1.6142228 9.1626625 -2.9733986854553223 0.6519608497619629
Pedestrian 0.0 0 -0.3310436010360718 773.608154296875 175.45021057128906 809.3903198242188 249.44664001464844 0.6497807 1.742075 0.67556494 4.314341 1.8062729 17.374722 -0.08765486627817154 0.18607285618782043
Pedestrian 0.0 0 0.5927190184593201 380.4304504394531 189.7122344970703 413.4810791015625 244.8181610107422 0.760912 1.6237894 0.5931211 -6.509148 2.1451175 21.898151 0.3037903308868408 0.17934289574623108
Car 0.0 0 -1.6231117248535156 654.1007690429688 175.6208038330078 704.2763671875 216.2536163330078 3.881645 1.3923607 1.6479129 2.4737508 1.5036792 26.962229 -1.5316190719604492 0.656274139881134
Car 0.0 0 -1.7105846405029297 677.3695068359375 167.70989990234375 857.5078125 309.5415344238281 3.727736 1.4028862 1.5912204 1.6800624 1.3523628 9.031289 -1.5266602039337158 0.603224515914917
Car 0.0 0 -2.4615135192871094 230.3514862060547 181.54782104492188 403.71697998046875 246.61778259277344 3.8756678 1.4777502 1.6024506 -7.3600755 1.7117994 18.065207 -2.8483974933624268 0.490507036447525
Car 0.0 0 -1.628014326095581 649.362548828125 166.16622924804688 681.2107543945312 196.17454528808594 4.214934 1.7328943 1.6788298 3.2752898 1.3470532 43.785774 -1.553350806236267 0.2604038715362549
Car 0.0 0 -0.2115146815776825 695.539306640625 167.5225372314453 770.5077514648438 198.18397521972656 3.824269 1.658528 1.6674101 6.736725 1.3704982 39.94423 -0.04443373531103134 0.25547996163368225
Car 0.0 0 1.4793953895568848 715.7680053710938 167.8794708251953 762.1636352539062 204.75253295898438 4.234564 1.5313791 1.6388909 5.6350527 1.3251392 32.1409 1.6529548168182373 0.2516784369945526
Car 0.0 0 2.0678939819335938 87.19233703613281 199.42333984375 213.9956512451172 256.6347351074219 3.7912533 1.4430834 1.6361502 -13.8525095 2.3234246 21.949379 1.5049116611480713 0.20253759622573853
