Pedestrian 0.0 0 -3.171593189239502 653.2918701171875 166.91087341308594 669.935791015625 197.89410400390625 0.9334311 1.7636204 0.6199318 2.9231005 1.4256854 41.39706 -3.1010987758636475 0.38266292214393616
Pedestrian 0.0 0 3.5549118518829346 15.388622283935547 185.8512725830078 39.54544448852539 221.35867309570312 0.8024387 1.7906433 0.57449055 -29.943268 2.4652915 37.047455 2.875166177749634 0.24799536168575287
Car 0.0 0 2.2648468017578125 159.52560424804688 181.8490753173828 258.7510070800781 217.01576232910156 4.3066235 1.452577 1.6092472 -18.365389 1.8954353 33.22618 1.7599035501480103 0.8525049090385437
Car 0.0 0 -3.537612199783325 934.665283203125 167.8400421142578 993.3975830078125 188.40184020996094 3.6609075 1.5264977 1.5569384 26.65492 1.1546216 54.44925 -3.0823700428009033 0.7095012664794922
Car 0.0 0 2.6820480823516846 348.8193054199219 177.81155395507812 421.7566223144531 204.4031524658203 3.9052482 1.506297 1.5773596 -13.543076 1.8187492 43.502422 2.3802406787872314 0.5984323620796204
Car 0.0 0 2.5611462593078613 297.3483581542969 179.4327850341797 370.56280517578125 203.6463623046875 4.42628 1.5204815 1.6929003 -18.65024 1.9870493 48.839836 2.1963703632354736 0.49541977047920227
Car 0.0 0 -1.7201941013336182 515.251708984375 176.0531005859375 543.2813720703125 196.58067321777344 3.7322907 1.486957 1.575912 -6.199951 1.7396134 54.89524 -1.8326590061187744 0.2713990807533264
Car 0.0 0 1.6546051502227783 264.0715026855469 181.58541870117188 304.53753662109375 214.33572387695312 3.8316562 1.522769 1.562299 -16.55339 1.9924583 36.714703 1.2310317754745483 0.25765663385391235
Car 0.0 0 -1.7504462003707886 871.6188354492188 166.5532989501953 897.7899169921875 183.24290466308594 3.8275883 1.5034672 1.6092379 25.46306 0.936232 67.02474 -1.387381911277771 0.22181136906147003
Car 0.0 0 -2.0475332736968994 824.1051025390625 163.09815979003906 861.5777587890625 182.0069580078125 4.108334 1.7350415 1.6761664 21.996426 0.8402185 68.368576 -1.73625910282135 0.21532338857650757
