Pedestrian 0.0 0 0.42912137508392334 691.1849975585938 172.95204162597656 706.593017578125 200.0205841064453 0.88698244 1.7910187 0.5166901 5.9070215 1.7979869 48.194164 0.5510802268981934 0.42287006974220276
Pedestrian 0.0 0 -2.9481563568115234 782.7734375 164.7184600830078 803.008056640625 201.6583709716797 0.8795559 1.817852 0.59843886 9.079675 1.417851 35.963104 -2.700852394104004 0.30194443464279175
Pedestrian 0.0 0 0.035802483558654785 883.9532470703125 149.7256622314453 942.4776000976562 205.91461181640625 1.7450653 1.7882885 0.57144344 9.8629 1.0525564 23.585867 0.43187379837036133 0.10665421932935715
Cyclist 0.0 0 0.035802483558654785 883.9532470703125 149.7256622314453 942.4776000976562 205.91461181640625 1.7450653 1.7882885 0.57144344 9.8629 1.0525564 23.585867 0.43187379837036133 0.24827836453914642
Car 0.0 0 2.014589786529541 222.15103149414062 181.6560821533203 301.8681335449219 221.3793487548828 3.4713044 1.4546906 1.5357304 -13.899987 1.8292093 28.92977 1.5666849613189697 0.9171290397644043
Car 0.0 0 1.8959006071090698 359.4654541015625 179.31045532226562 409.02001953125 206.18658447265625 4.058224 1.5490323 1.7182835 -13.924018 1.9669716 44.615818 1.593392014503479 0.8725609183311462
Car 0.0 0 2.071058511734009 169.63621520996094 183.6316680908203 260.9461975097656 221.3285369873047 4.080016 1.4439696 1.6683859 -16.786663 1.9355907 30.844519 1.5726522207260132 0.771489679813385
Car 0.0 0 1.9548017978668213 326.08966064453125 184.2460174560547 374.0626525878906 208.42495727539062 3.8376806 1.4375361 1.5993093 -16.785442 2.2057083 46.680027 1.6096135377883911 0.5236892104148865
Car 0.0 0 -0.6774582862854004 803.4085083007812 177.89297485351562 906.6253051757812 217.58963012695312 3.8778684 1.5452257 1.6411765 10.100859 1.7643659 29.88688 -0.35154083371162415 0.513087809085846
Car 0.0 0 2.146141767501831 75.32173156738281 172.5089569091797 175.14569091796875 216.22439575195312 4.077457 1.7844105 1.6634495 -21.063797 1.7706848 31.499762 1.5567348003387451 0.4009564220905304
Car 0.0 0 1.903196930885315 444.4552307128906 178.3828887939453 474.8510437011719 194.93521118164062 3.929558 1.4565208 1.563995 -13.921669 1.9852655 66.90535 1.6980443000793457 0.3471176028251648
