Pedestrian 0.0 0 -1.8950191736221313 592.8657836914062 163.57073974609375 624.400634765625 228.03639221191406 0.83086616 1.7011194 0.6192694 -0.09132673 1.4565107 19.530365 -1.8996952772140503 0.42064327001571655
Pedestrian 0.0 0 1.6567819118499756 681.4437866210938 162.05699157714844 698.5780029296875 208.8709259033203 0.8488683 1.7766455 0.5882683 3.0504365 1.367244 27.853878 1.7658629417419434 0.24746420979499817
Pedestrian 0.0 0 -0.45611730217933655 685.1218872070312 164.8902130126953 714.850341796875 217.10226440429688 0.8198573 1.7481736 0.6093638 3.0175898 1.4818871 24.578125 -0.33395326137542725 0.19769161939620972
Pedestrian 0.0 0 1.869586706161499 318.52618408203125 141.40066528320312 357.4623718261719 215.71432495117188 0.88740844 1.8064426 0.6796848 -6.8233986 1.0422219 18.001034 1.5072649717330933 0.10799479484558105
Cyclist 0.0 0 -1.263889193534851 686.6002197265625 162.50201416015625 713.7045288085938 214.93972778320312 0.9755594 1.7504292 0.65689045 3.0428622 1.4052267 24.66324 -1.1411330699920654 0.11247934401035309
Cyclist 0.0 0 0.8524460196495056 990.4210205078125 91.76078033447266 1065.2291259765625 189.20889282226562 1.2861917 1.7537215 0.49954847 7.8312955 0.29468778 13.66203 1.372938632965088 0.1041870191693306
Car 0.0 0 -1.6231629848480225 619.5575561523438 162.41958618164062 686.166748046875 219.36276245117188 3.7566345 1.3950381 1.5802091 1.027046 1.1397659 19.552448 -1.570683479309082 0.9189359545707703
Car 0.0 0 2.3023955821990967 0.0 190.54730224609375 247.8717041015625 375.0 4.0271106 1.4830277 1.5982983 -3.6867578 1.6259933 3.7667384 1.5277276039123535 0.7968346476554871
Car 0.0 0 -1.5416679382324219 611.4805908203125 163.93186950683594 643.6444091796875 194.6881866455078 3.424469 1.5030836 1.5524071 0.9008615 1.0674105 37.010586 -1.5173320770263672 0.22279265522956848
Car 0.0 0 0.8286067843437195 940.825439453125 69.85482025146484 1242.0 375.0 3.7974348 1.5362085 1.6019287 3.7893195 1.1596193 4.574529 1.5203979015350342 0.17124947905540466
Car 0.0 0 -0.785332441329956 465.5132141113281 164.82449340820312 537.0922241210938 196.77989196777344 3.5652 1.5675837 1.6114931 -5.6099925 1.1740513 37.305107 -0.9345953464508057 0.12142404168844223
Car 0.0 0 -2.353546142578125 1093.3966064453125 181.01705932617188 1242.0 375.0 3.8619905 1.479226 1.5701889 6.594533 1.5784273 6.7936506 -1.583019495010376 0.10702162235975266
