Pedestrian 0.0 0 -1.9842013120651245 789.7932739257812 165.59561157226562 818.1087036132812 211.08209228515625 0.98336995 1.6925291 0.7002783 7.3101397 1.4228063 27.384491 -1.723339557647705 0.5610533952713013
Pedestrian 0.0 0 -3.264033794403076 1085.3748779296875 132.310302734375 1150.7908935546875 230.1161651611328 0.8949936 1.6908082 0.5571261 9.031708 0.99027133 12.926462 -2.654181480407715 0.4712681472301483
Pedestrian 0.0 0 0.9929028749465942 887.1715698242188 163.40817260742188 918.6394653320312 214.55323791503906 0.82196105 1.7292283 0.6622621 10.04077 1.4102201 24.859745 1.376763939857483 0.3673839271068573
Pedestrian 0.0 0 1.311242938041687 816.8638305664062 164.8466033935547 838.0487060546875 211.62753295898438 0.94623643 1.7273691 0.5357317 8.124207 1.4320575 27.121103 1.6022895574569702 0.33170172572135925
Cyclist 0.0 0 -1.8199093341827393 773.357421875 163.96107482910156 801.2656860351562 218.78382873535156 1.6907836 1.6287664 0.42838645 5.413631 1.3649185 22.281563 -1.581563115119934 0.889163076877594
Cyclist 0.0 0 -2.0792744159698486 963.4019775390625 129.5668182373047 1116.2508544921875 315.3147277832031 1.7939883 1.756156 0.58720744 4.450033 1.3472549 7.720175 -1.556376576423645 0.846916913986206
Cyclist 0.0 0 -3.275268077850342 1082.9791259765625 132.8524169921875 1153.4183349609375 230.73703002929688 0.96412903 1.6905125 0.55847937 9.032404 1.0000246 12.927686 -2.66542387008667 0.16492047905921936
Cyclist 0.0 0 0.6924321055412292 884.2479248046875 157.08969116210938 924.179931640625 209.04246520996094 1.0591133 1.7453144 0.719073 10.090637 1.2160825 24.873417 1.0778250694274902 0.12407076358795166
Car 0.0 0 1.1898419857025146 852.7554321289062 182.9854278564453 888.3602905273438 200.56524658203125 4.104394 1.4842515 1.6199408 23.54543 2.4320536 65.39263 1.5354528427124023 0.30723950266838074
Car 0.0 0 -0.13506661355495453 706.6533813476562 172.07272338867188 756.4678955078125 190.49794006347656 3.7659135 1.4574642 1.5510857 9.7028055 1.3960205 57.90548 0.03095388412475586 0.21220576763153076
Car 0.0 0 -2.197157859802246 669.8248291015625 166.58526611328125 737.5792236328125 196.9929656982422 3.9837751 1.5723172 1.643136 5.0239406 1.2485322 39.448425 -2.0704851150512695 0.18561798334121704
