Pedestrian 0.0 0 -2.0557732582092285 795.41552734375 165.2896270751953 824.2150268554688 210.4953155517578 0.97348803 1.6275198 0.6384866 7.2927327 1.3555405 26.518425 -1.7874013185501099 0.5935156941413879
Pedestrian 0.0 0 -2.1342554092407227 1070.5233154296875 158.19712829589844 1141.6151123046875 268.2335205078125 0.86158174 1.7017888 0.56698143 7.9003315 1.4754677 11.596667 -1.5362184047698975 0.5428153872489929
Pedestrian 0.0 0 -2.2573230266571045 1111.5667724609375 153.4384765625 1188.42724609375 262.763916015625 0.84558505 1.6738648 0.5711957 8.519542 1.3769546 11.480642 -1.618910789489746 0.529600977897644
Pedestrian 0.0 0 -1.893185019493103 739.2151489257812 161.881591796875 761.8126831054688 203.34799194335938 1.0367035 1.8244038 0.69902086 6.243761 1.3420074 32.30256 -1.7022496461868286 0.313080757856369
Pedestrian 0.0 0 0.14308807253837585 680.0015869140625 166.9010009765625 697.0911254882812 194.57131958007812 1.1110796 1.8851439 0.4668702 5.3623443 1.4799309 49.51881 0.25095677375793457 0.27877673506736755
Pedestrian 0.0 0 -0.36066001653671265 935.5017700195312 176.615234375 968.1573486328125 235.1111602783203 0.7005517 1.6648281 0.5602175 9.838826 1.7756408 20.879238 0.07970404624938965 0.18722982704639435
Cyclist 0.0 0 -2.0630950927734375 1015.6641845703125 138.28939819335938 1133.08251953125 288.1334228515625 1.7416435 1.8123099 0.5445272 6.0615954 1.3946211 9.6118 -1.5004496574401855 0.8404139876365662
Cyclist 0.0 0 -2.041757822036743 796.140625 164.343017578125 823.586669921875 211.58877563476562 0.9800809 1.6958768 0.58677363 7.271668 1.390735 26.435741 -1.7733268737792969 0.12105245888233185
Car 0.0 0 0.9924705028533936 948.1142578125 180.22503662109375 1007.5714111328125 204.12696838378906 3.9585745 1.4897549 1.6426905 24.514282 2.0045128 48.29431 1.4621810913085938 0.476864218711853
Car 0.0 0 2.793016195297241 817.5017700195312 180.12908935546875 903.1776733398438 207.4517822265625 4.289219 1.4979516 1.6096109 14.09068 1.9186063 40.842182 3.125232458114624 0.35304534435272217
Car 0.0 0 -0.433086633682251 895.1793212890625 185.81077575683594 988.4287719726562 213.71925354003906 4.4722795 1.51188 1.7351755 18.661413 2.2602236 40.774853 -0.003872916102409363 0.2701936364173889
Car 0.0 0 -1.8001794815063477 582.7296752929688 181.62106323242188 635.3636474609375 216.8694305419922 3.686386 1.4690163 1.6019137 -0.14195509 1.8947915 33.030956 -1.8044770956039429 0.23033370077610016
