Pedestrian 0.0 0 -1.7082839012145996 562.440185546875 171.37094116210938 573.0332641601562 197.80270385742188 0.57067686 1.7800986 0.64463884 -2.737564 0.8488288 48.750988 -1.7643790245056152 0.2457498461008072
Pedestrian 0.0 0 -2.2812862396240234 0.0 151.24691772460938 36.166046142578125 222.8462677001953 0.7762907 1.8313445 0.68949616 -15.645404 0.9636334 18.786991 -2.9756970405578613 0.14789104461669922
Pedestrian 0.0 0 1.2724134922027588 708.6445922851562 165.391845703125 729.9320678710938 212.8583526611328 0.70046735 1.8266356 0.64231706 4.3106647 1.0648931 28.052889 1.4248830080032349 0.13134779036045074
Pedestrian 0.0 0 -0.9959914684295654 955.427978515625 129.26516723632812 1083.39599609375 323.285400390625 0.75238955 1.6693487 0.74579126 3.7625701 1.1890819 6.6862783 -0.4834271967411041 0.12266387790441513
Cyclist 0.0 0 1.4190400838851929 662.717529296875 181.68310546875 683.9271240234375 234.4304962158203 1.5427791 1.638331 0.4465131 2.0550067 1.52974 23.107763 1.5077382326126099 0.15196122229099274
Car 0.0 0 -1.5348838567733765 582.2325439453125 176.40383911132812 620.8737182617188 211.56800842285156 3.4322696 1.5525401 1.6787611 -0.2770938 1.1646178 33.47325 -1.5431617498397827 0.853837788105011
Car 0.0 0 1.629694938659668 494.4888916015625 189.4468994140625 536.6922607421875 227.86941528320312 3.4343295 1.4442105 1.500388 -3.725587 1.6274389 29.169117 1.5026590824127197 0.3416074514389038
Car 0.0 0 -1.4380111694335938 414.4067687988281 176.75157165527344 459.1058654785156 210.9712371826172 3.8004704 1.52738 1.5710694 -8.07295 1.1507188 34.051205 -1.6707959175109863 0.3143160045146942
Car 0.0 0 -1.934118628501892 0.0 186.90318298339844 72.96450805664062 274.987060546875 3.7733858 1.4775785 1.5989962 -12.162228 1.5145874 13.697609 -2.6602132320404053 0.19458220899105072
Car 0.0 0 -1.796342372894287 621.0418090820312 174.6630859375 659.7192993164062 200.61009216308594 3.760901 1.5421683 1.5950377 1.9587507 0.9161019 44.7153 -1.7525653839111328 0.14314621686935425
Car 0.0 0 1.460925579071045 653.3582153320312 173.89248657226562 711.0869750976562 218.2902069091797 4.3401303 1.5107001 1.6393023 2.633757 1.1265419 26.63558 1.5594863891601562 0.12716805934906006
