Pedestrian 0.0 0 -1.7799513339996338 558.01708984375 187.4510498046875 573.0838012695312 220.7923126220703 0.76456714 1.7268308 0.6511476 -2.3942397 2.5097141 38.222157 -1.8425097465515137 0.14622610807418823
Cyclist 0.0 0 -0.13285566866397858 565.6627197265625 180.15679931640625 595.6121215820312 207.8927459716797 1.8605009 1.7592089 0.62869495 -1.9261702 2.2348027 46.48109 -0.1742718368768692 0.14208680391311646
Car 0.0 0 1.7220569849014282 531.6412963867188 197.86776733398438 619.033203125 275.7310791015625 3.4526668 1.5008776 1.5297302 -0.76050264 2.148078 16.858154 1.6769757270812988 0.9457786083221436
Car 0.0 0 -1.8578828573226929 813.7537231445312 177.48916625976562 1014.1339721679688 305.7917175292969 4.3615294 1.6217985 1.6820736 4.4911437 1.7106194 11.52392 -1.4862667322158813 0.8909062743186951
Car 0.0 0 -1.7111797332763672 719.5950317382812 181.42388916015625 767.4134521484375 220.61862182617188 3.839669 1.6658136 1.6470623 6.0888295 2.0868762 33.467346 -1.5312145948410034 0.8717954158782959
Car 0.0 0 -1.4849005937576294 611.53369140625 190.92431640625 653.6390380859375 227.137939453125 4.0393124 1.4812272 1.6261145 1.0717257 2.3784642 33.707993 -1.4531168937683105 0.8536996245384216
Car 0.0 0 1.4405691623687744 708.8399658203125 183.85150146484375 744.7254638671875 213.6635284423828 3.9951754 1.6539505 1.6231822 6.963638 2.3487246 43.537647 1.5991710424423218 0.4746415615081787
Car 0.0 0 0.7432379126548767 650.620849609375 194.38507080078125 711.1692504882812 220.72560119628906 4.06932 1.627897 1.75418 4.8569984 3.1867387 50.123928 0.8398361206054688 0.14867617189884186
Car 0.0 0 -1.8835970163345337 891.16552734375 162.42459106445312 1022.7496948242188 235.66917419433594 4.047095 1.5547544 1.6594912 8.138123 1.3337281 17.423977 -1.4466431140899658 0.14085769653320312
Car 0.0 0 -2.0374553203582764 931.0466918945312 128.383544921875 1056.162353515625 191.02993774414062 3.6209624 1.6357315 1.6946995 10.7797575 0.47494146 20.65938 -1.5565319061279297 0.13660423457622528
