Pedestrian 0.0 0 2.915140151977539 542.6485595703125 163.00527954101562 577.38671875 221.18275451660156 0.964215 1.7854676 0.6468593 -1.4449292 1.2501115 22.142757 2.8499772548675537 0.6471682786941528
Pedestrian 0.0 0 0.1977989673614502 278.66912841796875 173.052734375 315.9690246582031 229.61337280273438 0.92650384 1.645859 0.5366356 -9.133825 1.4307187 20.929914 -0.21368825435638428 0.6074488759040833
Pedestrian 0.0 0 -1.9660272598266602 8.023764610290527 152.41708374023438 36.60565948486328 197.6952667236328 0.70003897 1.9240819 0.7403364 -25.182947 0.7321861 30.53162 -2.655717372894287 0.5119007229804993
Pedestrian 0.0 0 0.2685531973838806 394.5511779785156 159.81727600097656 444.7221374511719 224.60301208496094 1.2361846 1.7745948 0.60160947 -5.182524 1.2096374 19.669888 0.01093292236328125 0.32936975359916687
Pedestrian 0.0 0 -0.24926549196243286 35.73326873779297 156.46214294433594 121.89756774902344 347.7493896484375 0.47502372 1.7588112 0.87496835 -5.236489 1.539492 6.955097 -0.8946196436882019 0.32758647203445435
Pedestrian 0.0 0 -2.0731441974639893 1084.52294921875 147.34512329101562 1119.5849609375 190.94595336914062 1.5975097 1.7599986 0.4782421 20.598045 0.42315584 29.355997 -1.4613022804260254 0.15264689922332764
Cyclist 0.0 0 -0.4287271797657013 729.7637329101562 158.32388305664062 771.4664916992188 196.30477905273438 1.8069719 1.7385536 0.61362594 6.7481527 0.7249125 32.861416 -0.2261909395456314 0.8085841536521912
Cyclist 0.0 0 -0.2742918133735657 968.1282348632812 138.95457458496094 1056.126953125 208.16871643066406 1.8594086 1.7297744 0.63520396 10.4121895 0.6930813 18.19927 0.2453763484954834 0.7423642873764038
Cyclist 0.0 0 -0.33546802401542664 893.3514404296875 140.46368408203125 960.322265625 193.593994140625 1.8769999 1.7181063 0.7155317 10.556945 0.42497417 23.299921 0.08995199203491211 0.6750053763389587
Cyclist 0.0 0 -2.0898866653442383 1085.2308349609375 145.78355407714844 1122.203857421875 189.93807983398438 1.6905493 1.7754375 0.47232848 20.617498 0.38099563 29.288963 -1.4765253067016602 0.502173125743866
Cyclist 0.0 0 -0.43520867824554443 287.9193115234375 172.90626525878906 360.6896667480469 239.99583435058594 1.7736315 1.7464066 0.55365044 -7.650234 1.5503223 19.234917 -0.8137535452842712 0.449341744184494
Cyclist 0.0 0 -1.045979619026184 218.41014099121094 178.02243041992188 263.2183532714844 231.82476806640625 1.8091092 1.7671229 0.52659583 -12.434468 1.6872908 24.134235 -1.521729826927185 0.40233394503593445
Cyclist 0.0 0 -1.4472981691360474 840.2083129882812 155.1745147705078 856.9744262695312 195.57525634765625 1.8274628 1.6729493 0.45776877 10.391579 0.62573546 30.194496 -1.115840196609497 0.32972028851509094
Cyclist 0.0 0 0.2685531973838806 394.5511779785156 159.81727600097656 444.7221374511719 224.60301208496094 1.2361846 1.7745948 0.60160947 -5.182524 1.2096374 19.669888 0.01093292236328125 0.19687600433826447
Cyclist 0.0 0 0.14717885851860046 279.2621154785156 174.24183654785156 316.64208984375 231.68783569335938 0.939786 1.6686875 0.59793586 -9.1199875 1.4884688 20.94438 -0.2634998857975006 0.1932796984910965
Cyclist 0.0 0 1.9996297359466553 543.231201171875 162.25820922851562 574.8135986328125 220.7515869140625 0.95489883 1.779435 0.6467996 -1.4595631 1.2260579 22.065409 1.9335788488388062 0.16197285056114197
Car 0.0 0 -1.3514995574951172 387.8182678222656 178.715576171875 503.72021484375 253.7570343017578 3.7737029 1.4006473 1.6116447 -3.2843847 1.368978 15.0828495 -1.565908670425415 0.9678837656974792
Car 0.0 0 -3.6903791427612305 1002.0789184570312 153.57601928710938 1105.209716796875 189.22061157226562 3.4727638 1.5068682 1.5664954 19.400082 0.3701427 30.694345 -3.12673282623291 0.507678747177124
Car 0.0 0 -3.7981348037719727 1096.339599609375 144.02793884277344 1224.0 182.03179931640625 4.4766135 1.6236197 1.7185515 24.426136 0.06692052 31.082449 -3.1320817470550537 0.4994586706161499
Car 0.0 0 -0.03979958966374397 572.37841796875 179.54269409179688 646.3358154296875 206.38551330566406 4.1679516 1.5087296 1.5943679 0.21282466 1.4563124 40.604183 -0.034558191895484924 0.3615299165248871
Car 0.0 0 -1.6103250980377197 477.9729309082031 172.76756286621094 500.1742858886719 191.91957092285156 3.9013684 1.447938 1.5618572 -9.119219 0.86460805 55.517494 -1.7731297016143799 0.34773674607276917
