Pedestrian 0.0 0 -2.2170519828796387 427.6709899902344 170.6609649658203 452.40997314453125 217.31089782714844 0.5755296 1.8054618 0.7531695 -6.730065 1.7209443 28.396032 -2.449765205383301 0.28318509459495544
Pedestrian 0.0 0 -0.06006708741188049 916.656005859375 120.94371795654297 968.872802734375 235.27232360839844 0.7427799 1.8074785 0.49492455 5.3630414 0.98716056 11.768785 0.36751723289489746 0.2065514773130417
Car 0.0 0 -1.4266937971115112 506.0523986816406 176.35443115234375 552.7102661132812 212.63275146484375 3.6204712 1.5274167 1.5899776 -3.6212773 1.6946833 32.565983 -1.5374369621276855 0.9337400794029236
Car 0.0 0 -1.5963950157165527 567.8653564453125 178.9326934814453 620.4409790039062 223.1944122314453 3.3806698 1.3436396 1.6340828 -0.6240196 1.5616819 24.106108 -1.6222755908966064 0.9301633238792419
Car 0.0 0 1.921444058418274 253.55332946777344 183.87176513671875 330.4471435546875 222.5672607421875 3.9932883 1.3891991 1.5578411 -12.761806 1.8652002 29.104996 1.5082157850265503 0.8977932929992676
Car 0.0 0 2.2511415481567383 743.2645263671875 180.57374572753906 784.8699340820312 199.75466918945312 3.6661904 1.594215 1.6178665 13.485793 2.2896674 63.183586 2.4614243507385254 0.3334714472293854
Car 0.0 0 1.8666232824325562 421.7603759765625 175.13462829589844 452.18994140625 191.79115295410156 3.9189823 1.4057913 1.5272096 -15.195543 1.6130214 63.44472 1.6315431594848633 0.21955840289592743
Car 0.0 0 2.766273260116577 114.42168426513672 185.9263458251953 215.2379608154297 220.92002868652344 3.8422534 1.5263321 1.6041279 -21.557335 2.1973178 34.994873 2.2141618728637695 0.15244588255882263
Car 0.0 0 1.8495230674743652 431.7021789550781 177.5290069580078 477.9640197753906 205.69674682617188 4.257905 1.6396022 1.7091881 -9.623163 1.94505 44.902946 1.6384062767028809 0.12461696565151215
Car 0.0 0 -1.427667498588562 327.92572021484375 168.10960388183594 356.3997497558594 189.02992248535156 3.9437883 1.6257427 1.6074253 -21.57527 1.2574074 58.165688 -1.7828632593154907 0.12259518355131149
