Pedestrian 0.0 0 -3.6519925594329834 1062.0706787109375 122.79800415039062 1137.075439453125 230.19586181640625 0.8632216 1.791465 0.63787526 8.335398 0.95685685 12.38616 -3.059645175933838 0.4167143404483795
Pedestrian 0.0 0 1.2251732349395752 635.9548950195312 144.92355346679688 681.9332885742188 246.86756896972656 0.7658849 1.806928 0.6162331 0.8375485 1.3122267 13.2399435 1.2883483171463013 0.23561282455921173
Pedestrian 0.0 0 -2.3700709342956543 1133.008544921875 118.79463958740234 1219.9249267578125 235.36929321289062 0.9326053 1.8007873 0.62264425 9.068695 0.96606314 11.6478405 -1.7085323333740234 0.19898827373981476
Pedestrian 0.0 0 0.46685612201690674 482.5731506347656 138.75059509277344 549.5557861328125 264.08978271484375 0.794675 1.799127 0.6316781 -1.4495748 1.3099623 10.782684 0.3332219123840332 0.14365768432617188
Pedestrian 0.0 0 0.43644019961357117 366.36993408203125 122.11396026611328 458.1309814453125 263.02923583984375 1.0494584 1.8362384 0.5888236 -2.7209365 1.175413 9.776059 0.16498398780822754 0.1297759860754013
Pedestrian 0.0 0 -2.7775468826293945 1107.858154296875 162.9248504638672 1157.0361328125 252.39564514160156 0.61387384 1.7404845 0.6341811 10.421303 1.5476893 14.464145 -2.1531999111175537 0.1033073216676712
Pedestrian 0.0 0 2.3363993167877197 570.73876953125 152.9838409423828 679.4374389648438 291.3824157714844 1.4938499 1.6862911 0.555764 0.17005435 1.4445448 9.513977 2.354271650314331 0.1024342030286789
Pedestrian 0.0 0 -2.3867220878601074 602.523681640625 129.71804809570312 657.556396484375 236.5274658203125 0.71121925 1.8096793 0.6580547 0.30030456 1.0791817 12.706287 -2.3630921840667725 0.10197252035140991
Cyclist 0.0 0 2.178074598312378 562.619140625 150.333251953125 674.2725830078125 293.56646728515625 1.7360342 1.6984764 0.5729512 0.09819947 1.4317805 9.4268675 2.188491106033325 0.551474392414093
Car 0.0 0 -1.6349331140518188 837.0636596679688 136.96633911132812 888.2306518554688 181.95960998535156 3.853379 1.7052963 1.7110118 10.189825 0.345471 29.429182 -1.3016037940979004 0.10580579936504364
