Car 0.0 0 -2.0288853645324707 773.2133178710938 175.45936584472656 1153.0306396484375 375.0 3.5409918 1.5129963 1.5877994 2.7455373 1.5439199 6.6430883 -1.6369729042053223 0.9445225596427917
Car 0.0 0 -1.7021749019622803 677.2994384765625 183.4641876220703 753.0885009765625 243.38279724121094 3.5534506 1.4986141 1.6509093 2.8418815 1.826037 20.45686 -1.5641376972198486 0.9288086891174316
Car 0.0 0 3.704246759414673 0.0 150.45977783203125 298.6379699707031 285.6847839355469 3.995095 1.7880592 1.7042583 -6.9223456 1.4923017 10.435931 3.118565797805786 0.8591589331626892
Car 0.0 0 -0.15547777712345123 733.1087036132812 177.0462646484375 845.76708984375 222.8791046142578 3.6477485 1.5460956 1.6175638 6.2159495 1.7000328 25.47128 0.08388137817382812 0.8285119533538818
Car 0.0 0 0.42358696460723877 215.60507202148438 186.5332489013672 434.81524658203125 267.2415466308594 4.152405 1.6285563 1.6678737 -6.182286 1.9465547 15.813288 0.05090212821960449 0.8256759643554688
Car 0.0 0 0.6883453726768494 0.0 182.36651611328125 283.94525146484375 343.21612548828125 4.0149164 1.5829521 1.6464995 -6.0970087 1.702364 8.116737 0.04409909248352051 0.8178103566169739
Car 0.0 0 0.4295108914375305 286.1333923339844 184.08975219726562 470.33062744140625 254.41978454589844 4.0747557 1.6245186 1.6532671 -5.7798066 1.9228516 18.068203 0.11990928649902344 0.7818659543991089
Car 0.0 0 -2.6128242015838623 92.97911834716797 190.85670471191406 347.7768859863281 283.6968994140625 3.8163085 1.5420641 1.6032116 -7.0494795 1.8934948 13.194387 -3.1035172939300537 0.7753281593322754
Car 0.0 0 -1.4563485383987427 539.8111572265625 177.1541290283203 563.2006225585938 195.23277282714844 3.7794049 1.5083061 1.6171182 -5.100564 1.8956916 63.022606 -1.537104845046997 0.6920872926712036
Car 0.0 0 -2.2327160835266113 0.0 232.25987243652344 155.86685180664062 375.0 3.9534962 1.4676582 1.6092933 -5.9689255 2.0023777 5.5192227 -3.057239294052124 0.6894045472145081
Car 0.0 0 -1.6959080696105957 633.3346557617188 180.1829071044922 662.0709228515625 201.94613647460938 3.9796607 1.5316848 1.6654799 2.7673936 2.1034095 54.202785 -1.6448960304260254 0.6597952842712402
Car 0.0 0 -2.7714104652404785 350.1075744628906 172.73397827148438 473.7082824707031 216.01437377929688 3.926882 1.473407 1.5398005 -7.004899 1.46968 25.52729 -3.039226531982422 0.5979175567626953
Car 0.0 0 0.3437538743019104 342.9090881347656 178.79742431640625 491.63226318359375 232.57154846191406 4.225453 1.6091349 1.6906182 -6.0768075 1.8059844 22.832594 0.08363747596740723 0.5940512418746948
Car 0.0 0 0.18323631584644318 431.3433837890625 165.34327697753906 517.98291015625 197.8832550048828 4.1817274 1.6488698 1.6591799 -7.0011063 1.2686436 37.392567 -0.0018532662652432919 0.5777778029441833
