Car 0.0 0 -1.7426353693008423 670.1532592773438 178.8870391845703 760.6795043945312 246.08204650878906 4.112367 1.4958516 1.5818146 2.5300903 1.6684806 18.517113 -1.606840968132019 0.9448298811912537
Car 0.0 0 -1.982285499572754 790.3738403320312 195.43365478515625 1167.8077392578125 375.0 3.6694672 1.4633327 1.5942992 2.8736284 1.7297237 6.660368 -1.5749627351760864 0.9298325777053833
Car 0.0 0 -1.8334519863128662 734.270751953125 180.12939453125 907.4983520507812 302.9151306152344 3.56956 1.5443752 1.6108389 2.9688122 1.6743776 11.069464 -1.5714200735092163 0.8951764106750488
Car 0.0 0 1.7383095026016235 436.90020751953125 179.62705993652344 506.31805419921875 227.42611694335938 4.1331673 1.4972792 1.7175967 -4.792019 1.7544525 25.272654 1.5509213209152222 0.8933191299438477
Car 0.0 0 2.110996961593628 0.0 197.72958374023438 312.51165771484375 375.0 3.9165056 1.5009136 1.6057316 -4.3983393 1.8032762 6.7713895 1.5349398851394653 0.8715676665306091
Car 0.0 0 -1.6814546585083008 660.9948120117188 173.0631103515625 722.3621215820312 225.3807373046875 3.9051857 1.6706189 1.6717558 2.7037568 1.6787921 25.008257 -1.5737583637237549 0.7964061498641968
Car 0.0 0 1.675858974456787 471.50128173828125 172.3909149169922 519.75146484375 217.57090759277344 3.934193 1.7954518 1.6220629 -4.8372393 1.7774072 30.677273 1.5194650888442993 0.7949295043945312
Car 0.0 0 3.564671277999878 187.46658325195312 178.97927856445312 357.0030517578125 234.63119506835938 4.0592284 1.5051941 1.6368519 -9.565679 1.68713 20.542377 3.1288745403289795 0.7753061652183533
Car 0.0 0 1.4475681781768799 646.6713256835938 172.66775512695312 694.008056640625 209.65431213378906 4.1138134 1.5980076 1.6670828 2.6760616 1.5903196 33.26217 1.5278488397598267 0.7739664316177368
Car 0.0 0 1.6284438371658325 497.5922546386719 173.8487548828125 536.6486206054688 212.84034729003906 4.3589272 1.8382779 1.7041047 -4.6582246 1.89185 36.362026 1.5010309219360352 0.7546916007995605
