Car 0.0 0 -1.8986175060272217 749.6033935546875 189.63418579101562 985.7881469726562 351.2149658203125 3.4283817 1.4652923 1.5437614 2.7499247 1.7065798 8.628328 -1.5900862216949463 0.9490619897842407
Car 0.0 0 -1.6944465637207031 634.1168212890625 179.28114318847656 670.600830078125 207.17361450195312 4.014746 1.5268016 1.6531645 2.4120553 1.9240892 42.500088 -1.6377532482147217 0.8915356397628784
Car 0.0 0 -0.35239359736442566 822.4210815429688 178.55410766601562 1090.4722900390625 269.3380432128906 4.281423 1.5844944 1.6695956 6.3518825 1.7012237 13.722381 0.08112359046936035 0.8905006647109985
Car 0.0 0 3.323777198791504 323.3652038574219 179.0135955810547 469.0425109863281 233.68560791015625 4.2068005 1.6416416 1.6993248 -6.743962 1.8471354 22.964642 3.038140296936035 0.8743127584457397
Car 0.0 0 3.5213446617126465 200.70767211914062 183.2932586669922 420.8524169921875 258.70233154296875 4.199821 1.5587889 1.6306925 -6.549994 1.8024386 15.978195 3.1323044300079346 0.844855785369873
Car 0.0 0 -2.622438430786133 120.13072204589844 179.64808654785156 352.8678283691406 268.7809753417969 3.6038427 1.5600982 1.5627967 -6.9901013 1.6968362 13.619327 -3.0966286659240723 0.8402460217475891
Car 0.0 0 -2.7603707313537598 253.98800659179688 178.8872528076172 436.7516784667969 244.8218231201172 4.074799 1.5901943 1.6208661 -6.7160945 1.7520308 18.434122 -3.1097538471221924 0.8359466195106506
Car 0.0 0 -2.364719867706299 0.0 202.94256591796875 233.1359100341797 375.0 3.826353 1.4859153 1.5985341 -5.657746 1.7851288 6.281864 -3.0978925228118896 0.8167116641998291
Car 0.0 0 0.6328291296958923 44.55779266357422 177.26101684570312 374.10015869140625 302.2801208496094 4.2553916 1.7131706 1.6912407 -6.079191 1.7880361 11.079689 0.13100075721740723 0.8002452850341797
Car 0.0 0 -0.2951490879058838 708.0542602539062 184.17013549804688 817.355224609375 226.46533203125 3.69955 1.4964677 1.5738279 5.621257 1.9349613 26.984028 -0.08976844698190689 0.7930579781532288
Car 0.0 0 0.7292485237121582 0.0 189.7395782470703 280.8948669433594 340.0164794921875 3.9480538 1.5610228 1.6274292 -6.3594637 1.7891302 8.723755 0.0993349552154541 0.781316876411438
Car 0.0 0 -0.28106334805488586 766.5449829101562 182.91477966308594 930.0223999023438 241.39051818847656 3.8087773 1.4507985 1.5460908 6.1387157 1.727962 19.017128 0.03117680549621582 0.7461405992507935
Car 0.0 0 -0.2762385308742523 806.3377075195312 175.56748962402344 1003.2015380859375 246.01797485351562 3.801445 1.4781868 1.5556144 6.428515 1.5430347 16.178295 0.10198497772216797 0.6839508414268494
Car 0.0 0 -2.9114959239959717 457.22906494140625 182.16366577148438 537.12255859375 210.9343719482422 4.067535 1.5140483 1.6046095 -6.1824765 2.0368538 39.53669 -3.066612958908081 0.6584388017654419
Car 0.0 0 -0.12575645744800568 711.961181640625 173.74981689453125 807.5940551757812 213.76644897460938 3.615548 1.5676472 1.6355441 5.968887 1.605515 29.25781 0.07549190521240234 0.6442099213600159
Car 0.0 0 0.14056463539600372 450.9997863769531 178.53675842285156 526.8175048828125 209.31863403320312 3.6325645 1.5231067 1.5964671 -6.1786766 1.8204064 36.855507 -0.02553672157227993 0.643408477306366
