Pedestrian 0.0 0 -3.736048698425293 1096.4580078125 95.85607147216797 1238.0 345.05084228515625 0.8432385 1.7172409 0.6771528 4.26484 1.1284604 5.3192687 -3.0602283477783203 0.8091022372245789
Pedestrian 0.0 0 -1.246259331703186 602.5298461914062 159.54974365234375 643.0399780273438 235.8193817138672 0.8649654 1.6958774 0.69212645 0.4626653 1.2090255 16.495155 -1.2182180881500244 0.6611426472663879
Pedestrian 0.0 0 -1.5309439897537231 689.6064453125 163.21705627441406 714.2131958007812 230.11183166503906 0.7870927 1.7058657 0.60753834 2.5971248 1.2408158 18.75644 -1.3933531045913696 0.6331361532211304
Pedestrian 0.0 0 1.2257195711135864 649.63525390625 163.08973693847656 687.3809204101562 237.72793579101562 0.9304493 1.7652199 0.63666594 1.5918428 1.3310118 17.51664 1.3163466453552246 0.624811053276062
Pedestrian 0.0 0 2.96451735496521 663.0209350585938 159.53785705566406 697.6226806640625 236.7215576171875 0.6930203 1.7148248 0.5347471 1.7426789 1.2281003 16.247986 3.071363925933838 0.6081233620643616
Pedestrian 0.0 0 -1.2451962232589722 296.1847229003906 174.07919311523438 384.2232971191406 344.4709167480469 0.7759375 1.6369538 0.62802947 -2.6785614 1.5670344 7.294526 -1.5971124172210693 0.5978487133979797
Pedestrian 0.0 0 1.1056363582611084 411.0018615722656 158.91285705566406 449.904052734375 237.05799865722656 0.78323364 1.8080207 0.61460674 -4.1119547 1.2866364 17.114767 0.8698477745056152 0.571040689945221
Pedestrian 0.0 0 1.9666658639907837 448.4407653808594 148.76864624023438 521.5899047851562 282.0743103027344 0.8352256 1.7661201 0.74386656 -1.6510103 1.3338015 10.006386 1.8031435012817383 0.540145993232727
Pedestrian 0.0 0 1.8659329414367676 705.9529418945312 159.26629638671875 725.7188720703125 204.70587158203125 0.6867344 1.7643948 0.5967096 4.4960217 0.90208733 28.32922 2.0233263969421387 0.48842087388038635
Pedestrian 0.0 0 -0.3016887903213501 635.5408325195312 181.31976318359375 663.348388671875 231.61798095703125 0.73673457 1.6458417 0.74130696 1.5706003 1.6410346 23.949076 -0.23620173335075378 0.47828957438468933
Pedestrian 0.0 0 0.6140157580375671 674.357421875 161.1638946533203 700.5392456054688 211.26449584960938 0.71603936 1.7240747 0.565066 2.990078 1.0253334 25.166374 0.7322738170623779 0.42527902126312256
Pedestrian 0.0 0 -2.869006395339966 714.360595703125 153.95980834960938 754.64501953125 217.36622619628906 0.9980113 1.7599488 0.6175897 3.7571118 0.99667674 20.43244 -2.6871581077575684 0.38850414752960205
Pedestrian 0.0 0 1.4428062438964844 730.2492065429688 152.54721069335938 749.7457275390625 206.4618377685547 0.84764796 1.7336034 0.5210848 4.5086436 0.80373544 23.534153 1.6320915222167969 0.38539376854896545
Pedestrian 0.0 0 -0.5327678322792053 495.0644836425781 161.83004760742188 521.4503784179688 210.33724975585938 0.7929545 1.8031791 0.60471433 -3.546371 1.0730158 27.182623 -0.662499725818634 0.3743240535259247
Pedestrian 0.0 0 3.0971293449401855 388.5091247558594 187.27377319335938 449.57647705078125 308.7308349609375 0.8323454 1.6934772 0.70645785 -2.7245426 1.7830267 10.516606 2.843632221221924 0.3286597728729248
Pedestrian 0.0 0 0.03295774757862091 548.4765014648438 168.69044494628906 565.150390625 202.65924072265625 0.90596145 1.8751038 0.6763091 -2.4824033 1.1688228 40.0012 -0.029020989313721657 0.32157647609710693
Pedestrian 0.0 0 -0.8207871317863464 182.56240844726562 216.4412078857422 313.1457824707031 374.0 0.699208 1.5676847 0.70148754 -3.0146494 1.8852115 6.0619226 -1.2822797298431396 0.31705835461616516
Pedestrian 0.0 0 -1.445468544960022 834.0991821289062 147.4069061279297 870.2759399414062 228.9807586669922 1.5997834 1.7423228 0.5775845 5.6293554 1.0153626 16.185137 -1.110745906829834 0.19403642416000366
Cyclist 0.0 0 -1.4283868074417114 906.1636352539062 124.0810775756836 938.5529174804688 196.08042907714844 1.7521964 1.7628173 0.51980007 8.231241 0.35817528 18.464853 -1.0090487003326416 0.6015394926071167
Cyclist 0.0 0 -1.4465640783309937 833.3169555664062 146.6958770751953 870.0015258789062 228.50604248046875 1.6476337 1.746896 0.5853254 5.6248937 1.004951 16.204306 -1.1124541759490967 0.43252965807914734
Cyclist 0.0 0 -1.1319844722747803 524.46826171875 165.1104736328125 554.7504272460938 209.44577026367188 1.7263911 1.8349131 0.61390066 -2.6379457 1.1575812 30.643341 -1.2178581953048706 0.37300625443458557
Cyclist 0.0 0 -0.8286049365997314 702.7735595703125 173.93780517578125 817.9468383789062 296.322509765625 1.7293848 1.6084603 0.5789578 2.2271056 1.510402 10.1725025 -0.6130717396736145 0.33210110664367676
Cyclist 0.0 0 1.218013048171997 649.4483642578125 163.11192321777344 687.516845703125 237.91587829589844 0.92521507 1.7688516 0.6414326 1.591003 1.335239 17.513414 1.3086092472076416 0.18227747082710266
Cyclist 0.0 0 -2.0008649826049805 717.4104614257812 155.19540405273438 751.9156494140625 217.35000610351562 0.8866205 1.7214565 0.65141845 3.7460308 0.9940664 20.402454 -1.8192806243896484 0.17291732132434845
Cyclist 0.0 0 -0.8512996435165405 494.6151123046875 162.51853942871094 520.7973022460938 209.52056884765625 0.83881015 1.7457603 0.57245564 -3.56427 1.0417831 27.185686 -0.9816644191741943 0.10513162612915039
Cyclist 0.0 0 3.0971293449401855 388.5091247558594 187.27377319335938 449.57647705078125 308.7308349609375 0.8323454 1.6934772 0.70645785 -2.7245426 1.7830267 10.516606 2.843632221221924 0.10447168350219727
Cyclist 0.0 0 -1.2451962232589722 296.1847229003906 174.07919311523438 384.2232971191406 344.4709167480469 0.7759375 1.6369538 0.62802947 -2.6785614 1.5670344 7.294526 -1.5971124172210693 0.10219622403383255
Car 0.0 0 -1.5594643354415894 560.6279907226562 170.62301635742188 588.4981079101562 196.1693572998047 4.0839148 1.5212816 1.6595039 -1.6500201 0.8743214 44.83658 -1.5962485074996948 0.5361334085464478
Car 0.0 0 -0.659259021282196 1035.859375 180.50027465820312 1238.0 326.5479736328125 3.3558178 1.4826775 1.5776856 7.058219 1.4738939 8.167247 0.05342721939086914 0.4629722535610199
Car 0.0 0 -1.7871546745300293 700.9288940429688 150.76217651367188 741.148681640625 178.32142639160156 3.7543263 1.6171348 1.6832141 7.365401 -0.2047601 44.511143 -1.6231673955917358 0.3630909025669098
