Pedestrian 0.0 0 2.8049519062042236 460.7957763671875 172.69985961914062 495.59661865234375 248.1393585205078 0.6362354 1.8227042 0.7562647 -3.0988667 1.6112778 17.83836 2.632949113845825 0.6910350918769836
Pedestrian 0.0 0 -0.13569967448711395 749.3289794921875 158.56895446777344 783.8460693359375 243.84848022460938 0.60868686 1.7237387 0.67303365 3.3745801 1.2614807 14.878732 0.08733272552490234 0.6250103116035461
Pedestrian 0.0 0 1.2787002325057983 711.6690063476562 156.83045959472656 767.335205078125 256.56439208984375 0.9754348 1.7708682 0.7575687 2.494786 1.3341104 13.277265 1.4644336700439453 0.4262903928756714
Pedestrian 0.0 0 -1.4509196281433105 89.26740264892578 148.19740295410156 262.2452697753906 374.0 0.6671886 1.7088419 0.7467744 -2.3447182 1.5479002 3.9555986 -1.9859981536865234 0.3861377537250519
Pedestrian 0.0 0 -0.42004743218421936 775.2125244140625 188.09523010253906 865.7181396484375 330.6277770996094 0.8089916 1.595536 0.6847071 2.5170429 1.6782393 8.467089 -0.13109368085861206 0.3728085160255432
Pedestrian 0.0 0 -1.386415958404541 906.59423828125 198.73345947265625 1041.404052734375 374.0 0.55056983 1.5862702 0.755224 2.5618055 1.7193965 5.039931 -0.9161490797996521 0.2959674000740051
Pedestrian 0.0 0 1.9175951480865479 18.8024959564209 98.28097534179688 123.72410583496094 279.1763000488281 0.8140972 1.8565154 0.68997747 -5.8144636 1.0038091 7.8583503 1.2805837392807007 0.2947794497013092
Pedestrian 0.0 0 0.9481916427612305 1110.3077392578125 94.4366455078125 1238.0 272.6791687011719 0.92107326 1.8482832 0.76224494 6.2654057 0.94684404 7.923881 1.617235541343689 0.20005196332931519
Pedestrian 0.0 0 1.4219439029693604 807.5946044921875 136.84364318847656 845.632568359375 219.4090576171875 0.9949922 1.8173941 0.6824418 5.0765524 0.8356586 16.352531 1.7229549884796143 0.19644644856452942
Cyclist 0.0 0 0.5228655338287354 366.994140625 158.99728393554688 486.7155456542969 270.0309143066406 1.7366167 1.6695851 0.6715735 -2.7985456 1.3325232 11.3625 0.2813754081726074 0.5410789847373962
Cyclist 0.0 0 1.1731921434402466 885.2705078125 162.61183166503906 970.6817626953125 279.2587585449219 1.7304863 1.6914136 0.58566636 5.0359654 1.4188422 11.284957 1.592927098274231 0.30449745059013367
Cyclist 0.0 0 1.5124053955078125 810.8770141601562 130.564208984375 843.234375 214.87115478515625 1.6619749 1.7966561 0.5921404 5.0279145 0.7123988 16.18354 1.8136320114135742 0.23995710909366608
Cyclist 0.0 0 -1.4456701278686523 220.19203186035156 180.32659912109375 279.7385559082031 301.76727294921875 1.7446522 1.7603235 0.6347958 -5.5535703 1.7446271 11.338006 -1.901139736175537 0.19625112414360046
Cyclist 0.0 0 1.2190208435058594 744.8571166992188 158.03799438476562 788.1212158203125 243.74009704589844 0.7789542 1.7251766 0.6422789 3.372287 1.2541322 14.88496 1.4418164491653442 0.15273991227149963
Car 0.0 0 3.756834030151367 0.0 179.7633819580078 343.4275207519531 374.0 3.9289365 1.513424 1.6254196 -3.8980737 1.5064344 4.485374 3.0413763523101807 0.28807687759399414
Car 0.0 0 -2.1377763748168945 40.157535552978516 218.91549682617188 286.46527099609375 335.8733825683594 3.7808373 1.4593928 1.5604607 -7.058677 2.1375403 11.465199 -2.689631938934326 0.24011076986789703
Car 0.0 0 -0.14321355521678925 433.7781677246094 172.93753051757812 546.71044921875 217.6149444580078 4.0133486 1.6001062 1.6694168 -4.233672 1.2944974 27.111603 -0.2981197237968445 0.23282353579998016
