Pedestrian 0.0 0 1.4987168312072754 807.3986206054688 137.01437377929688 833.3743896484375 201.7841033935547 0.9075854 1.8992124 0.68282306 6.2632985 0.84866196 21.66939 1.7800875902175903 0.2913376986980438
Pedestrian 0.0 0 -2.559166193008423 252.13124084472656 170.6319122314453 295.0897521972656 231.9331512451172 0.98054856 1.8014883 0.62935597 -10.1032505 1.7365447 21.58347 -2.9969708919525146 0.20649422705173492
Pedestrian 0.0 0 3.1861705780029297 412.1143798828125 166.92575073242188 440.367919921875 215.82154846191406 1.0557019 1.8992538 0.53738666 -7.267444 1.6693413 28.394833 2.9356069564819336 0.20102933049201965
Pedestrian 0.0 0 1.6397528648376465 900.4833374023438 148.2480926513672 935.6428833007812 232.23532104492188 0.75500405 1.8253227 0.67614293 6.858814 1.2909123 16.168375 2.0409555435180664 0.17551667988300323
Pedestrian 0.0 0 3.269435405731201 328.4670715332031 150.99066162109375 368.3030700683594 213.954345703125 1.0724839 1.8754246 0.5771573 -7.9726562 1.2245656 21.888165 2.9201269149780273 0.1573706567287445
Pedestrian 0.0 0 1.7648296356201172 431.93084716796875 180.0531463623047 444.75689697265625 207.66146850585938 1.3974093 1.7224848 0.5393396 -10.991651 2.1898339 46.092705 1.530733346939087 0.13993233442306519
Pedestrian 0.0 0 -2.9323532581329346 520.8643188476562 176.47308349609375 531.2058715820312 197.8795928955078 0.75844795 1.7971663 0.613623 -7.122901 2.1053572 61.029327 -3.0485403537750244 0.13637427985668182
Pedestrian 0.0 0 2.5515551567077637 980.5228271484375 172.572021484375 1073.7672119140625 300.8132629394531 0.95590186 1.8420546 0.73572266 6.1487985 1.8383621 10.762233 3.0706279277801514 0.1343098282814026
Pedestrian 0.0 0 -0.7363022565841675 58.75839614868164 147.45909118652344 89.50385284423828 195.9324493408203 0.71887875 1.946377 0.70446897 -21.865417 0.9270389 29.390388 -1.3759297132492065 0.12708930671215057
Pedestrian 0.0 0 0.4480043053627014 153.1923065185547 141.56491088867188 222.50137329101562 239.17864990234375 1.0144141 1.8821247 0.62074864 -8.379576 1.2791867 14.260944 -0.08323956280946732 0.12588176131248474
Cyclist 0.0 0 1.7871818542480469 432.2879333496094 179.8987579345703 445.8647155761719 207.1302947998047 1.4952284 1.7016717 0.53959036 -10.975709 2.1607325 46.226562 1.5540655851364136 0.19846884906291962
Cyclist 0.0 0 -0.9239320755004883 315.94781494140625 159.01022338867188 346.4768371582031 197.85470581054688 1.6453873 1.796211 0.4515367 -13.244572 1.1564174 34.215004 -1.2932671308517456 0.19040484726428986
Cyclist 0.0 0 -0.8700502514839172 345.0109558105469 180.6694793701172 384.5355224609375 227.9667510986328 1.5650277 1.6170595 0.4286375 -8.775278 1.9049908 25.739632 -1.1986174583435059 0.17379914224147797
Cyclist 0.0 0 -2.59249210357666 246.80487060546875 171.9434814453125 297.19415283203125 231.87644958496094 1.1504716 1.755894 0.73371434 -10.139049 1.7295759 21.56417 -3.0320005416870117 0.13978756964206696
Car 0.0 0 1.6452064514160156 532.4548950195312 175.11334228515625 571.1591186523438 206.18838500976562 3.9031248 1.5055796 1.7043648 -2.9848242 1.6285449 37.196438 1.5651330947875977 0.807891309261322
Car 0.0 0 2.07340931892395 240.97055053710938 178.52029418945312 293.8442687988281 200.8015899658203 4.1075125 1.5150522 1.6878976 -24.754541 1.9420826 52.22847 1.6308045387268066 0.17113806307315826
Car 0.0 0 -1.6047438383102417 556.2914428710938 168.83250427246094 576.6371459960938 186.86485290527344 4.108827 1.5657985 1.6793905 -3.956522 1.2169585 64.775085 -1.665748953819275 0.13571368157863617
Car 0.0 0 1.982824683189392 390.7745361328125 184.58425903320312 446.4801940917969 212.8727569580078 4.0174656 1.485605 1.6442909 -11.036918 2.1990855 41.751163 1.72438645362854 0.1307091861963272
Car 0.0 0 1.8312721252441406 462.892333984375 181.35067749023438 496.5231018066406 201.85519409179688 3.9255588 1.4868181 1.6141424 -10.097158 2.170651 56.01564 1.6529312133789062 0.13031457364559174
Car 0.0 0 -1.3047019243240356 288.131103515625 178.94912719726562 327.3485412597656 200.4119110107422 3.9220288 1.4812149 1.6866394 -22.180676 1.9467707 53.013325 -1.7009674310684204 0.12582923471927643
