Pedestrian 0.0 0 2.184166431427002 892.6950073242188 140.46397399902344 967.7107543945312 269.25762939453125 0.7695601 1.8390223 0.71535265 4.737528 1.3768886 10.805188 2.5973734855651855 0.6805290579795837
Pedestrian 0.0 0 2.0190742015838623 969.0341186523438 123.02832794189453 1049.850830078125 259.4228820800781 0.7521557 1.8344524 0.7521088 5.6043344 1.1646748 10.22633 2.5204036235809326 0.5215559601783752
Pedestrian 0.0 0 -1.5855880975723267 347.3240051269531 142.496826171875 405.34832763671875 292.5787048339844 1.0333185 1.7562033 0.6544339 -2.9888103 1.4013326 9.035834 -1.9050326347351074 0.41892150044441223
Pedestrian 0.0 0 -2.8890650272369385 590.3768310546875 152.25759887695312 608.3312377929688 190.23541259765625 0.7818989 1.908678 0.62280846 -0.5756948 0.8739083 36.654526 -2.9047696590423584 0.2548754811286926
Pedestrian 0.0 0 2.4301419258117676 1095.6280517578125 127.00042724609375 1180.7164306640625 237.47093200683594 1.0478668 1.8540037 0.5999697 9.04752 1.0848106 12.449054 3.058605194091797 0.23266249895095825
Pedestrian 0.0 0 1.4624601602554321 1053.660400390625 132.79403686523438 1123.2933349609375 267.72772216796875 0.9272041 1.7575693 0.7004893 6.530394 1.236129 9.967715 2.042450428009033 0.2254503220319748
Pedestrian 0.0 0 1.1210451126098633 1164.9114990234375 84.04689025878906 1242.0 264.5790710449219 0.7179716 1.7881294 0.60161746 6.2940445 0.9088734 7.564984 1.814994215965271 0.20743435621261597
Pedestrian 0.0 0 -0.34171605110168457 1009.3238525390625 142.55909729003906 1087.9139404296875 262.6745300292969 0.8391776 1.7619497 0.69057536 6.6142163 1.3179175 11.002954 0.19953465461730957 0.2015213668346405
Pedestrian 0.0 0 1.3892853260040283 869.1311645507812 134.8345489501953 923.6841430664062 242.45712280273438 0.98148334 1.7839652 0.7087686 4.8925524 1.1541078 12.506741 1.7621766328811646 0.17493343353271484
Pedestrian 0.0 0 -0.8501384854316711 1132.2930908203125 126.98970794677734 1201.162353515625 230.75137329101562 0.8112491 1.8238193 0.60119873 10.011835 1.0180204 13.053514 -0.19585596024990082 0.1732644885778427
Pedestrian 0.0 0 -0.9540543556213379 1134.59326171875 117.01605224609375 1200.6309814453125 212.5574493408203 0.98527396 1.8753392 0.59811723 11.220584 0.77967906 14.5907 -0.2984893023967743 0.1624569594860077
Cyclist 0.0 0 -0.9310511350631714 217.5222930908203 135.8811492919922 420.7364501953125 375.0 1.6936768 1.6506026 0.63908565 -2.3134112 1.3970664 5.8529086 -1.30746328830719 0.3325083255767822
Cyclist 0.0 0 -1.5934354066848755 349.86041259765625 141.0539093017578 405.53973388671875 293.16571044921875 1.0991133 1.7724282 0.6256441 -2.974859 1.4022468 9.027241 -1.9117703437805176 0.24477660655975342
Cyclist 0.0 0 -2.3235840797424316 1003.6139526367188 129.7367401123047 1056.864013671875 186.31044006347656 1.7204221 1.8578833 0.53361624 14.250285 0.4422681 24.590816 -1.798377275466919 0.20354750752449036
Cyclist 0.0 0 2.323765516281128 1039.6287841796875 136.1094970703125 1149.4710693359375 273.98455810546875 1.1567193 1.8007644 0.62634575 6.555335 1.321208 9.858423 2.9105770587921143 0.18304920196533203
Cyclist 0.0 0 -1.6022217273712158 929.2134399414062 111.79401397705078 977.5956420898438 231.7762451171875 1.6626742 1.8228782 0.65572 5.5598636 0.89555776 11.852713 -1.163615107536316 0.17271681129932404
Cyclist 0.0 0 1.3892853260040283 869.1311645507812 134.8345489501953 923.6841430664062 242.45712280273438 0.98148334 1.7839652 0.7087686 4.8925524 1.1541078 12.506741 1.7621766328811646 0.11693786829710007
Cyclist 0.0 0 1.5246425867080688 980.9960327148438 128.28073120117188 1041.1466064453125 262.9076232910156 0.7758372 1.8114301 0.7044307 5.60168 1.2120464 10.209016 2.02648663520813 0.10701154917478561
Car 0.0 0 -1.5020676851272583 606.6884155273438 151.29318237304688 642.1366577148438 181.41329956054688 4.048217 1.6225291 1.7392304 0.8309931 0.46143565 40.95891 -1.4817819595336914 0.40247204899787903
Car 0.0 0 -2.0958471298217773 160.64540100097656 126.52015686035156 424.8764343261719 290.66644287109375 3.7417665 1.8349082 1.5976019 -4.443923 1.3173236 9.8001585 -2.5215699672698975 0.1832546442747116
