Pedestrian 0.0 0 1.8285434246063232 356.53564453125 135.0216064453125 391.3208312988281 204.539306640625 0.9977977 1.986938 0.74066824 -6.9519396 0.9059794 21.140266 1.5108349323272705 0.38843247294425964
Pedestrian 0.0 0 2.4016666412353516 1013.04541015625 139.21676635742188 1083.5233154296875 245.77951049804688 0.8305995 1.8051285 0.6534042 7.604677 1.2356855 12.621699 2.9439284801483154 0.3688828945159912
Pedestrian 0.0 0 1.6103408336639404 979.4505004882812 136.00917053222656 1008.39111328125 206.74465942382812 0.6813349 1.9536135 0.6970854 10.80828 0.93636966 20.394823 2.0976619720458984 0.31565308570861816
Pedestrian 0.0 0 -2.9829654693603516 985.9083251953125 175.34861755371094 1056.00732421875 238.60487365722656 1.6514946 1.7402693 0.7577965 11.746849 1.8150905 20.723324 -2.4672837257385254 0.12605570256710052
Cyclist 0.0 0 -2.7336435317993164 981.5780029296875 177.1009979248047 1055.14404296875 238.10472106933594 1.6662194 1.669521 0.7905104 11.688884 1.7974715 20.771976 -2.2210841178894043 0.3637661635875702
Cyclist 0.0 0 -1.6934990882873535 853.3345947265625 143.0421142578125 886.5154418945312 216.26937866210938 1.6671445 1.7908365 0.5957467 6.6044145 1.0621189 18.521551 -1.350974440574646 0.28706276416778564
Cyclist 0.0 0 2.41788911819458 1005.4153442382812 138.29376220703125 1089.9798583984375 248.94485473632812 1.104478 1.8682263 0.6587811 7.5819707 1.2850709 12.603616 2.959463119506836 0.2001415491104126
Car 0.0 0 -1.826340913772583 729.8533935546875 156.04237365722656 896.550537109375 266.9622802734375 4.3995905 1.6497364 1.734655 3.3367584 1.4000511 12.931247 -1.5738111734390259 0.956788957118988
Car 0.0 0 1.8167065382003784 418.3794860839844 179.88153076171875 518.2434692382812 249.83648681640625 3.7810159 1.5673493 1.6282303 -3.5515316 1.7665998 18.484972 1.6268888711929321 0.9083207249641418
Car 0.0 0 -1.3666011095046997 540.0885620117188 169.95436096191406 604.0379028320312 212.5387725830078 4.6371074 1.5937675 1.6942116 -1.4931852 1.4856037 29.422394 -1.4173076152801514 0.8981613516807556
Car 0.0 0 -1.3485918045043945 693.3427124023438 173.34414672851562 761.1439819335938 218.92965698242188 3.7974253 1.4892343 1.5817807 4.196221 1.5084298 25.67016 -1.1865580081939697 0.8541103601455688
Car 0.0 0 1.7163755893707275 470.55035400390625 180.46588134765625 524.7145385742188 219.46678161621094 4.1309915 1.4690474 1.645727 -4.64487 1.8083665 30.055944 1.5630477666854858 0.6763507127761841
