Pedestrian 0.0 0 -2.294356107711792 313.26617431640625 175.16079711914062 332.2146301269531 204.23680114746094 0.87209123 1.777802 0.6847983 -17.826788 1.9226713 44.69636 -2.6738638877868652 0.354848712682724
Pedestrian 0.0 0 -1.5653533935546875 660.278076171875 168.4862823486328 676.0094604492188 201.62298583984375 0.5383873 1.6994855 0.80491674 2.969999 1.475836 37.305176 -1.4859073162078857 0.16064780950546265
Pedestrian 0.0 0 -0.14150434732437134 1109.7275390625 174.5760955810547 1156.0760498046875 214.30416870117188 1.6474813 1.7851609 0.65410805 23.965164 1.8662525 33.15059 0.4844379425048828 0.10171176493167877
Cyclist 0.0 0 1.8987109661102295 313.16363525390625 174.18759155273438 330.5293884277344 204.26947021484375 1.3305316 1.827967 0.601362 -17.830189 1.911988 44.58295 1.5182623863220215 0.24601362645626068
Cyclist 0.0 0 -0.14150434732437134 1109.7275390625 174.5760955810547 1156.0760498046875 214.30416870117188 1.6474813 1.7851609 0.65410805 23.965164 1.8662525 33.15059 0.4844379425048828 0.23421628773212433
Cyclist 0.0 0 -2.1000285148620605 792.9488525390625 174.7997283935547 811.1064453125 201.13507080078125 1.4981141 1.7060617 0.46417055 12.64035 1.8370063 47.6397 -1.8406723737716675 0.16680456697940826
Cyclist 0.0 0 -1.8376277685165405 800.179931640625 176.9708251953125 820.5198364257812 214.98939514160156 1.6163706 1.6208245 0.44883433 8.762751 1.8069216 31.742085 -1.5682754516601562 0.16616418957710266
Car 0.0 0 1.9771969318389893 346.29742431640625 181.5299530029297 415.7394104003906 215.3316650390625 4.389578 1.5153208 1.6809187 -11.291467 1.9731648 35.776066 1.6714766025543213 0.7762134671211243
Car 0.0 0 -1.6501421928405762 554.6325073242188 174.00619506835938 721.4854736328125 332.22271728515625 4.156118 1.5845993 1.7007433 0.09146552 1.6033559 9.386951 -1.640398621559143 0.7098134160041809
Car 0.0 0 1.5687614679336548 589.8362426757812 170.99412536621094 639.4484252929688 217.85333251953125 3.781194 1.4497046 1.5349681 0.10143537 1.3925229 24.212036 1.5729509592056274 0.5885778665542603
Car 0.0 0 1.70110285282135 520.1787719726562 174.53225708007812 567.8204956054688 208.96023559570312 4.2075634 1.5015359 1.6901076 -3.063858 1.5855092 33.81034 1.610730767250061 0.1992373913526535
Car 0.0 0 1.326830506324768 1178.019775390625 201.3339385986328 1242.0 258.6648864746094 3.413795 1.4412973 1.5881923 18.621674 2.3800092 21.888426 2.0317623615264893 0.18299859762191772
Car 0.0 0 1.3417824506759644 714.9403686523438 167.60079956054688 749.3973999023438 189.32513427734375 3.9180536 1.5099025 1.6010092 8.75713 1.1451473 52.15145 1.5081477165222168 0.1808900088071823
