Pedestrian 0.0 0 1.4715547561645508 540.1173095703125 155.21568298339844 568.42138671875 226.59413146972656 0.90098906 1.8774551 0.6737873 -1.3126092 1.1872721 19.391811 1.4039690494537354 0.7799665927886963
Pedestrian 0.0 0 1.8984010219573975 564.77685546875 159.38636779785156 588.2640991210938 205.785400390625 0.888968 1.824853 0.6923498 -1.0106423 0.9561439 28.7746 1.8632926940917969 0.6884014010429382
Pedestrian 0.0 0 -1.9377319812774658 1052.7723388671875 131.15682983398438 1167.33056640625 325.7477111816406 0.8641059 1.7172059 0.61390275 4.7481666 1.2743244 6.829225 -1.330186367034912 0.6668282747268677
Pedestrian 0.0 0 2.064931869506836 466.18267822265625 156.4351806640625 513.6644897460938 238.56275939941406 0.99742365 1.8333135 0.69791555 -2.6041114 1.2750151 16.61892 1.909500241279602 0.6323302388191223
Pedestrian 0.0 0 2.334611654281616 565.5635375976562 160.91932678222656 611.3184204101562 240.8136444091797 0.74401885 1.7316109 0.7058383 -0.32614443 1.2867751 16.07913 2.314330816268921 0.609107255935669
Pedestrian 0.0 0 1.800641655921936 711.2874755859375 148.68820190429688 744.0704345703125 221.19786071777344 0.7709471 1.7992626 0.6664077 3.1899052 0.98625416 18.307394 1.9731510877609253 0.5939438939094543
Pedestrian 0.0 0 -1.7973811626434326 615.7888793945312 162.33102416992188 636.6405029296875 210.44247436523438 0.8564753 1.7885242 0.6100621 0.91225153 1.0769612 27.180008 -1.7638304233551025 0.5596581697463989
Pedestrian 0.0 0 -1.126255750656128 418.28521728515625 174.8166961669922 484.63323974609375 272.6783447265625 0.9827347 1.6215874 0.78333706 -2.6278338 1.5121309 12.469892 -1.3339511156082153 0.5339978933334351
Pedestrian 0.0 0 1.4844985008239746 814.0022583007812 145.78187561035156 860.9730224609375 256.97271728515625 0.9002676 1.7626482 0.65895754 3.8512845 1.1977242 11.897444 1.7975603342056274 0.5210744738578796
Pedestrian 0.0 0 2.1025800704956055 598.2426147460938 160.30752563476562 624.983642578125 207.64768981933594 0.9020802 1.8244715 0.6902236 0.38546887 1.0087409 28.246357 2.1162259578704834 0.5088474750518799
Pedestrian 0.0 0 -1.3497161865234375 500.1618957519531 175.71661376953125 530.3060302734375 243.59324645996094 0.7745628 1.7068666 0.61701 -2.2430334 1.5626173 18.477293 -1.4705191850662231 0.4597805440425873
Pedestrian 0.0 0 1.7797613143920898 352.0301208496094 170.8142852783203 435.3332214355469 334.6334533691406 1.1653886 1.7032316 0.67572373 -2.3481793 1.5934947 8.072042 1.4966713190078735 0.41737139225006104
Pedestrian 0.0 0 1.8207262754440308 14.27048397064209 161.35360717773438 144.4739532470703 374.0 0.5788549 1.6135713 0.61770916 -3.684343 1.484241 5.0425725 1.1897262334823608 0.3995225131511688
Pedestrian 0.0 0 0.8537498712539673 1122.9886474609375 105.64435577392578 1238.0 314.6492004394531 0.8913522 1.8850733 0.7115822 5.6714616 1.2022893 6.9328737 1.5394024848937988 0.3700992166996002
Pedestrian 0.0 0 2.5293309688568115 826.2730712890625 136.7928924560547 884.2907104492188 231.60702514648438 0.86044115 1.8206675 0.65886134 4.980742 0.96343476 14.225236 2.8661253452301025 0.35959675908088684
Pedestrian 0.0 0 1.8767398595809937 530.0864868164062 161.4730682373047 551.9224243164062 204.2830810546875 1.3643632 1.7641537 0.5345 -2.5575957 0.939853 30.323442 1.7925951480865479 0.28808069229125977
Pedestrian 0.0 0 0.26152002811431885 258.4359130859375 184.7623291015625 370.065673828125 290.3836975097656 1.4430934 1.527413 0.65487933 -4.3396554 1.5797403 10.822058 -0.11984893679618835 0.15161673724651337
Cyclist 0.0 0 -1.5361604690551758 132.04176330566406 160.39889526367188 157.33055114746094 237.5247039794922 1.6991708 1.6446822 0.42521492 -10.29548 1.1959375 16.155476 -2.1035380363464355 0.6189401149749756
Cyclist 0.0 0 0.25746282935142517 255.15089416503906 184.06912231445312 373.21142578125 290.0956726074219 1.538323 1.5322785 0.6454643 -4.3353057 1.5737478 10.8139305 -0.1238192692399025 0.4514772593975067
Cyclist 0.0 0 -2.1500914096832275 693.0538330078125 152.24856567382812 773.6749877929688 254.5440673828125 1.7974795 1.7725378 0.57945937 2.378445 1.2669581 13.38475 -1.974229097366333 0.4010722041130066
Cyclist 0.0 0 1.9371757507324219 528.0047607421875 161.549560546875 553.4011840820312 203.90390014648438 1.6296554 1.7423106 0.52434057 -2.5735934 0.92260647 30.402802 1.8527271747589111 0.38575562834739685
Cyclist 0.0 0 1.8047925233840942 349.7972717285156 161.97984313964844 431.5388488769531 331.67205810546875 1.2638229 1.7291462 0.59641916 -2.3488317 1.5316031 7.9639144 1.5179896354675293 0.3139604926109314
Cyclist 0.0 0 -1.1235469579696655 416.8946533203125 173.99423217773438 485.9394836425781 272.55303955078125 1.0489978 1.6325572 0.80405194 -2.63294 1.5095166 12.501038 -1.3311307430267334 0.1612570434808731
Cyclist 0.0 0 -1.9259731769561768 1054.4970703125 131.97984313964844 1167.12939453125 325.7234191894531 0.88518405 1.7080755 0.5973366 4.75837 1.2728797 6.8336196 -1.3177229166030884 0.15047687292099
Cyclist 0.0 0 -1.3497161865234375 500.1618957519531 175.71661376953125 530.3060302734375 243.59324645996094 0.7745628 1.7068666 0.61701 -2.2430334 1.5626173 18.477293 -1.4705191850662231 0.11059775948524475
