Pedestrian 0.0 0 -1.8090167045593262 1024.9805908203125 156.3360137939453 1086.8609619140625 269.31304931640625 1.1435254 1.7451525 0.6013503 7.2014213 1.4903574 11.779114 -1.260277271270752 0.2007705122232437
Pedestrian 0.0 0 -2.399576187133789 1154.383056640625 200.4584503173828 1242.0 293.23468017578125 1.4265416 1.790308 0.71832454 12.318675 2.3985853 15.12954 -1.7162283658981323 0.13269123435020447
Pedestrian 0.0 0 -1.8436009883880615 1139.0709228515625 143.6204071044922 1242.0 301.32977294921875 1.8228611 1.7723846 0.5959947 7.213479 1.4442066 9.061675 -1.1712777614593506 0.10735252499580383
Cyclist 0.0 0 -1.8436009883880615 1139.0709228515625 143.6204071044922 1242.0 301.32977294921875 1.8228611 1.7723846 0.5959947 7.213479 1.4442066 9.061675 -1.1712777614593506 0.5623818635940552
Cyclist 0.0 0 -0.9475956559181213 0.0 192.69174194335938 31.339113235473633 236.21571350097656 1.5954298 1.7112192 0.41049328 -24.832893 2.5563781 29.914251 -1.6404439210891724 0.3334769904613495
Cyclist 0.0 0 -2.399576187133789 1154.383056640625 200.4584503173828 1242.0 293.23468017578125 1.4265416 1.790308 0.71832454 12.318675 2.3985853 15.12954 -1.7162283658981323 0.29897892475128174
Cyclist 0.0 0 -1.8090167045593262 1024.9805908203125 156.3360137939453 1086.8609619140625 269.31304931640625 1.1435254 1.7451525 0.6013503 7.2014213 1.4903574 11.779114 -1.260277271270752 0.1320335417985916
Car 0.0 0 2.221363067626953 0.0 200.35923767089844 139.62973022460938 261.2589111328125 4.4039717 1.4923688 1.6650639 -16.577345 2.4106436 21.873043 1.5728319883346558 0.9417942762374878
Car 0.0 0 1.9576027393341064 285.1531066894531 189.79916381835938 353.2723083496094 224.07284545898438 4.1282287 1.4562714 1.6036491 -13.954462 2.3217905 34.768276 1.575927734375 0.8125452995300293
Car 0.0 0 1.6430248022079468 417.9083557128906 183.90272521972656 442.6549987792969 204.19900512695312 3.6847823 1.4943243 1.644146 -14.240742 2.4006531 57.205997 1.3990459442138672 0.4733729064464569
Car 0.0 0 0.8957353830337524 245.75848388671875 195.00387573242188 300.6767578125 217.9823455810547 3.660924 1.5272987 1.7134488 -24.571253 3.1902122 52.576958 0.4585564136505127 0.2658231258392334
Car 0.0 0 1.3300604820251465 1141.9212646484375 200.0345916748047 1242.0 262.6068420410156 3.9071705 1.4528567 1.6868724 16.736734 2.3141615 20.725157 2.009392023086548 0.24011291563510895
Car 0.0 0 2.0556275844573975 0.0 202.42367553710938 50.15412902832031 242.98741149902344 3.6592345 1.4477047 1.6924574 -25.737583 2.7822669 30.585632 1.3560932874679565 0.234731525182724
Car 0.0 0 1.9788225889205933 271.9624328613281 191.23548889160156 310.3160095214844 210.11036682128906 3.9246745 1.5135683 1.6766274 -28.102503 3.1859226 63.66027 1.563105821609497 0.21297265589237213
