Pedestrian 0.0 0 -0.8765590786933899 0.0 164.17832946777344 83.4610595703125 288.65203857421875 0.946369 1.6720355 0.71762836 -8.183395 1.5558543 10.168628 -1.5542011260986328 0.5794649124145508
Pedestrian 0.0 0 1.681004285812378 1094.5325927734375 119.71880340576172 1156.6092529296875 246.9083251953125 0.9389642 1.8317736 0.67086977 7.78745 1.0668825 10.962454 2.298659324645996 0.5176973938941956
Pedestrian 0.0 0 1.0442492961883545 1179.9735107421875 171.66339111328125 1206.5673828125 208.5369415283203 0.6990335 1.748236 0.74051094 27.932444 1.6921451 34.60827 1.72330641746521 0.5049694180488586
Cyclist 0.0 0 -2.2568304538726807 1196.8802490234375 187.31626892089844 1242.0 248.3603973388672 1.5371263 1.6641283 0.43681064 17.710548 2.0970528 20.805836 -1.551622748374939 0.5310475826263428
Cyclist 0.0 0 -0.8765590786933899 0.0 164.17832946777344 83.4610595703125 288.65203857421875 0.946369 1.6720355 0.71762836 -8.183395 1.5558543 10.168628 -1.5542011260986328 0.14175449311733246
Car 0.0 0 -2.000718832015991 768.4290161132812 196.46408081054688 1166.6654052734375 375.0 4.4421024 1.4984012 1.6496819 2.944922 1.8104547 7.267024 -1.6156995296478271 0.9294792413711548
Car 0.0 0 0.33414289355278015 309.5264892578125 182.0283966064453 459.3677978515625 238.24307250976562 3.9204798 1.5719825 1.5919203 -6.6343284 1.8543026 21.313663 0.03237795829772949 0.9104171991348267
Car 0.0 0 -1.7037370204925537 654.4624633789062 178.3244171142578 718.8844604492188 232.08212280273438 4.568155 1.7868991 1.7608614 2.7000813 2.007708 26.76289 -1.6031882762908936 0.9036844372749329
Car 0.0 0 -1.67473566532135 643.5734252929688 182.07662963867188 682.5916137695312 214.01536560058594 3.8724587 1.5226864 1.6180848 2.669838 2.0273666 37.491432 -1.603643774986267 0.8495562076568604
Car 0.0 0 1.4973723888397217 632.0362548828125 180.4023895263672 659.550048828125 204.37911987304688 3.8575234 1.5454522 1.6062828 2.3987231 2.0859513 49.680096 1.5456182956695557 0.6984386444091797
Car 0.0 0 0.15098536014556885 412.5697021484375 176.4330596923828 518.9649047851562 215.22117614746094 4.597699 1.7255754 1.7586821 -6.61628 1.8958042 33.2605 -0.04537443071603775 0.6830433011054993
Car 0.0 0 -2.5944724082946777 98.06169891357422 192.70826721191406 388.966796875 289.7021179199219 4.3438025 1.5170652 1.6502923 -6.370287 1.89427 12.692343 -3.0596389770507812 0.6052311658859253
Car 0.0 0 -2.7930757999420166 347.4190979003906 187.43333435058594 488.7833251953125 236.89466857910156 4.2012224 1.5227649 1.640246 -6.3160243 2.024508 23.807053 -3.0524022579193115 0.6031279563903809
Car 0.0 0 -2.422600269317627 384.3404846191406 184.18008422851562 495.8173522949219 228.29000854492188 3.8822808 1.4655857 1.589713 -6.27863 1.9057418 26.406048 -2.6560378074645996 0.5838881731033325
Car 0.0 0 -2.4474596977233887 13.408368110656738 179.80563354492188 337.2022705078125 319.2410888671875 3.7534125 1.7378049 1.6259193 -6.0820746 1.8469536 10.1940775 -2.985396385192871 0.5506564378738403
Car 0.0 0 -1.4969677925109863 471.5951232910156 171.91029357910156 510.1558837890625 205.31068420410156 3.7470446 1.6029078 1.6572698 -6.022838 1.557977 36.564384 -1.6602206230163574 0.5283704400062561
Car 0.0 0 -0.7796941995620728 729.8594360351562 201.53285217285156 971.35009765625 303.9515075683594 4.100303 1.4448205 1.5976304 4.219544 2.0150712 12.710594 -0.4591705799102783 0.5107383131980896
