Pedestrian 0.0 0 -2.1347522735595703 1169.9935302734375 143.73385620117188 1242.0 260.86285400390625 0.9943509 1.6946481 0.59169394 9.103137 1.2736893 10.967678 -1.441986322402954 0.4474414885044098
Pedestrian 0.0 0 -2.287355899810791 664.2059326171875 179.09471130371094 690.7640991210938 224.99929809570312 0.7472096 1.7229849 0.6963186 2.5485163 1.9675384 27.723928 -2.1956887245178223 0.4396730363368988
Pedestrian 0.0 0 2.273653030395508 1177.67724609375 95.40795135498047 1242.0 241.668212890625 0.7209454 1.839668 0.6075034 7.963551 0.8659061 9.432161 2.974827289581299 0.4394644498825073
Pedestrian 0.0 0 -0.943082332611084 1184.7088623046875 171.85910034179688 1242.0 276.6451416015625 0.9605692 1.810495 0.6746954 10.946666 1.7936634 12.905698 -0.23963183164596558 0.36449435353279114
Cyclist 0.0 0 -2.1322903633117676 1168.1475830078125 143.62554931640625 1242.0 262.55517578125 1.0326403 1.719381 0.6018805 9.10018 1.2971792 10.979725 -1.4402235746383667 0.29371359944343567
Cyclist 0.0 0 -1.8722479343414307 726.5148315429688 168.2531280517578 742.3486938476562 198.40025329589844 1.6613737 1.7282665 0.43700257 7.2375693 1.4648663 42.21358 -1.7024476528167725 0.2734229564666748
Car 0.0 0 2.0369701385498047 274.13519287109375 182.40574645996094 359.94976806640625 222.91099548339844 4.6321588 1.6863432 1.8015193 -13.526827 2.1623266 33.54325 1.6536520719528198 0.8434473872184753
Car 0.0 0 1.8634216785430908 347.42523193359375 192.21096801757812 380.7881774902344 210.7487030029297 3.7503698 1.430756 1.6857418 -20.960323 3.1339223 61.566128 1.5352779626846313 0.4142938554286957
Car 0.0 0 1.6248359680175781 705.28515625 173.04705810546875 734.452392578125 197.2451629638672 4.4139667 1.5657225 1.7261969 7.4806876 1.5798316 49.057747 1.7761577367782593 0.3379272520542145
Car 0.0 0 1.1110469102859497 700.090576171875 170.9110870361328 738.9520263671875 189.27000427246094 3.9288049 1.4850852 1.6433319 9.114867 1.3282769 60.48523 1.2606172561645508 0.3199034333229065
Car 0.0 0 2.176055908203125 155.10218811035156 183.8837432861328 219.15171813964844 211.79666137695312 3.5572555 1.5385005 1.5483761 -25.187687 2.2249415 43.046986 1.6466487646102905 0.2558090388774872
Car 0.0 0 -1.5928221940994263 614.686279296875 168.00540161132812 641.7314453125 194.7651824951172 4.0478086 1.7133064 1.7100394 1.1485873 1.4032307 48.21947 -1.5690066814422607 0.2501492202281952
Car 0.0 0 -0.086178719997406 53.171993255615234 181.90826416015625 128.29981994628906 209.43980407714844 3.5502784 1.5474033 1.5998224 -31.29394 2.115476 43.47497 -0.7100799679756165 0.23280751705169678
