Pedestrian 0.0 0 2.1019740104675293 799.6748046875 155.03976440429688 822.5537109375 199.32643127441406 0.8123884 1.9442238 0.66385055 8.93482 1.1625212 32.19439 2.3726882934570312 0.3546769320964813
Pedestrian 0.0 0 3.274524450302124 273.3934631347656 187.27882385253906 310.4017028808594 222.7628631591797 1.7089126 1.8141268 0.63859844 -16.721462 2.5826106 37.874237 2.858761787414551 0.16677705943584442
Pedestrian 0.0 0 -1.2635581493377686 0.0 174.27395629882812 60.147151947021484 299.5080261230469 1.6936518 1.7527181 0.5158506 -9.032766 1.7764602 10.997623 -1.951175332069397 0.1404511034488678
Cyclist 0.0 0 -1.2635581493377686 0.0 174.27395629882812 60.147151947021484 299.5080261230469 1.6936518 1.7527181 0.5158506 -9.032766 1.7764602 10.997623 -1.951175332069397 0.5616093873977661
Cyclist 0.0 0 3.274524450302124 273.3934631347656 187.27882385253906 310.4017028808594 222.7628631591797 1.7089126 1.8141268 0.63859844 -16.721462 2.5826106 37.874237 2.858761787414551 0.470159649848938
Car 0.0 0 -1.439820647239685 500.63177490234375 183.4827423095703 553.6354370117188 224.85459899902344 4.081994 1.5262398 1.6489857 -3.3816035 1.9948075 29.726639 -1.5530904531478882 0.9233320951461792
Car 0.0 0 -1.396809458732605 579.120849609375 184.1534423828125 614.3884887695312 209.7184295654297 3.7286365 1.5215412 1.6610426 -0.8459646 2.2834036 46.653347 -1.4149404764175415 0.7041273713111877
Car 0.0 0 1.7771869897842407 358.9576110839844 191.0641326904297 415.4610290527344 228.5543212890625 4.2475553 1.5624774 1.7381331 -10.574045 2.486356 34.395226 1.4789297580718994 0.6928899884223938
Car 0.0 0 2.1210172176361084 268.4570007324219 191.7853240966797 318.5673828125 213.9955596923828 3.915625 1.5021946 1.6543486 -23.804203 2.9825003 54.350536 1.7082077264785767 0.48445937037467957
Car 0.0 0 1.9903757572174072 264.3945007324219 187.07566833496094 307.1075439453125 206.8535919189453 4.1967235 1.529899 1.7314428 -27.343609 2.7726877 60.931816 1.5685555934906006 0.4465758800506592
Car 0.0 0 1.974935531616211 409.1487121582031 189.5900115966797 449.68109130859375 211.78599548339844 3.7799647 1.5168464 1.603246 -13.569937 2.8231049 54.305233 1.730067253112793 0.4463599622249603
Car 0.0 0 -1.0733511447906494 231.5441436767578 174.0459747314453 281.9456481933594 196.23773193359375 4.015073 1.5973377 1.6895136 -26.491909 1.6905999 54.19391 -1.5280274152755737 0.4141874611377716
Car 0.0 0 0.09220728278160095 154.04324340820312 198.34861755371094 212.7843780517578 219.0850067138672 3.949011 1.5160556 1.711304 -34.453022 3.6350899 58.34226 -0.44122204184532166 0.3856167793273926
Car 0.0 0 2.0839054584503174 151.23707580566406 197.37814331054688 217.654052734375 226.0356903076172 3.7517903 1.4878919 1.7620672 -25.067455 3.000236 42.59001 1.5519284009933472 0.3818879723548889
