Pedestrian 0.0 0 0.5231431722640991 67.44448852539062 157.44573974609375 177.750732421875 306.9800109863281 0.95116425 1.7621795 0.5912915 -5.995744 1.5809593 8.829892 -0.07336853444576263 0.26436492800712585
Car 0.0 0 -1.733964443206787 673.0396728515625 183.01841735839844 742.3169555664062 233.98622131347656 3.949379 1.4562178 1.5837286 3.0307066 1.8145994 23.411348 -1.6052258014678955 0.9494852423667908
Car 0.0 0 1.6860255002975464 431.0341796875 176.70925903320312 518.2841796875 251.6638641357422 3.655384 1.562061 1.6135136 -3.1447713 1.6638567 17.10462 1.5042009353637695 0.9014961123466492
Car 0.0 0 -2.1994469165802 841.5020751953125 194.20716857910156 1242.0 375.0 3.9935007 1.4940008 1.6250687 3.1239336 1.7032478 5.0065336 -1.6415876150131226 0.8762562870979309
Car 0.0 0 1.6440722942352295 505.62249755859375 179.45242309570312 549.7426147460938 217.47084045410156 3.75275 1.425541 1.5293196 -3.362905 1.7142096 29.618729 1.5310165882110596 0.8101834058761597
Car 0.0 0 1.689362645149231 528.7034301757812 172.42120361328125 568.1171264648438 205.6445770263672 4.0712657 1.6604215 1.6051906 -3.2358236 1.6391492 38.119556 1.6046794652938843 0.747944176197052
Car 0.0 0 1.4640966653823853 648.4730834960938 176.36471557617188 687.2412109375 207.43377685546875 3.9433048 1.5503668 1.6377596 2.9945123 1.7475135 38.44775 1.5418249368667603 0.6454914212226868
Car 0.0 0 -1.8113425970077515 715.9070434570312 142.7247772216797 913.1376342773438 304.8792419433594 4.907406 2.0799088 1.8285496 2.931439 1.6938076 11.710224 -1.5660518407821655 0.3391348719596863
Car 0.0 0 -1.3593262434005737 558.8242797851562 173.59002685546875 596.7576904296875 197.76329040527344 4.0812917 1.5159757 1.6780676 -2.103425 1.5670156 47.529892 -1.4035521745681763 0.2570361793041229
Car 0.0 0 -1.896687626838684 670.9195556640625 167.3563995361328 705.95849609375 187.3919219970703 3.8301513 1.5417236 1.6334387 6.1925664 1.1190443 57.56592 -1.7895262241363525 0.25632721185684204
