Pedestrian 0.0 0 -2.011037588119507 1024.529296875 146.55992126464844 1071.133544921875 218.2691192626953 0.994501 1.8610009 0.70468813 11.619466 1.1789736 19.253407 -1.4680471420288086 0.5606269836425781
Pedestrian 0.0 0 -2.4077818393707275 1040.032470703125 144.53680419921875 1113.343505859375 213.50804138183594 1.7541226 1.838897 0.61938477 12.956325 1.0842676 20.162355 -1.8366265296936035 0.16762571036815643
Cyclist 0.0 0 -2.407933473587036 1041.6680908203125 146.36412048339844 1112.4107666015625 215.76849365234375 1.6565375 1.8540057 0.63648534 12.964832 1.1467369 20.154509 -1.8363025188446045 0.35520851612091064
Cyclist 0.0 0 -1.8537274599075317 841.03564453125 164.98751831054688 883.2110595703125 234.29075622558594 1.7714713 1.6423575 0.5121114 6.2133203 1.4562945 17.993683 -1.5212408304214478 0.2869887351989746
Cyclist 0.0 0 -1.9841902256011963 1024.08056640625 144.60214233398438 1069.7783203125 216.8430938720703 1.0275071 1.8800533 0.69050944 11.640764 1.1451638 19.328907 -1.4421205520629883 0.1528932899236679
Car 0.0 0 1.2660878896713257 730.0693359375 189.29563903808594 972.5734252929688 350.9852600097656 4.0315413 1.4795223 1.6170872 2.636053 1.7323709 9.045346 1.549660563468933 0.9423502683639526
Car 0.0 0 -1.7770591974258423 682.8446655273438 182.0912628173828 795.5994262695312 267.2648010253906 3.5286028 1.5171654 1.5846022 2.5071888 1.7330163 15.034464 -1.6118170022964478 0.9127665162086487
Car 0.0 0 1.8648340702056885 238.33277893066406 191.76368713378906 450.9979248046875 341.7084655761719 3.7974143 1.5364987 1.6191199 -3.3763947 1.8444144 9.804952 1.5331960916519165 0.9111542105674744
Car 0.0 0 1.381436824798584 663.3231201171875 180.73153686523438 750.9647216796875 246.01487731933594 3.953326 1.5674181 1.6419077 2.506418 1.806461 19.83454 1.5071369409561157 0.8932889103889465
Car 0.0 0 2.8343918323516846 716.0099487304688 176.78622436523438 819.03125 213.09840393066406 4.2514596 1.5841069 1.7023124 7.06427 1.7686725 32.749638 3.046842098236084 0.842808187007904
Car 0.0 0 0.22901670634746552 403.6338806152344 182.793701171875 457.9265441894531 203.51275634765625 3.7188704 1.5208917 1.6133221 -13.556434 2.2848494 54.594887 -0.014370331540703773 0.4005180895328522
Car 0.0 0 1.554275631904602 645.2923583984375 181.66932678222656 670.6038208007812 205.90606689453125 3.8592753 1.5005875 1.6115077 3.1293952 2.11226 48.067223 1.619288444519043 0.38142791390419006
Car 0.0 0 0.0625341385602951 586.8856811523438 179.77557373046875 640.5053100585938 200.7581024169922 3.8687086 1.504922 1.5932189 0.2702874 2.0253248 53.28385 0.06760668754577637 0.3532886207103729
