Car 0.0 0 1.9818603992462158 199.2117156982422 174.89865112304688 385.3199462890625 278.31591796875 4.455495 1.7656554 1.7822506 -6.213162 1.8138473 14.640894 1.580523133277893 0.8998169898986816
Car 0.0 0 1.891019582748413 339.98681640625 182.6693878173828 442.4780578613281 248.98184204101562 4.1153235 1.7021651 1.6617321 -6.336096 2.0194917 21.216215 1.6008073091506958 0.8156961798667908
Car 0.0 0 -1.5994008779525757 632.6683959960938 172.0963592529297 657.032958984375 195.58078002929688 4.073853 1.6775328 1.6846478 2.5268018 1.6237694 53.590096 -1.5522851943969727 0.8153485655784607
Car 0.0 0 -2.234938144683838 844.8489990234375 193.7283935546875 1242.0 375.0 4.03902 1.5330061 1.6418257 2.914751 1.7162629 4.2519546 -1.6340043544769287 0.7810487151145935
Car 0.0 0 1.5799736976623535 523.1322631835938 177.99978637695312 556.232421875 206.90753173828125 4.34195 1.478446 1.7248993 -3.908019 1.779592 39.934875 1.4824244976043701 0.7745357751846313
Car 0.0 0 -0.011750578880310059 1054.0029296875 142.65585327148438 1242.0 202.44451904296875 4.467061 1.5821078 1.6834806 15.615917 0.78337246 21.080868 0.625812292098999 0.73213791847229
Car 0.0 0 1.7451249361038208 435.94775390625 185.4819793701172 488.279296875 222.9178924560547 3.9616592 1.4927412 1.6187471 -6.5516562 2.0903423 32.120686 1.543915033340454 0.6765127778053284
Car 0.0 0 2.2570924758911133 0.0 206.7117156982422 171.20867919921875 375.0 3.811686 1.4752197 1.5956539 -6.102277 1.8870566 6.827825 1.5277485847473145 0.6676362752914429
Car 0.0 0 1.7182674407958984 493.51220703125 181.334716796875 526.5101928710938 205.67416381835938 3.780055 1.4670397 1.5791346 -6.461301 2.0387232 46.70773 1.5808051824569702 0.6160985231399536
Car 0.0 0 -1.8940008878707886 854.2471313476562 156.7308349609375 892.6328735351562 178.44891357421875 3.8541806 1.6485459 1.6919327 20.631104 0.4250475 56.714897 -1.54511296749115 0.5189628005027771
