Pedestrian 0.0 0 -2.1485555171966553 548.439697265625 170.38119506835938 584.884521484375 236.4513702392578 0.7536342 1.7678843 0.7014865 -0.9887241 1.4715341 19.729343 -2.1986279487609863 0.8185220956802368
Pedestrian 0.0 0 2.4424943923950195 690.007568359375 162.6304931640625 806.0328369140625 347.4263000488281 0.9170009 1.7341591 0.69695175 1.4271954 1.558459 7.26521 2.6364669799804688 0.7989578247070312
Pedestrian 0.0 0 1.699845314025879 1017.9236450195312 132.80194091796875 1085.46044921875 276.4457702636719 0.8374478 1.7837478 0.65305364 5.8834596 1.1803606 9.448401 2.256784439086914 0.6921390891075134
Pedestrian 0.0 0 -1.911286473274231 597.2737426757812 171.5470733642578 627.9151000976562 235.92320251464844 0.81832945 1.7044436 0.59039766 0.26533607 1.4420934 19.498537 -1.897679328918457 0.674583375453949
Pedestrian 0.0 0 -1.7294611930847168 631.13623046875 168.93911743164062 650.0323486328125 210.72080993652344 0.8373335 1.6429582 0.6276299 1.5409002 1.1500437 28.693323 -1.6758103370666504 0.6366686820983887
Pedestrian 0.0 0 3.012085199356079 588.1815185546875 171.4654541015625 614.2254638671875 234.29171752929688 0.6774576 1.778536 0.5896726 -0.040823657 1.4956144 20.669287 3.0101101398468018 0.5614115595817566
Pedestrian 0.0 0 2.7637250423431396 643.2938842773438 162.98724365234375 672.7643432617188 218.2270050048828 0.7783447 1.7795762 0.64907974 1.8272567 1.1842753 23.564087 2.8411142826080322 0.4899139106273651
Pedestrian 0.0 0 2.1070492267608643 609.9104614257812 170.80368041992188 637.8189697265625 229.74900817871094 0.6299004 1.7212067 0.59305793 0.6416813 1.410007 21.397673 2.137028694152832 0.4873766601085663
Pedestrian 0.0 0 1.822900414466858 387.7865295410156 166.1092071533203 436.8179016113281 265.4551086425781 0.85322064 1.773709 0.68616647 -3.5155523 1.5001954 13.251525 1.563579797744751 0.4777986705303192
Pedestrian 0.0 0 -2.715355157852173 377.4415588378906 194.85800170898438 435.9128723144531 297.4413146972656 0.714035 1.6415813 0.71375513 -3.2865539 1.8738074 12.007809 -2.982513666152954 0.47031110525131226
Pedestrian 0.0 0 -1.517780065536499 246.07972717285156 206.05206298828125 339.1260681152344 374.0 0.6357118 1.5938555 0.7219829 -2.7577646 1.8269172 6.352134 -1.9273732900619507 0.4645744860172272
Pedestrian 0.0 0 -0.10506454110145569 578.1233520507812 166.9805145263672 599.3128662109375 215.50967407226562 0.7441261 1.8407859 0.70405805 -0.51336175 1.2910662 27.64016 -0.1236354410648346 0.4564148783683777
Pedestrian 0.0 0 -3.07956600189209 659.5473022460938 164.12564086914062 681.3777465820312 210.18650817871094 0.77353054 1.6914226 0.61241907 2.5525167 1.0544527 26.738678 -2.9843928813934326 0.4435497522354126
Pedestrian 0.0 0 -1.5381650924682617 293.25823974609375 192.9137725830078 345.4485778808594 313.4208068847656 0.5667206 1.6176223 0.66514134 -3.995828 1.78533 10.09066 -1.9152121543884277 0.44104689359664917
Pedestrian 0.0 0 -1.5167943239212036 638.6934204101562 169.16844177246094 657.5235595703125 209.1312713623047 0.7193053 1.6289902 0.7398818 1.916136 1.1273156 29.679482 -1.4523228406906128 0.424514502286911
Pedestrian 0.0 0 1.9141552448272705 450.7330322265625 173.31973266601562 468.3408203125 209.21469116210938 0.81591254 1.7375947 0.60893923 -6.9616456 1.3425053 35.21883 1.7190027236938477 0.418552041053772
Pedestrian 0.0 0 -0.6118314266204834 754.4202270507812 150.23086547851562 803.2682495117188 228.2518310546875 0.9322362 1.8125329 0.64276165 4.198021 1.0873148 17.154053 -0.37182381749153137 0.4081189036369324
Pedestrian 0.0 0 -1.8425672054290771 623.3805541992188 169.04656982421875 639.7518310546875 203.07801818847656 0.8047406 1.7591884 0.6634572 1.5685585 1.1162918 37.597725 -1.8008718490600586 0.40639352798461914
Pedestrian 0.0 0 -1.8988183736801147 936.398681640625 135.8428192138672 1014.0343627929688 278.5013732910156 1.1634731 1.7306159 0.5407064 4.7748733 1.1780821 9.326356 -1.4256356954574585 0.40412309765815735
Pedestrian 0.0 0 0.39364418387413025 0.0 109.66799926757812 75.5987777709961 283.0635986328125 0.6507103 1.8700005 0.7191489 -6.5686655 1.0966797 8.180436 -0.2829066812992096 0.39215782284736633
Pedestrian 0.0 0 -1.0196497440338135 344.0722961425781 149.33433532714844 402.9268798828125 250.806884765625 0.8972723 1.814632 0.6754086 -4.2658453 1.2406852 13.359869 -1.328720211982727 0.37992063164711
Pedestrian 0.0 0 1.8848371505737305 511.13037109375 175.094970703125 524.3939208984375 203.67897033691406 0.8946751 1.8056937 0.5950573 -5.3331156 1.4017973 45.872864 1.769098162651062 0.3683275282382965
Pedestrian 0.0 0 0.2151532620191574 340.9839782714844 194.08323669433594 391.3216247558594 302.025146484375 0.62062836 1.6137853 0.6591914 -3.693839 1.8172859 11.180715 -0.10393328964710236 0.35740119218826294
Pedestrian 0.0 0 1.7843401432037354 464.0970458984375 172.10931396484375 496.2935485839844 240.3624267578125 0.89190495 1.7508761 0.66290545 -3.210459 1.5111567 18.885073 1.615950107574463 0.3300711214542389
Pedestrian 0.0 0 2.468317747116089 133.92681884765625 136.2307586669922 204.8506622314453 251.56008911132812 0.7374536 1.8157899 0.67349124 -7.1118503 1.1043508 11.769727 1.9247795343399048 0.3280629515647888
Pedestrian 0.0 0 1.8658291101455688 419.6676940917969 185.24221801757812 465.8775634765625 264.1029052734375 1.6736155 1.6832533 0.56285256 -3.6034827 1.7736689 16.266949 1.6478277444839478 0.13928234577178955
Cyclist 0.0 0 1.8658291101455688 419.6676940917969 185.24221801757812 465.8775634765625 264.1029052734375 1.6736155 1.6832533 0.56285256 -3.6034827 1.7736689 16.266949 1.6478277444839478 0.40230727195739746
Cyclist 0.0 0 -1.8560824394226074 936.4973754882812 133.56582641601562 1011.5311889648438 277.8304138183594 1.2077138 1.7491522 0.54091674 4.7714047 1.1693103 9.35046 -1.3842402696609497 0.3573490083217621
Cyclist 0.0 0 1.7843401432037354 464.0970458984375 172.10931396484375 496.2935485839844 240.3624267578125 0.89190495 1.7508761 0.66290545 -3.210459 1.5111567 18.885073 1.615950107574463 0.14011111855506897
Cyclist 0.0 0 -1.7841014862060547 659.8786010742188 163.90589904785156 680.4778442382812 209.9975128173828 0.7655257 1.6894522 0.61377794 2.5338306 1.0455968 26.743845 -1.6896389722824097 0.1342136263847351
Cyclist 0.0 0 -2.715355157852173 377.4415588378906 194.85800170898438 435.9128723144531 297.4413146972656 0.714035 1.6415813 0.71375513 -3.2865539 1.8738074 12.007809 -2.982513666152954 0.10884810239076614
Cyclist 0.0 0 -1.4302157163619995 760.1386108398438 149.98538208007812 794.1649169921875 228.6032257080078 0.9573118 1.8157824 0.66406155 4.1700773 1.0891188 17.155819 -1.1917692422866821 0.10165531188249588
Cyclist 0.0 0 -1.7945002317428589 632.0218505859375 167.48158264160156 651.9156494140625 210.13882446289062 0.8442025 1.6759363 0.6198567 1.5958776 1.1261849 28.687656 -1.7389280796051025 0.1015041396021843
Car 0.0 0 -1.38823401927948 520.6853637695312 178.9762420654297 551.9652099609375 199.98875427246094 3.813622 1.4686431 1.598735 -4.6736646 1.2928839 52.17746 -1.4775681495666504 0.49715155363082886
