Car 0.0 0 -1.7629289627075195 687.9160766601562 173.666015625 781.9691162109375 237.78744506835938 4.361947 1.5376801 1.671111 3.199373 1.5625372 19.561184 -1.6008071899414062 0.9522565603256226
Car 0.0 0 2.1009840965270996 108.60274505615234 203.76751708984375 337.93865966796875 330.85968017578125 3.6568785 1.542746 1.5621103 -5.951818 2.1173294 11.532224 1.6245369911193848 0.915922999382019
Car 0.0 0 1.8660873174667358 396.6993103027344 191.76075744628906 479.0380554199219 240.83396911621094 4.1835318 1.448842 1.6312027 -5.9140973 2.162728 25.088093 1.6345806121826172 0.8989303708076477
Car 0.0 0 1.8904961347579956 293.5841369628906 200.06825256347656 422.5765380859375 276.0414123535156 4.3013663 1.4604884 1.6761566 -5.9923444 2.205115 17.572111 1.561848521232605 0.8952745795249939
Car 0.0 0 2.2435765266418457 0.0 224.1917724609375 187.09005737304688 375.0 3.6217923 1.4574823 1.5673641 -5.9434133 2.0848773 6.974332 1.5378159284591675 0.8911274075508118
Car 0.0 0 2.533395767211914 970.8875122070312 143.79470825195312 1242.0 238.03396606445312 3.9898536 1.647826 1.6813849 9.106702 1.1400657 13.482563 3.1274495124816895 0.8858746290206909
Car 0.0 0 -1.6988449096679688 673.1192626953125 173.89512634277344 738.963134765625 228.26849365234375 4.2309103 1.7193998 1.7119137 3.1884882 1.7589052 25.01136 -1.572047233581543 0.876470685005188
Car 0.0 0 1.4472020864486694 656.6640014648438 176.88304138183594 699.4981079101562 211.5599365234375 3.888487 1.5596136 1.5818161 3.19544 1.7657208 34.875023 1.5385724306106567 0.8119804859161377
Car 0.0 0 1.8342325687408447 483.0472717285156 184.29458618164062 531.3377075195312 214.26370239257812 4.143355 1.5105474 1.6390171 -5.6935463 2.1820366 40.16798 1.6934272050857544 0.7996165156364441
Car 0.0 0 1.8023256063461304 442.5576477050781 189.2120819091797 500.5442199707031 228.41957092285156 3.9324415 1.490786 1.5932869 -5.9310703 2.2415626 31.098757 1.613871455192566 0.786832869052887
Car 0.0 0 2.5880448818206787 872.1567993164062 155.12037658691406 1049.07177734375 216.78189086914062 3.8208773 1.4941747 1.5700129 8.85455 1.0648135 18.464943 3.0351853370666504 0.7604252099990845
Car 0.0 0 2.5962438583374023 941.845458984375 145.7083740234375 1145.2095947265625 217.2488555908203 3.6023188 1.511879 1.5387563 9.480818 0.938563 16.035505 3.1301965713500977 0.7379124760627747
Car 0.0 0 -0.34497717022895813 814.7634887695312 161.69467163085938 970.614013671875 215.47998046875 3.9371386 1.5111876 1.5953809 8.134706 1.1980059 21.112406 0.0227968692779541 0.7032197713851929
