Pedestrian 0.0 0 2.3554372787475586 0.0 163.44976806640625 58.42964172363281 273.1447448730469 0.901499 1.7667904 0.6475732 -9.986965 1.6156799 12.097925 1.6653333902359009 0.36706608533859253
Pedestrian 0.0 0 0.6812477111816406 205.66835021972656 152.17332458496094 258.7879943847656 234.8678741455078 0.825818 1.7785318 0.6291421 -8.370371 1.3341055 15.904778 0.19679760932922363 0.3036537170410156
Pedestrian 0.0 0 3.3814737796783447 269.8031921386719 191.97877502441406 301.35174560546875 248.30870056152344 0.76776254 1.737754 0.72196853 -10.365768 2.3582919 22.970196 2.957563877105713 0.2723187506198883
Pedestrian 0.0 0 -0.8124114274978638 1093.2666015625 85.86062622070312 1217.4222412109375 264.1736755371094 0.9034748 1.8494824 0.63438916 5.875445 0.94753563 7.8706207 -0.17115190625190735 0.2387421876192093
Cyclist 0.0 0 -1.7297207117080688 1167.7470703125 101.92762756347656 1242.0 309.5985412597656 1.755948 1.7466415 0.57324344 5.8254747 1.1504645 6.966756 -1.0333037376403809 0.25882869958877563
Cyclist 0.0 0 2.32650089263916 0.0 162.2635498046875 55.58723449707031 273.3787841796875 0.9126608 1.7833339 0.66555965 -10.010799 1.6137211 12.053773 1.6334301233291626 0.14707499742507935
Cyclist 0.0 0 3.3498034477233887 266.5256042480469 189.100341796875 299.8344421386719 246.56959533691406 0.8263403 1.7682631 0.7574633 -10.41676 2.29503 22.91706 2.9231789112091064 0.1159612238407135
Car 0.0 0 1.8880112171173096 282.68231201171875 191.28367614746094 473.71337890625 310.1846923828125 4.3798237 1.523221 1.7186092 -3.6649413 1.890065 12.135649 1.5947223901748657 0.9172829985618591
Car 0.0 0 1.7845966815948486 415.8911437988281 176.84005737304688 508.0281677246094 246.35479736328125 4.191058 1.7401057 1.690106 -4.102391 1.864874 20.40903 1.5862314701080322 0.899671196937561
Car 0.0 0 1.664926528930664 518.5235595703125 176.87762451171875 555.8536987304688 207.1619110107422 3.8893611 1.470792 1.5733033 -3.7716727 1.6911925 37.50703 1.5647042989730835 0.6661548018455505
Car 0.0 0 -1.446158766746521 496.6046447753906 163.3619384765625 524.3643798828125 184.13917541503906 4.099893 1.5951389 1.6947453 -7.9094048 0.86675775 57.452255 -1.58296799659729 0.46040982007980347
Car 0.0 0 -1.566935420036316 560.7816162109375 166.7024688720703 580.223388671875 184.7550811767578 4.1110735 1.5920806 1.7132639 -3.6109173 1.0499276 65.72702 -1.6218183040618896 0.35071617364883423
Car 0.0 0 -2.091017246246338 878.8668212890625 165.4770050048828 1242.0 375.0 3.9803813 1.6175331 1.6628376 4.0312667 1.5687444 6.8062887 -1.556289553642273 0.31679949164390564
