Pedestrian 0.0 0 1.2895069122314453 947.4398193359375 157.32095336914062 994.9288940429688 254.1073760986328 0.7599821 1.7361904 0.59674674 6.627084 1.4579105 13.367497 1.7497575283050537 0.41264405846595764
Pedestrian 0.0 0 1.4393616914749146 831.9027099609375 133.16946411132812 864.5175170898438 210.50115966796875 0.9202147 1.9073712 0.668084 5.984688 0.928918 18.307425 1.7553106546401978 0.3514188230037689
Pedestrian 0.0 0 -0.09234315156936646 58.62923812866211 175.15121459960938 103.41226196289062 264.44512939453125 0.65891814 1.7039613 0.59709203 -10.486343 1.7510433 14.230881 -0.7273895144462585 0.288130521774292
Pedestrian 0.0 0 -1.4289376735687256 181.40695190429688 178.51895141601562 215.57579040527344 249.91976928710938 0.72590107 1.7318041 0.64706784 -10.320862 1.877305 18.027147 -1.9489045143127441 0.2847111225128174
Pedestrian 0.0 0 0.5126638412475586 6.393021583557129 132.19674682617188 109.58597564697266 261.6080322265625 1.0584848 1.8687493 0.62178427 -8.289899 1.2820005 10.799215 -0.14203092455863953 0.2768824100494385
Pedestrian 0.0 0 3.1916909217834473 378.5714416503906 150.98550415039062 411.72894287109375 207.9691162109375 1.0705603 1.9337019 0.5550337 -7.444557 1.1919669 24.879257 2.9009430408477783 0.2476644217967987
Pedestrian 0.0 0 -1.1880114078521729 271.2887268066406 158.91555786132812 292.9727783203125 198.42721557617188 0.8982395 1.8693599 0.65991944 -15.754322 1.2102673 34.59771 -1.615311622619629 0.16078777611255646
Cyclist 0.0 0 -1.208245038986206 236.6773681640625 182.81182861328125 252.44671630859375 208.89242553710938 1.5533407 1.6925774 0.4179239 -24.447563 2.369481 48.22479 -1.6774373054504395 0.2320912629365921
Cyclist 0.0 0 -1.656699299812317 770.2070922851562 160.65582275390625 787.8399047851562 207.78140258789062 1.6869725 1.7713704 0.5192801 6.5041265 1.3132201 27.990435 -1.4283815622329712 0.1963367909193039
Cyclist 0.0 0 1.6967436075210571 411.36279296875 178.92074584960938 423.88201904296875 209.0685577392578 1.7587612 1.7247934 0.49841624 -11.370551 2.0905168 42.54645 1.4355964660644531 0.18381895124912262
Cyclist 0.0 0 -1.3980000019073486 178.5333251953125 177.61080932617188 215.89749145507812 250.7753143310547 0.79662716 1.76821 0.68352765 -10.32962 1.8904246 17.990005 -1.9192228317260742 0.11850756406784058
Car 0.0 0 1.735695719718933 506.367431640625 178.24729919433594 559.1259765625 214.98147583007812 3.7659144 1.4443063 1.6474774 -3.2785673 1.689777 30.861042 1.6298562288284302 0.8953090310096741
Car 0.0 0 -1.9023818969726562 205.83067321777344 182.7151336669922 251.71902465820312 206.9940948486328 3.775579 1.5383909 1.6182054 -26.008545 2.2358668 49.124573 -2.389303684234619 0.308645099401474
