Pedestrian 0.0 0 -0.7544541954994202 29.87160301208496 170.98521423339844 68.86895751953125 215.71922302246094 0.9650204 1.7158698 0.73191667 -21.949759 1.6445466 28.20664 -1.4157460927963257 0.4705922603607178
Cyclist 0.0 0 -1.9068617820739746 1194.551513671875 191.45042419433594 1242.0 277.369384765625 1.8598263 1.8368424 0.4619469 14.204937 2.2943976 16.785458 -1.2045403718948364 0.38124802708625793
Car 0.0 0 -1.5237834453582764 545.54736328125 185.17739868164062 597.9473266601562 230.48648071289062 3.4623957 1.3904685 1.6388817 -1.2976427 1.8444177 24.819658 -1.5760186910629272 0.9173001646995544
Car 0.0 0 2.0530033111572266 66.99691009521484 192.13531494140625 188.3018341064453 245.98171997070312 3.80325 1.4416642 1.5825882 -15.058141 2.101471 22.701727 1.4673326015472412 0.8853298425674438
Car 0.0 0 -1.5024101734161377 491.75933837890625 180.25643920898438 530.8772583007812 214.73426818847656 3.8040636 1.5636916 1.6525555 -4.8426113 1.9484575 35.513435 -1.6379343271255493 0.8649082779884338
Car 0.0 0 2.346240520477295 312.153564453125 189.90972900390625 375.28900146484375 215.4862518310547 3.9596326 1.531861 1.6630154 -17.763401 2.7229028 48.22218 1.993298888206482 0.5703834891319275
Car 0.0 0 1.2243118286132812 675.9354858398438 187.77859497070312 725.0645751953125 213.7893829345703 4.1941986 1.4579637 1.7259167 5.579799 2.4404743 45.243702 1.347019910812378 0.3965960741043091
Car 0.0 0 1.3330349922180176 954.173828125 193.968505859375 1023.5272216796875 233.40965270996094 3.96665 1.4890188 1.7973865 16.487068 2.4788961 31.670721 1.8130089044570923 0.3856739103794098
Car 0.0 0 -0.7617067098617554 798.7876586914062 186.64617919921875 855.223388671875 209.95230102539062 3.5779426 1.4725032 1.5530875 14.671981 2.4356992 48.865635 -0.4700191617012024 0.3792303204536438
Car 0.0 0 1.7690742015838623 11.510261535644531 204.19444274902344 70.07327270507812 236.0555419921875 3.8715875 1.4527262 1.7700328 -30.881556 3.2485683 39.20712 1.1019082069396973 0.36627060174942017
Car 0.0 0 -1.0499809980392456 829.4710083007812 195.3424072265625 899.124267578125 229.4982452392578 3.6319332 1.4869925 1.6559241 12.540024 2.653792 35.60962 -0.7113896608352661 0.366020530462265
Car 0.0 0 0.9958763122558594 849.7451782226562 185.40382385253906 897.8272094726562 206.39974975585938 3.781905 1.4884132 1.6912335 20.250107 2.4913847 55.609142 1.3451014757156372 0.3572743833065033
