Pedestrian 0.0 0 1.1965508460998535 682.7139282226562 178.114013671875 693.5100708007812 199.31800842285156 0.858523 1.7708608 0.6371043 6.579165 2.2195723 61.001923 1.3039873838424683 0.4285343885421753
Pedestrian 0.0 0 -2.9892678260803223 750.6527099609375 174.96095275878906 763.2628784179688 201.83901977539062 0.73594433 1.7649857 0.6106082 9.71842 1.9063039 47.856514 -2.7889180183410645 0.23803390562534332
Cyclist 0.0 0 1.156931757926941 682.00439453125 178.82713317871094 693.8873291015625 199.60118103027344 0.9573385 1.733078 0.67095506 6.572053 2.2436323 61.069946 1.264134407043457 0.12920796871185303
Cyclist 0.0 0 -2.160989761352539 749.9378662109375 174.9363555908203 764.4467163085938 201.6757049560547 0.8358818 1.751973 0.5740827 9.727546 1.8918508 47.84555 -1.9604122638702393 0.11060620099306107
Car 0.0 0 2.0789034366607666 185.0304718017578 184.52256774902344 280.3282470703125 226.66885375976562 4.3477774 1.5900252 1.6767114 -15.919347 2.1213338 30.631983 1.5996227264404297 0.8466076254844666
Car 0.0 0 1.9674725532531738 410.7956848144531 178.99644470214844 451.830322265625 200.15902709960938 3.8014445 1.4748178 1.6075674 -13.213451 1.9472132 53.44475 1.7250972986221313 0.6575167775154114
Car 0.0 0 1.9968886375427246 373.4551696777344 180.0485076904297 415.38165283203125 201.24124145507812 3.7820716 1.4926921 1.595095 -16.153938 2.052726 54.145477 1.706952452659607 0.4707682430744171
Car 0.0 0 1.911239743232727 292.0506896972656 176.184814453125 336.4049987792969 199.69886779785156 3.9384515 1.5639329 1.656668 -20.694918 1.8069762 50.562416 1.5227466821670532 0.38085994124412537
Car 0.0 0 1.9563604593276978 241.8175811767578 176.02940368652344 292.9371032714844 202.48260498046875 3.379717 1.5061299 1.6148723 -20.500156 1.7043692 43.22792 1.5135371685028076 0.3283923268318176
Car 0.0 0 -0.4546680450439453 621.1531372070312 184.4188232421875 676.2916259765625 206.0111083984375 3.8669567 1.549949 1.6312865 2.920911 2.4546127 54.911163 -0.40152475237846375 0.2575553357601166
Car 0.0 0 -1.024803638458252 91.18272399902344 176.5822296142578 179.88912963867188 217.13182067871094 3.5180132 1.6214685 1.5826852 -20.293373 1.7910511 30.96286 -1.6049727201461792 0.24736271798610687
