Pedestrian 0.0 0 1.4128750562667847 733.75439453125 166.63916015625 764.1488647460938 235.54598999023438 0.90134203 1.8505921 0.6846657 3.7630115 1.6840419 19.835781 1.6003553867340088 0.6863560676574707
Cyclist 0.0 0 -1.7379812002182007 774.1633911132812 161.88861083984375 806.5455932617188 227.5549774169922 1.7831054 1.7829516 0.5980969 5.0569534 1.4855807 20.499586 -1.4961243867874146 0.6430986523628235
Car 0.0 0 1.7428877353668213 341.89996337890625 181.17941284179688 451.6812438964844 263.729248046875 3.7496285 1.4604739 1.5675466 -4.3665805 1.6576419 15.10501 1.4614776372909546 0.9264751672744751
Car 0.0 0 2.6813650131225586 619.1340942382812 170.80076599121094 703.16845703125 199.90887451171875 4.754894 1.6799517 1.7498068 3.045767 1.5618083 43.3535 2.7515039443969727 0.7517181634902954
Car 0.0 0 -0.7055407762527466 498.67864990234375 175.13829040527344 577.3106079101562 204.4020538330078 4.2542825 1.5155526 1.6632994 -3.955924 1.6486111 39.80394 -0.804600715637207 0.6865410208702087
Car 0.0 0 3.6251931190490723 102.1744613647461 182.3748321533203 221.50485229492188 220.10964965820312 4.16103 1.5869541 1.702081 -19.737337 2.0206668 31.842045 3.0703046321868896 0.6543930172920227
Car 0.0 0 -1.2700111865997314 401.5349426269531 171.1381072998047 444.6150207519531 198.07571411132812 4.2502465 1.8634518 1.8335665 -13.458103 1.745109 52.077347 -1.5229036808013916 0.44687044620513916
Car 0.0 0 -2.7983899116516113 332.7716979980469 179.1255645751953 394.3125915527344 203.00328063964844 3.7831311 1.6413541 1.6180695 -17.372313 2.0911608 50.87039 -3.1274735927581787 0.4410080313682556
Car 0.0 0 1.0978890657424927 347.39947509765625 182.89413452148438 455.6348876953125 233.01107788085938 4.6032124 1.5462203 1.7450418 -7.475663 1.9321878 25.438656 0.8120653629302979 0.37045496702194214
Car 0.0 0 -2.702867269515991 293.5753479003906 186.63014221191406 340.8594665527344 205.31051635742188 3.3451579 1.5143878 1.53753 -24.596312 2.6883903 60.61131 -3.088366985321045 0.3534657657146454
Car 0.0 0 -1.7600300312042236 88.84235382080078 188.561767578125 186.4049530029297 247.8202667236328 3.8594847 1.4391556 1.6082035 -13.521657 1.9280298 20.494026 -2.3432533740997314 0.346629798412323
