Pedestrian 0.0 0 -1.805535078048706 1002.0162353515625 148.0640869140625 1023.4574584960938 193.9807891845703 0.63162893 1.899118 0.65462726 16.829042 0.8741635 30.232517 -1.297597885131836 0.4081859886646271
Pedestrian 0.0 0 1.9735034704208374 816.4151611328125 163.0634765625 840.9016723632812 207.80996704101562 0.66521686 1.7848444 0.7506055 8.830375 1.3946788 29.273735 2.2664718627929688 0.36590027809143066
Pedestrian 0.0 0 2.2377140522003174 476.1255798339844 152.04440307617188 499.6833801269531 198.70150756835938 0.68800336 1.9300371 0.7008511 -5.169251 1.069577 30.314291 2.068816661834717 0.3347643315792084
Pedestrian 0.0 0 2.429661750793457 643.18798828125 172.31027221679688 676.8023681640625 233.711181640625 0.7763274 1.7995907 0.6395747 1.4520247 1.7840124 21.633596 2.49668025970459 0.2736133933067322
Pedestrian 0.0 0 -3.2510576248168945 915.1552734375 182.6422882080078 939.3634033203125 233.65390014648438 0.70562935 1.7416338 0.654716 11.034553 2.0896914 25.209986 -2.8384745121002197 0.24372173845767975
Pedestrian 0.0 0 -0.43622344732284546 717.9027709960938 169.87953186035156 773.248779296875 219.896728515625 1.835573 1.7830096 0.75805604 4.8959384 1.6773341 26.314695 -0.2522733509540558 0.14125995337963104
Pedestrian 0.0 0 1.850576639175415 3.4638335704803467 190.35939025878906 28.65508460998535 225.72596740722656 1.4550653 1.6658669 0.5801607 -29.283167 2.5475693 35.541637 1.1614245176315308 0.12066099047660828
Cyclist 0.0 0 1.7972742319107056 5.58244514465332 189.3283233642578 29.156679153442383 224.9519500732422 1.5645658 1.6811266 0.56434333 -29.297672 2.5140984 35.637737 1.1092040538787842 0.32208746671676636
Cyclist 0.0 0 2.825148344039917 721.7636108398438 165.60302734375 776.7017822265625 216.16708374023438 1.8165083 1.7990645 0.7335452 4.993096 1.5414337 26.149008 3.013824939727783 0.29971930384635925
Cyclist 0.0 0 -0.3374045193195343 831.3490600585938 166.9092559814453 880.6919555664062 209.0880126953125 1.871708 1.7871811 0.7126049 10.4962435 1.5356504 30.935877 -0.010302314534783363 0.2591906487941742
Cyclist 0.0 0 -3.5485644340515137 1095.3267822265625 153.9324493408203 1196.2230224609375 229.76388549804688 1.8491851 1.7752165 0.6496702 12.8470545 1.3326203 17.41441 -2.9129655361175537 0.23282018303871155
Cyclist 0.0 0 1.694774866104126 26.74110221862793 183.5182342529297 47.96245574951172 220.4316864013672 1.5829724 1.7521993 0.6301656 -28.259764 2.2907624 35.572132 1.0234360694885254 0.22616221010684967
Car 0.0 0 -2.313246250152588 0.0 177.66827392578125 259.6702575683594 303.8463439941406 4.7127647 2.063676 1.7900234 -9.176799 2.162126 13.301795 -2.9171559810638428 0.8263951539993286
Car 0.0 0 1.373518466949463 322.95086669921875 185.1746368408203 406.6119384765625 238.5480194091797 4.1395497 1.4466903 1.7045708 -7.872355 1.8741798 22.794754 1.040984869003296 0.8104110956192017
Car 0.0 0 1.5210144519805908 250.28402709960938 185.0117950439453 309.807861328125 236.04100036621094 3.6129227 1.4069703 1.5168539 -10.51299 1.8240029 22.773787 1.088533878326416 0.7669322490692139
Car 0.0 0 -0.49264195561408997 945.188720703125 182.56585693359375 1068.9222412109375 224.81488037109375 3.65282 1.4773933 1.5838304 14.41842 1.8440148 26.4036 0.0071849822998046875 0.5282819867134094
Car 0.0 0 -1.4325206279754639 561.7130737304688 153.74237060546875 624.4616088867188 205.02011108398438 3.9585855 1.6287942 1.6386629 -0.5487691 1.0220875 24.977293 -1.4544878005981445 0.25645712018013
Car 0.0 0 -2.7062668800354004 384.841064453125 153.78636169433594 488.4443359375 191.2239227294922 4.2048345 1.6095734 1.632631 -7.758003 0.79014575 32.234833 -2.942446708679199 0.24887627363204956
