Pedestrian 0.0 0 1.1141386032104492 800.697021484375 170.63235473632812 835.253173828125 237.3955535888672 0.86949617 1.8076063 0.59714913 5.712912 1.7478135 20.013683 1.392194151878357 0.7387560606002808
Pedestrian 0.0 0 1.5846740007400513 795.1161499023438 169.04177856445312 810.9845581054688 209.8794708251953 0.85258496 1.7958891 0.67426604 8.587201 1.6286001 32.22945 1.845064401626587 0.3740716576576233
Pedestrian 0.0 0 -2.0944085121154785 1171.8939208984375 173.70870971679688 1242.0 319.679931640625 0.8835687 1.7775732 0.63815784 7.794468 1.7895082 9.280156 -1.3958032131195068 0.2979167699813843
Pedestrian 0.0 0 -1.6492336988449097 678.69189453125 174.14886474609375 689.75830078125 201.31468200683594 1.7482607 1.7865078 0.60117304 4.9434967 1.8753312 48.412663 -1.54747474193573 0.1986730545759201
Cyclist 0.0 0 -1.6242382526397705 678.823974609375 174.10235595703125 689.5194091796875 201.2642364501953 1.781215 1.7858251 0.6173966 4.9411516 1.8715322 48.42413 -1.52255117893219 0.5076395869255066
Cyclist 0.0 0 -1.5244266986846924 674.7301025390625 180.5189208984375 679.5227661132812 199.1863555908203 1.565108 1.6092738 0.35019115 5.9037576 2.2943587 63.65492 -1.4319449663162231 0.28065401315689087
Car 0.0 0 0.748317301273346 1176.1160888671875 185.2823028564453 1242.0 212.52798461914062 3.8935559 1.5634102 1.6607246 38.006855 2.3789964 45.2915 1.446484923362732 0.5608827471733093
Car 0.0 0 -3.696953773498535 1037.4923095703125 190.8695831298828 1134.218994140625 220.00067138671875 4.2069125 1.5263133 1.6666363 26.146936 2.542342 39.787857 -3.1155624389648438 0.5277161002159119
Car 0.0 0 0.834890604019165 1102.5081787109375 184.8887176513672 1168.4036865234375 208.13475036621094 3.8683531 1.5567986 1.7124726 38.065563 2.4651482 52.420567 1.4629567861557007 0.42947012186050415
Car 0.0 0 -2.308089017868042 0.0 192.5496063232422 49.1374626159668 265.43707275390625 3.587567 1.5187601 1.6050681 -15.238384 1.995889 16.506367 -3.053565263748169 0.4189460575580597
Car 0.0 0 1.757897973060608 28.664487838745117 191.9691162109375 88.73799896240234 228.00538635253906 3.7188911 1.4755026 1.5637203 -25.697618 2.4217348 33.688457 1.1062538623809814 0.3899979889392853
Car 0.0 0 2.027547836303711 244.12493896484375 183.26560974121094 294.9816589355469 206.23281860351562 4.0926304 1.5524901 1.7323315 -24.822424 2.3430457 52.698658 1.587347149848938 0.3424859941005707
Car 0.0 0 0.9025171995162964 908.0293579101562 191.64871215820312 964.3031616210938 214.71450805664062 3.7641165 1.4780452 1.6926149 23.223564 2.8747993 51.574394 1.325614333152771 0.2636338174343109
Car 0.0 0 1.6362569332122803 501.8431396484375 188.85360717773438 528.3082885742188 209.65077209472656 3.8782406 1.4071552 1.7108904 -7.077955 2.6462653 53.870834 1.5056177377700806 0.2539360523223877
Car 0.0 0 1.8902074098587036 285.1153869628906 179.39837646484375 321.7801513671875 199.33651733398438 3.8730114 1.5221089 1.5964234 -24.78043 2.0701504 58.385807 1.488823413848877 0.24917642772197723
