Cyclist 0.0 0 1.9780830144882202 504.2967834472656 176.48204040527344 525.9676513671875 208.243896484375 1.5973105 1.6310567 0.548003 -5.034057 1.8271713 38.085857 1.8466682434082031 0.5555078387260437
Car 0.0 0 -1.8626798391342163 719.1671142578125 177.6326141357422 904.8949584960938 303.7497253417969 3.6173923 1.5076616 1.5792388 2.688325 1.5904596 10.603772 -1.614385962486267 0.944236159324646
Car 0.0 0 -1.7306898832321167 658.640380859375 180.10501098632812 722.6478881835938 226.89877319335938 3.504998 1.4269032 1.5912739 2.6008399 1.68998 24.347479 -1.6242717504501343 0.942743718624115
Car 0.0 0 0.6625828742980957 0.0 177.46566772460938 330.2978210449219 318.9483337402344 4.133413 1.613388 1.6494734 -6.0358334 1.679535 9.290526 0.08643531799316406 0.875307559967041
Car 0.0 0 3.4428844451904297 281.6946105957031 180.12440490722656 460.17828369140625 239.8765106201172 4.3285146 1.5417255 1.6471726 -6.4635344 1.749073 19.681381 3.125572681427002 0.8343222737312317
Car 0.0 0 -0.14429470896720886 712.0859985351562 176.9901885986328 825.265625 219.53292846679688 4.300584 1.6648259 1.7360814 6.354181 1.8397846 29.442804 0.06825971603393555 0.8143195509910583
Car 0.0 0 0.4949471950531006 92.94510650634766 178.0604705810547 370.19464111328125 282.9897155761719 3.7675717 1.6054674 1.5875833 -6.1738133 1.6980217 11.946755 0.017967939376831055 0.8135022521018982
Car 0.0 0 0.31347477436065674 340.3527526855469 176.5015869140625 493.13653564453125 234.12783813476562 4.1805964 1.6686794 1.6691399 -5.8509173 1.7848109 21.954483 0.05302596092224121 0.7140376567840576
Car 0.0 0 0.4594116806983948 128.08802795410156 142.05267333984375 374.63763427734375 240.84042358398438 4.0391383 1.8417089 1.7218971 -7.0226007 1.2678347 14.316711 0.003378629684448242 0.7063844203948975
Car 0.0 0 1.6059859991073608 467.9914245605469 172.7248077392578 507.3222961425781 208.15408325195312 4.20506 1.5092409 1.6229361 -5.5632052 1.504096 32.924965 1.438600778579712 0.6056430339813232
Car 0.0 0 0.3959929645061493 204.6487579345703 180.80322265625 398.536376953125 249.19964599609375 3.897962 1.5216682 1.6024144 -7.229075 1.7188253 17.049387 -0.005037086550146341 0.5866077542304993
Car 0.0 0 -1.6876521110534668 626.9139404296875 175.04537963867188 653.251708984375 195.49435424804688 4.0145297 1.582549 1.6650422 2.3730705 1.766383 58.34452 -1.6470011472702026 0.5721137523651123
