Pedestrian 0.0 0 -0.5799961686134338 840.555908203125 147.19729614257812 949.1104736328125 332.8833923339844 0.67410123 1.6188669 0.66609114 2.649073 1.3211889 6.6537004 -0.20109835267066956 0.7620872259140015
Pedestrian 0.0 0 -2.328026533126831 1061.06494140625 139.63169860839844 1238.0 374.0 0.78604174 1.5924183 0.6221943 3.661299 1.3333373 4.892766 -1.6856087446212769 0.7542831897735596
Pedestrian 0.0 0 1.7426820993423462 547.0333862304688 175.5520782470703 588.3478393554688 252.59332275390625 0.9012672 1.7332458 0.817167 -0.80664074 1.6006469 16.655754 1.6942898035049438 0.7149595022201538
Pedestrian 0.0 0 -0.41567885875701904 0.0 177.98321533203125 113.63825988769531 374.0 0.6690611 1.534717 0.6520173 -3.738751 1.5156676 4.624761 -1.0955331325531006 0.7065728306770325
Pedestrian 0.0 0 2.587801456451416 608.6625366210938 178.89401245117188 651.7777099609375 250.60728454589844 0.87849057 1.7998607 0.6933374 0.7078993 1.7356387 18.544344 2.6259562969207764 0.7047277688980103
Pedestrian 0.0 0 2.815488576889038 728.847900390625 174.99359130859375 803.6696166992188 292.7375183105469 0.97282183 1.78987 0.70278794 2.5386577 1.6922674 11.317706 3.036144733428955 0.559764564037323
Pedestrian 0.0 0 2.7704339027404785 603.0075073242188 181.61773681640625 636.3831787109375 244.58424377441406 0.737082 1.7175982 0.66879416 0.47434363 1.7220964 20.033499 2.794106960296631 0.5304124355316162
Pedestrian 0.0 0 1.2514879703521729 723.9072265625 175.67356872558594 747.1446533203125 219.7095489501953 0.8879401 1.7791449 0.6930874 5.485244 1.5447409 29.506311 1.4352904558181763 0.5273270010948181
Pedestrian 0.0 0 3.247098207473755 114.79963684082031 181.53994750976562 169.9504852294922 280.6644287109375 0.79282874 1.7669145 0.699273 -8.517846 1.7689365 13.292284 2.6772096157073975 0.5110000371932983
Pedestrian 0.0 0 -2.828101396560669 674.2841186523438 177.60223388671875 701.2393188476562 224.47491455078125 0.8525424 1.8194915 0.80739266 3.4016814 1.6692052 28.426744 -2.70900297164917 0.5056442022323608
Pedestrian 0.0 0 -0.1486642062664032 385.0615539550781 184.3662109375 410.354248046875 236.78643798828125 0.6814538 1.6402802 0.69873047 -6.5485826 1.73492 22.983742 -0.42623159289360046 0.35652002692222595
Pedestrian 0.0 0 1.4927366971969604 737.458251953125 172.5832977294922 754.5901489257812 213.94778442382812 0.75834674 1.804638 0.6838614 6.3736024 1.4165795 31.754082 1.6908221244812012 0.35026106238365173
Pedestrian 0.0 0 1.4228469133377075 805.5159301757812 188.01405334472656 844.476806640625 270.9974365234375 0.7519105 1.6171508 0.6431211 4.4578 1.7535442 14.481815 1.7214629650115967 0.3481919765472412
Pedestrian 0.0 0 -0.7670735716819763 61.37443923950195 155.62351989746094 151.65692138671875 242.57469177246094 1.7315636 1.8097541 0.57052267 -10.911655 1.2724109 15.853711 -1.3698844909667969 0.17059412598609924
Pedestrian 0.0 0 -0.17032966017723083 581.4122924804688 179.06825256347656 606.544189453125 203.75631713867188 1.7902609 1.8270602 0.6611506 -0.54142326 1.6476824 53.644176 -0.18042217195034027 0.11626391857862473
Cyclist 0.0 0 -0.7670735716819763 61.37443923950195 155.62351989746094 151.65692138671875 242.57469177246094 1.7315636 1.8097541 0.57052267 -10.911655 1.2724109 15.853711 -1.3698844909667969 0.5275958180427551
Cyclist 0.0 0 -0.17032966017723083 581.4122924804688 179.06825256347656 606.544189453125 203.75631713867188 1.7902609 1.8270602 0.6611506 -0.54142326 1.6476824 53.644176 -0.18042217195034027 0.49743834137916565
Cyclist 0.0 0 -1.9592117071151733 140.8664093017578 162.92271423339844 238.4030303955078 290.7869567871094 1.9655654 1.8798937 0.63998705 -6.6105833 1.6080756 11.412353 -2.4842326641082764 0.4478757083415985
Cyclist 0.0 0 1.2534570693969727 723.7518920898438 176.0433807373047 747.495849609375 220.20201110839844 0.9345822 1.7821609 0.7001629 5.487135 1.5629394 29.497784 1.4373735189437866 0.11235161125659943
Cyclist 0.0 0 1.4228469133377075 805.5159301757812 188.01405334472656 844.476806640625 270.9974365234375 0.7519105 1.6171508 0.6431211 4.4578 1.7535442 14.481815 1.7214629650115967 0.11197062581777573
Cyclist 0.0 0 -0.2882416248321533 731.2484741210938 171.39572143554688 804.833251953125 290.4742736816406 0.9739591 1.8174344 0.6853653 2.5703447 1.6645213 11.334663 -0.06524454057216644 0.10961810499429703
Car 0.0 0 -0.9941012859344482 67.4883804321289 140.1885223388672 201.85360717773438 197.3135223388672 3.9603438 1.6426758 1.6520175 -14.553733 0.45586935 22.638245 -1.565456748008728 0.6635571122169495
Car 0.0 0 1.7458443641662598 490.3030090332031 178.2982635498047 571.5174560546875 240.7816162109375 4.3321867 1.6935334 1.7027454 -2.0402708 1.6079135 21.695023 1.6520768404006958 0.5919190049171448
Car 0.0 0 -1.6357671022415161 669.8887329101562 170.26132202148438 710.195556640625 203.35169982910156 3.9759004 1.4818215 1.6365206 4.1514454 0.9794844 34.195694 -1.514955759048462 0.42055419087409973
Car 0.0 0 1.8358561992645264 385.96649169921875 159.70091247558594 528.1634521484375 274.3357849121094 4.394149 2.0409043 1.7970909 -2.8525019 1.6540759 15.046472 1.6485002040863037 0.3762984573841095
Car 0.0 0 3.004668712615967 659.8734741210938 175.40988159179688 718.0012817382812 198.09934997558594 3.7828658 1.534659 1.6100038 6.001052 1.1234028 49.419098 3.1255087852478027 0.36838415265083313
