Pedestrian 0.0 0 3.1780779361724854 402.7275390625 178.1178741455078 422.7655334472656 219.10035705566406 0.8209278 1.759096 0.6776792 -8.647127 1.9923761 31.500763 2.9101717472076416 0.5879035592079163
Pedestrian 0.0 0 3.3467800617218018 253.53799438476562 190.8134765625 300.5335388183594 287.1424560546875 0.69280046 1.7426875 0.6190688 -6.3037333 2.0904088 13.572632 2.9119791984558105 0.2044542282819748
Pedestrian 0.0 0 -1.4331657886505127 437.8668212890625 178.18572998046875 449.7727966308594 203.1989288330078 0.9064117 1.7407596 0.70174897 -11.748413 2.1208248 50.900093 -1.6600064039230347 0.15174858272075653
Cyclist 0.0 0 -1.1593390703201294 280.4345703125 190.70281982421875 308.1720886230469 232.8219451904297 1.7009147 1.8058691 0.50891644 -14.247028 2.6314356 32.505394 -1.5724185705184937 0.1613806039094925
Cyclist 0.0 0 -1.536590814590454 422.76727294921875 175.11349487304688 429.2914123535156 198.64552307128906 1.632831 1.7461746 0.42397362 -13.930294 1.9199821 54.543114 -1.7866450548171997 0.1387653648853302
Cyclist 0.0 0 -0.2653208374977112 377.07244873046875 173.07215881347656 416.19610595703125 213.14089965820312 1.6692128 1.8500931 0.60304815 -10.093728 1.8609471 34.01576 -0.5537812113761902 0.13346242904663086
Cyclist 0.0 0 -0.8772726058959961 118.45892333984375 200.76568603515625 173.30960083007812 262.0203552246094 1.5822059 1.6962484 0.4770991 -13.871058 2.5612204 21.534004 -1.4495220184326172 0.11570150405168533
Cyclist 0.0 0 -0.919903039932251 351.8282165527344 180.90589904785156 386.8025817871094 223.4551544189453 1.5969757 1.7593604 0.57759655 -10.367236 2.1151884 31.002237 -1.242615818977356 0.11301667988300323
Cyclist 0.0 0 -1.2255587577819824 467.06243896484375 174.75747680664062 479.77032470703125 197.31503295898438 1.5903435 1.7396253 0.47044435 -10.733853 1.8914821 56.602848 -1.4129679203033447 0.11137094348669052
Car 0.0 0 1.659521222114563 465.0955505371094 177.1453857421875 491.2840270996094 198.6868896484375 3.8675227 1.5287879 1.5934983 -9.855674 1.8622115 53.999336 1.478993535041809 0.27264347672462463
Car 0.0 0 0.6534260511398315 0.0 224.21099853515625 134.63214111328125 311.95086669921875 3.4215395 1.4337076 1.5464586 -11.2471895 2.4620876 13.603699 -0.0374288447201252 0.1957768350839615
Car 0.0 0 2.1508731842041016 331.6369323730469 158.07351684570312 434.8370056152344 209.5983123779297 3.5988865 1.5705013 1.5422587 -7.458782 1.1203431 23.932047 1.8487491607666016 0.17540507018566132
Car 0.0 0 1.7494374513626099 438.0901184082031 180.66175842285156 468.15264892578125 201.1988983154297 3.7707825 1.4850839 1.618556 -12.062382 2.1071696 55.54025 1.5355759859085083 0.12059678137302399
Car 0.0 0 2.107982873916626 289.92010498046875 194.76646423339844 359.31939697265625 225.96063232421875 3.7655492 1.4250185 1.6872425 -14.887377 2.6325715 37.754 1.7323776483535767 0.11666540056467056
