Cyclist 0.0 0 -1.4584897756576538 810.4990844726562 142.2905731201172 829.5575561523438 193.78176879882812 1.6753931 1.8505217 0.4977142 7.766551 0.752473 26.797321 -1.1763931512832642 0.37487468123435974
Car 0.0 0 -1.8741767406463623 746.4409790039062 176.7414093017578 964.0255126953125 313.4928894042969 3.9771972 1.4736327 1.5989136 3.006533 1.5379887 9.880892 -1.5788003206253052 0.9452924132347107
Car 0.0 0 -1.701305627822876 702.2399291992188 176.8105010986328 795.1639404296875 254.52481079101562 3.3792815 1.5171385 1.5629791 2.9121418 1.6146321 15.98527 -1.521105170249939 0.9143396019935608
Car 0.0 0 1.9281808137893677 334.2403564453125 191.37921142578125 446.5362243652344 256.46856689453125 4.1142535 1.5446262 1.6968262 -6.110978 2.1237288 20.429642 1.637528657913208 0.8208748698234558
Car 0.0 0 -1.5967096090316772 640.9950561523438 175.8959197998047 667.8742065429688 200.8062744140625 3.7775972 1.5277491 1.6289965 2.8049016 1.7327913 46.632454 -1.5366328954696655 0.8029628992080688
Car 0.0 0 1.8060095310211182 483.26654052734375 184.6451416015625 526.7233276367188 212.4601287841797 4.2206216 1.5165131 1.6462086 -6.2826824 2.261035 43.358486 1.6621102094650269 0.7634892463684082
Car 0.0 0 0.8448207974433899 880.9432983398438 176.2427978515625 1242.0 375.0 3.9517765 1.505748 1.5902753 2.7784226 1.5311135 3.3232322 1.5411663055419922 0.6830521821975708
Car 0.0 0 1.9281387329101562 322.65911865234375 197.199462890625 386.8550720214844 232.2506561279297 3.9160504 1.4700359 1.6677608 -12.324493 2.7170687 34.9724 1.5893218517303467 0.4850919544696808
Car 0.0 0 1.7353911399841309 501.2362060546875 187.2535400390625 535.3543090820312 210.96371459960938 4.117436 1.447933 1.6324011 -6.170342 2.4616363 48.685715 1.6093250513076782 0.44221341609954834
Car 0.0 0 -1.8392298221588135 434.2632141113281 174.85531616210938 470.36358642578125 196.26312255859375 4.1186438 1.5830654 1.6997906 -12.297333 1.7448711 55.986385 -2.0554449558258057 0.4385756254196167
