Pedestrian 0.0 0 -1.6286344528198242 712.4276123046875 163.7300567626953 752.9187622070312 257.9098815917969 0.8987422 1.706555 0.6933191 2.4132552 1.3858287 13.501101 -1.4517573118209839 0.7392188310623169
Pedestrian 0.0 0 -1.4564850330352783 416.2081604003906 168.9183349609375 458.5155029296875 265.61669921875 0.87584084 1.7051941 0.6617681 -3.0278819 1.4846015 13.13684 -1.6830166578292847 0.6819146275520325
Pedestrian 0.0 0 -1.5108100175857544 523.3277587890625 172.80606079101562 540.353515625 215.7494659423828 0.85615414 1.702777 0.63376474 -2.8145595 1.3590536 28.92007 -1.6078264713287354 0.5891649723052979
Pedestrian 0.0 0 -1.8646701574325562 741.9344482421875 160.16407775878906 765.2185668945312 208.94383239746094 0.8105117 1.8317615 0.661067 5.7787533 1.0315938 27.404236 -1.656844139099121 0.5760543942451477
Pedestrian 0.0 0 1.5706120729446411 213.26205444335938 148.66534423828125 244.4615936279297 229.99049377441406 0.9127976 1.8942193 0.6512805 -8.99873 1.1306424 17.284004 1.0905897617340088 0.5582221746444702
Pedestrian 0.0 0 -1.7944228649139404 728.7245483398438 164.82247924804688 752.1856689453125 215.6421661376953 0.6519405 1.7759053 0.686859 4.895506 1.1941689 25.437054 -1.6042917966842651 0.553596019744873
Pedestrian 0.0 0 -1.7477669715881348 461.15679931640625 179.0142059326172 476.4301452636719 208.15850830078125 0.98880607 1.7151034 0.7326266 -7.915945 1.5695896 42.862164 -1.9303929805755615 0.5403258204460144
Pedestrian 0.0 0 1.666410207748413 319.4679870605469 201.62159729003906 358.98736572265625 304.26239013671875 0.833693 1.6692212 0.56380844 -4.5341353 2.0295317 12.340232 1.3142952919006348 0.5379137396812439
Pedestrian 0.0 0 -1.664766550064087 671.4016723632812 165.8860626220703 708.931884765625 260.45745849609375 0.8643854 1.7071927 0.6124779 1.6043624 1.4266007 13.4044485 -1.5456444025039673 0.5355077981948853
Pedestrian 0.0 0 -1.4384663105010986 664.951904296875 173.06858825683594 677.8631591796875 199.9168701171875 0.7972674 1.7389241 0.7427729 4.589461 1.1935323 46.995625 -1.3411178588867188 0.495733380317688
Pedestrian 0.0 0 -1.9469729661941528 751.8551635742188 166.6663360595703 776.6666870117188 215.13621520996094 0.8342434 1.699287 0.59744805 5.7835274 1.1803012 25.639294 -1.7251133918762207 0.4762963354587555
Pedestrian 0.0 0 -1.4468637704849243 312.1863098144531 165.60972595214844 329.49127197265625 206.2128143310547 0.8265492 1.87652 0.6600701 -13.161207 1.1430577 33.677876 -1.819411277770996 0.46692967414855957
Pedestrian 0.0 0 1.4253050088882446 774.2556762695312 155.4002227783203 799.6889038085938 214.80953979492188 0.90084213 1.8281838 0.64804256 5.7985907 1.026138 22.584604 1.676626205444336 0.3349180519580841
Pedestrian 0.0 0 -1.407233715057373 788.13818359375 151.9884033203125 812.8754272460938 205.88873291015625 1.6450028 1.7626499 0.55017376 6.735487 0.79865116 24.350374 -1.137373924255371 0.19913503527641296
Cyclist 0.0 0 1.7165236473083496 571.5645751953125 167.0206756591797 602.22216796875 228.7092742919922 1.801338 1.7975781 0.6819983 -0.45245293 1.3767911 21.86551 1.6958340406417847 0.8802066445350647
Cyclist 0.0 0 -2.001807928085327 985.9478149414062 60.21428680419922 1238.0 374.0 1.6600925 1.7156514 0.508431 2.060527 1.3717891 2.905312 -1.384915828704834 0.7742654085159302
Cyclist 0.0 0 1.3653321266174316 613.4163818359375 170.82919311523438 637.5173950195312 216.2303466796875 1.7250919 1.7469859 0.6140467 0.9233399 1.3374048 28.540655 1.3976725339889526 0.711793065071106
Cyclist 0.0 0 1.3294848203659058 564.2987060546875 169.45909118652344 588.4265747070312 215.14938354492188 1.6460639 1.8332165 0.6179861 -1.0649507 1.3511034 29.695068 1.2936372756958008 0.7097285389900208
Cyclist 0.0 0 -1.7162275314331055 696.09423828125 166.0901641845703 724.40625 222.9095916748047 1.8419533 1.7361649 0.6249995 3.4199605 1.2664212 22.868622 -1.567779541015625 0.47301629185676575
Cyclist 0.0 0 -0.8119577169418335 724.6063842773438 177.12176513671875 798.04296875 251.8330078125 1.8882028 1.7578043 0.6456087 3.9183772 1.6559963 17.694279 -0.5940259099006653 0.4653944671154022
Cyclist 0.0 0 -1.3892590999603271 248.8187713623047 187.1183624267578 319.3990173339844 315.0285339355469 1.7393142 1.6865273 0.6402281 -4.625484 1.7769288 10.469709 -1.8052703142166138 0.3724897801876068
Cyclist 0.0 0 -1.407233715057373 788.13818359375 151.9884033203125 812.8754272460938 205.88873291015625 1.6450028 1.7626499 0.55017376 6.735487 0.79865116 24.350374 -1.137373924255371 0.3667210340499878
Cyclist 0.0 0 -0.23375512659549713 663.4193115234375 173.14710998535156 679.6407470703125 199.5676727294922 0.9212052 1.7193412 0.7035046 4.6072793 1.1764647 47.15479 -0.1363588273525238 0.18801993131637573
Cyclist 0.0 0 -2.8744730949401855 460.7456970214844 177.4337615966797 478.6622314453125 207.42153930664062 0.89181536 1.771021 0.7244678 -7.846378 1.5316457 42.820053 -3.0557031631469727 0.11437085270881653
Cyclist 0.0 0 -1.8377095460891724 740.6513061523438 161.71588134765625 763.7462158203125 209.66806030273438 0.87724257 1.8039972 0.65473366 5.741443 1.0607343 27.479422 -1.6317365169525146 0.11139854043722153
