Pedestrian 0.0 0 -1.911147117614746 933.51953125 139.6652069091797 987.5892944335938 233.6759033203125 1.2656257 1.7964674 0.57973105 6.943848 1.1626146 14.4455595 -1.4630658626556396 0.18360434472560883
Cyclist 0.0 0 -1.7006815671920776 1169.3536376953125 61.785980224609375 1242.0 264.89208984375 1.6347328 1.8523428 0.57839763 6.165611 0.83975226 7.423254 -1.0075700283050537 0.6414406895637512
Cyclist 0.0 0 -1.8590866327285767 733.2247924804688 151.1713409423828 762.9219970703125 204.8787384033203 1.7850089 1.8456821 0.5499767 4.8583617 1.1009045 25.709045 -1.6723144054412842 0.54133540391922
Cyclist 0.0 0 -1.911147117614746 933.51953125 139.6652069091797 987.5892944335938 233.6759033203125 1.2656257 1.7964674 0.57973105 6.943848 1.1626146 14.4455595 -1.4630658626556396 0.23080942034721375
Car 0.0 0 1.7681437730789185 355.08587646484375 184.66233825683594 512.7879028320312 301.7478332519531 4.335819 1.5128366 1.6655005 -2.7302268 1.7446699 11.951563 1.543556571006775 0.9166710376739502
Car 0.0 0 1.729841947555542 494.4031982421875 171.39996337890625 568.6536254882812 229.4155731201172 4.3122387 1.681216 1.694294 -2.4503589 1.6394382 23.104721 1.6241824626922607 0.85194331407547
Car 0.0 0 2.2623019218444824 0.0 53.90009307861328 316.49566650390625 375.0 3.6048384 1.5098441 1.5821091 -2.9501102 1.2435311 3.4316068 1.5522105693817139 0.7950227856636047
Car 0.0 0 -1.0935323238372803 642.0712280273438 174.69842529296875 696.6927490234375 204.44224548339844 3.2995303 1.5038823 1.5668344 3.1710973 1.6073456 38.51805 -1.011389970779419 0.7127408981323242
Car 0.0 0 -2.316985845565796 855.2571411132812 181.06031799316406 1242.0 375.0 3.75076 1.492685 1.6050415 2.4640548 1.5483564 2.947598 -1.6207032203674316 0.4865057170391083
Car 0.0 0 1.6824032068252563 442.0796203613281 167.4063720703125 534.189208984375 251.2196807861328 4.232311 1.7956734 1.7399861 -2.88672 1.6793175 17.613604 1.5199558734893799 0.26201021671295166
