Pedestrian 0.0 0 -0.9336016774177551 1064.2213134765625 130.3134307861328 1143.4671630859375 243.57012939453125 0.89942294 1.8637395 0.72968334 8.400991 1.1640546 12.363749 -0.3367767333984375 0.5333799123764038
Pedestrian 0.0 0 -1.8629794120788574 1139.7705078125 117.93563079833984 1213.8519287109375 238.37478637695312 0.9796161 1.8446865 0.6820971 9.054505 1.0038961 11.628472 -1.2013932466506958 0.3337600529193878
Pedestrian 0.0 0 3.3417751789093018 286.78875732421875 144.3092803955078 377.89459228515625 295.34228515625 1.0110434 1.9004972 0.6448837 -3.6776457 1.5416677 9.479864 2.971705913543701 0.15973852574825287
Pedestrian 0.0 0 0.7254446744918823 201.7821502685547 140.65786743164062 289.7313232421875 288.8331604003906 0.79118973 1.8114856 0.61997485 -4.6966524 1.4182366 9.217769 0.2542088031768799 0.1418635994195938
Pedestrian 0.0 0 -1.7689390182495117 1196.067138671875 131.90621948242188 1242.0 253.86325073242188 1.246323 1.7983032 0.61873865 9.684621 1.1948705 11.331524 -1.0617446899414062 0.13115403056144714
Pedestrian 0.0 0 -2.010061502456665 1101.650634765625 155.12257385253906 1164.825439453125 247.18551635742188 1.0304693 1.7708057 0.64394283 10.3987255 1.4301045 14.44146 -1.3859986066818237 0.1297549456357956
Pedestrian 0.0 0 0.35149240493774414 444.08056640625 137.29885864257812 527.1029052734375 273.45550537109375 1.0346117 1.9005734 0.63150483 -1.84668 1.4046266 10.470871 0.1769239902496338 0.12445202469825745
Pedestrian 0.0 0 1.2202644348144531 1018.7244873046875 119.62488555908203 1062.9432373046875 201.59146118164062 0.87604284 1.8634866 0.6237285 10.021737 0.65369606 16.88912 1.755805253982544 0.11367969959974289
Pedestrian 0.0 0 0.15414337813854218 606.6468505859375 130.25587463378906 665.7123413085938 242.4517059326172 0.94700545 1.906744 0.67586786 0.41804108 1.183156 12.679744 0.18710064888000488 0.11174269020557404
Cyclist 0.0 0 2.1499228477478027 554.5299682617188 145.84292602539062 678.4108276367188 297.0562438964844 1.7163107 1.7949111 0.8305556 0.07283858 1.4746459 9.50649 2.1575846672058105 0.5660794377326965
Cyclist 0.0 0 -1.7689390182495117 1196.067138671875 131.90621948242188 1242.0 253.86325073242188 1.246323 1.7983032 0.61873865 9.684621 1.1948705 11.331524 -1.0617446899414062 0.184562087059021
Cyclist 0.0 0 -1.8708409070968628 1136.7127685546875 114.71588897705078 1212.5576171875 237.79498291015625 1.0565131 1.89012 0.6822104 9.066945 0.9976536 11.692372 -1.2112447023391724 0.17338936030864716
Cyclist 0.0 0 -1.6562480926513672 1078.623291015625 126.02013397216797 1137.1329345703125 240.53298950195312 1.1127957 1.8498421 0.72471386 8.420795 1.093645 12.315657 -1.0565135478973389 0.12281603366136551
Car 0.0 0 -1.7344006299972534 829.2670288085938 135.8787078857422 889.2992553710938 177.00885009765625 3.9222333 1.5725305 1.7002281 10.119454 0.15921074 29.658064 -1.405583143234253 0.19002661108970642
