Pedestrian 0.0 0 1.6213364601135254 943.765625 186.32945251464844 975.759033203125 268.265869140625 1.762714 1.7854493 0.5910884 8.175556 2.119249 16.93615 2.0710713863372803 0.10312519967556
Cyclist 0.0 0 -1.7228511571884155 770.3170776367188 177.5729217529297 808.2125854492188 254.0571746826172 2.0578146 1.8717052 0.64755726 4.6049094 2.0021713 18.837843 -1.4831029176712036 0.49627354741096497
Cyclist 0.0 0 -1.8931841850280762 634.394287109375 183.85739135742188 651.412109375 218.82835388183594 1.4769882 1.6180658 0.36402896 1.5323765 2.158014 34.620354 -1.848950743675232 0.3317728638648987
Cyclist 0.0 0 -1.5258427858352661 945.28759765625 187.110107421875 976.119873046875 267.0892333984375 1.7048002 1.7424163 0.57784164 8.188934 2.0946653 16.920115 -1.0750961303710938 0.2434903234243393
Car 0.0 0 1.8494455814361572 382.1597900390625 181.0391387939453 451.5452880859375 220.22801208496094 4.3737717 1.4944217 1.7041733 -8.138171 1.8673226 30.635036 1.5897934436798096 0.8710522055625916
Car 0.0 0 2.2183432579040527 0.0 206.54910278320312 141.28770446777344 374.1888122558594 3.9153023 1.4611864 1.5766584 -7.9223323 1.980386 9.100405 1.5020407438278198 0.8245274424552917
Car 0.0 0 -1.0477474927902222 947.0579223632812 195.5140380859375 1025.6485595703125 231.92141723632812 3.7387114 1.5229799 1.634566 17.704971 2.6438627 33.982906 -0.5674442052841187 0.3686177134513855
Car 0.0 0 -2.4040403366088867 0.0 192.14288330078125 87.39366912841797 220.25003051757812 3.7668962 1.473213 1.5511656 -31.3855 2.5665276 39.972485 -3.0696775913238525 0.3143230676651001
Car 0.0 0 1.3316929340362549 1012.3330688476562 206.38040161132812 1114.9117431640625 272.1006164550781 3.6250105 1.5051552 1.6351029 12.71196 2.5507631 20.51583 1.8864121437072754 0.3018323481082916
Car 0.0 0 -1.0909039974212646 992.4888305664062 187.30274963378906 1034.561279296875 205.48187255859375 3.8175395 1.4989716 1.6875727 35.80105 2.816723 64.03186 -0.5810912251472473 0.29061412811279297
Car 0.0 0 2.289715051651001 714.68359375 188.3287811279297 762.288818359375 208.59042358398438 4.0498743 1.5827672 1.7469673 10.9105215 2.9393344 61.284813 2.4658989906311035 0.2904551029205322
Car 0.0 0 1.386997103691101 931.3829345703125 202.1303253173828 1007.7605590820312 253.99102783203125 3.8141968 1.4447386 1.630024 12.045004 2.5217545 24.475958 1.8443174362182617 0.25440171360969543
Car 0.0 0 0.8118768930435181 1095.4656982421875 194.55458068847656 1198.1309814453125 230.2605438232422 3.9351487 1.5034386 1.7565444 25.828247 2.6167512 34.942554 1.4484062194824219 0.24259507656097412
Car 0.0 0 2.1406781673431396 122.38297271728516 189.9638671875 239.8965606689453 239.84437561035156 3.9047854 1.4937882 1.6393732 -14.71692 2.1327374 24.94591 1.607678771018982 0.23372481763362885
