Pedestrian 0.0 0 1.514066457748413 828.6798706054688 139.11642456054688 870.9636840820312 247.86781311035156 0.9108982 1.782383 0.6311338 4.036196 1.2297981 12.344043 1.8300838470458984 0.3121173083782196
Pedestrian 0.0 0 -1.6200306415557861 935.947509765625 153.55194091796875 970.752197265625 242.83810424804688 1.3219551 1.7201952 0.5668162 6.8889365 1.3486778 14.617568 -1.1796236038208008 0.29613804817199707
Cyclist 0.0 0 -1.6146676540374756 935.0712890625 152.87130737304688 969.8152465820312 243.24905395507812 1.3757613 1.7407695 0.57127976 6.8804703 1.3562402 14.639648 -1.1753159761428833 0.30834493041038513
Cyclist 0.0 0 -1.1363346576690674 555.3229370117188 158.66578674316406 574.967529296875 191.42112731933594 1.6169063 1.7511749 0.43206063 -2.4763362 0.99299836 39.40399 -1.199096918106079 0.30805695056915283
Cyclist 0.0 0 1.4782421588897705 829.9605712890625 134.2177276611328 876.0220947265625 248.02981567382812 0.92443466 1.8469409 0.6525295 4.0505753 1.2203099 12.230202 1.79806649684906 0.1687665581703186
Car 0.0 0 -1.4154573678970337 506.0399169921875 180.75387573242188 591.0638427734375 242.00299072265625 4.636482 1.4862534 1.6945463 -1.6603425 1.7370182 20.493368 -1.4962992668151855 0.902583658695221
Car 0.0 0 -1.4673571586608887 554.6165771484375 179.20616149902344 605.270263671875 219.1623077392578 4.213496 1.4644023 1.6259788 -1.1897695 1.7415166 29.280178 -1.507968783378601 0.8199178576469421
Car 0.0 0 -2.1499483585357666 874.9494018554688 164.51443481445312 1242.0 375.0 3.9558315 1.524825 1.6187468 3.4793913 1.4855802 5.407532 -1.578202724456787 0.7463513016700745
Car 0.0 0 -1.6745374202728271 690.0320434570312 172.90744018554688 733.1321411132812 206.32244873046875 3.7715902 1.4730685 1.6006209 4.6517706 1.4760656 33.723083 -1.5374622344970703 0.744618833065033
Car 0.0 0 -1.358722448348999 675.894287109375 172.69496154785156 710.6322631835938 194.18418884277344 4.0691013 1.4554887 1.6230029 5.903367 1.4450737 51.055176 -1.243606448173523 0.6370013952255249
Car 0.0 0 -1.7190310955047607 708.153564453125 181.0292205810547 785.2536010742188 238.17530822753906 4.0172787 1.5002241 1.6599677 3.929112 1.7678922 21.555609 -1.538732647895813 0.4924072325229645
Car 0.0 0 0.3431917726993561 251.14588928222656 187.4289093017578 446.4375305175781 257.0234375 3.8244295 1.4573834 1.5715855 -5.818 1.8014534 16.224957 -0.001109167467802763 0.3376948833465576
