Pedestrian 0.0 0 -0.33682990074157715 829.54443359375 169.7394256591797 850.3877563476562 208.1987762451172 0.7630856 1.7951382 0.65122944 10.79765 1.6501195 34.012623 -0.0294326301664114 0.5099654197692871
Cyclist 0.0 0 -1.648819923400879 1210.3231201171875 136.022705078125 1242.0 226.9028778076172 1.7834696 1.7544628 0.48409873 12.64644 1.0437839 14.7900505 -0.9413933753967285 0.48333102464675903
Cyclist 0.0 0 -1.7099354267120361 1151.377685546875 162.01585388183594 1192.686279296875 246.72238159179688 1.7223642 1.7145681 0.45843711 11.9720955 1.4955481 15.463412 -1.051112413406372 0.4832944869995117
Car 0.0 0 -1.8186781406402588 731.7371215820312 182.7490997314453 871.229248046875 283.7079162597656 3.7687151 1.5905197 1.616684 3.3825798 1.8036244 13.622522 -1.575292706489563 0.9483091235160828
Car 0.0 0 -1.73581862449646 707.3438720703125 177.18997192382812 799.7947998046875 248.62351989746094 3.9867907 1.6359752 1.6927279 3.5596652 1.7612827 18.777973 -1.5484756231307983 0.9151016473770142
Car 0.0 0 -2.8315694332122803 342.0679931640625 182.03810119628906 492.0014953613281 237.1910858154297 4.2705917 1.6486675 1.7017411 -6.0778904 1.9519649 22.840874 -3.091639995574951 0.913128674030304
Car 0.0 0 3.485079288482666 239.50259399414062 181.51544189453125 453.0035400390625 253.12733459472656 4.4690857 1.6026825 1.7209415 -6.217353 1.82022 17.22219 3.1386313438415527 0.9123236536979675
Car 0.0 0 0.6114221811294556 23.304948806762695 176.52273559570312 392.6572570800781 310.3235778808594 4.479993 1.7115204 1.7218541 -5.6882787 1.7703283 10.390049 0.11052060127258301 0.8366813063621521
Car 0.0 0 -1.733338713645935 677.0353393554688 183.27174377441406 725.4286499023438 219.65887451171875 3.6998992 1.4777094 1.5555463 3.9776206 1.9709508 32.255116 -1.6106406450271606 0.8041268587112427
Car 0.0 0 -2.8885374069213867 402.5595703125 180.03797912597656 518.10595703125 223.83102416992188 4.006496 1.5863271 1.6421139 -5.659733 1.8681964 27.3532 -3.092571258544922 0.6505494117736816
Car 0.0 0 -2.4103012084960938 0.0 169.74510192871094 257.26287841796875 354.5265197753906 3.7023063 1.4738721 1.5792674 -5.5184474 1.4494325 6.607187 -3.1061513423919678 0.524817943572998
Car 0.0 0 -2.9196290969848633 448.1612548828125 173.73208618164062 542.9931030273438 210.24082946777344 3.9250815 1.5813435 1.6162751 -5.1068077 1.6220617 32.228462 -3.0767788887023926 0.5205912590026855
Car 0.0 0 -0.20869868993759155 896.2633666992188 171.10906982421875 1058.22998046875 233.27850341796875 3.7850018 1.6358607 1.6587994 10.12345 1.5903047 20.26241 0.2546427249908447 0.4995027482509613
