Pedestrian 0.0 0 -2.460705041885376 954.4012451171875 153.05149841308594 1031.078125 272.2557678222656 0.74689883 1.6060568 0.5863537 5.463978 1.2240908 10.133176 -1.9661785364151 0.781423807144165
Pedestrian 0.0 0 2.212186574935913 1043.2054443359375 119.12236022949219 1238.0 374.0 0.69443184 1.5769465 0.59504133 2.5733986 1.3157356 3.4044542 2.859447717666626 0.6798273921012878
Pedestrian 0.0 0 -2.929431438446045 522.2635498046875 182.8009796142578 554.3935546875 233.89964294433594 0.9698308 1.7122301 0.68514794 -2.169334 1.7583759 24.487587 -3.017789840698242 0.44094833731651306
Pedestrian 0.0 0 -2.853034496307373 558.648193359375 176.7861785888672 577.9232788085938 208.2423095703125 0.9076201 1.6756607 0.58563054 -1.785125 1.4253962 38.656113 -2.899181365966797 0.34875279664993286
Pedestrian 0.0 0 -0.17070364952087402 467.24957275390625 175.89476013183594 491.9068908691406 227.5931854248047 0.7401678 1.7441092 0.61013764 -4.2074075 1.5560879 24.642271 -0.33981239795684814 0.23855751752853394
Pedestrian 0.0 0 0.46842071413993835 466.3271484375 177.22483825683594 490.5036926269531 228.26739501953125 0.66370714 1.783607 0.5609337 -4.3811564 1.6352808 25.464096 0.2980365753173828 0.1821153610944748
Car 0.0 0 -1.7647393941879272 684.4073486328125 169.2852020263672 766.06201171875 232.05128479003906 3.8241606 1.7030969 1.66808 3.557 1.3728188 21.4245 -1.600215196609497 0.9278409481048584
Car 0.0 0 -1.5639352798461914 656.78369140625 180.6350555419922 686.3946533203125 208.34185791015625 3.8357651 1.5156953 1.6154454 4.0417886 1.4692007 41.285416 -1.466347575187683 0.4028259217739105
Car 0.0 0 -1.4689514636993408 546.0542602539062 176.04135131835938 579.5697021484375 204.98455810546875 3.1497524 1.5550612 1.5629777 -2.1271958 1.2626132 40.20336 -1.5218130350112915 0.179352805018425
Car 0.0 0 -1.3826886415481567 556.4893188476562 178.5393524169922 589.5810546875 202.07611083984375 3.6743493 1.5106747 1.5530882 -1.8498496 1.3213565 48.03518 -1.4211798906326294 0.16288723051548004
Car 0.0 0 1.3985177278518677 535.117919921875 179.58583068847656 562.0406494140625 198.3098907470703 3.852806 1.5747448 1.6955092 -4.5979066 1.4142207 62.48611 1.3250672817230225 0.14570258557796478
