Cyclist 0.0 0 3.236595392227173 384.2400817871094 175.91600036621094 424.7145690917969 215.5546875 1.720061 1.7775384 0.6851393 -9.404558 1.9197197 32.923344 2.958354949951172 0.4142165184020996
Cyclist 0.0 0 0.9820510745048523 460.41741943359375 188.0210418701172 487.1173095703125 221.6664276123047 1.6681547 1.7309456 0.57332784 -7.338036 2.560144 38.63153 0.7943379878997803 0.31332314014434814
Car 0.0 0 -1.7908282279968262 619.6635131835938 197.09591674804688 704.9140014648438 261.61834716796875 3.4213114 1.4913145 1.6089089 1.2985681 2.2196848 19.851652 -1.7255077362060547 0.9676182866096497
Car 0.0 0 -2.1975722312927246 817.4098510742188 183.99554443359375 1242.0 375.0 3.3657658 1.4790522 1.5174752 2.8501954 1.586767 5.1858587 -1.6950292587280273 0.948555588722229
Car 0.0 0 -0.9181846380233765 686.4121704101562 192.23841857910156 772.9146728515625 231.65599060058594 3.8941143 1.5075766 1.7100426 5.221998 2.4060948 31.473124 -0.7537631988525391 0.8570392727851868
Car 0.0 0 2.3732712268829346 553.2084350585938 193.96994018554688 629.2591552734375 230.295654296875 3.584868 1.5698309 1.6256596 -0.9159417 2.6537921 35.175976 2.347238302230835 0.8460413813591003
Car 0.0 0 -1.0375754833221436 753.9303588867188 189.2322540283203 829.2218017578125 224.9976806640625 4.0322704 1.5154818 1.6679293 8.673113 2.3435235 34.44066 -0.7908773422241211 0.8102638125419617
Car 0.0 0 -1.028507113456726 819.1085815429688 188.51417541503906 880.4703369140625 221.94190979003906 3.3627412 1.5787221 1.4888281 12.377987 2.4244215 37.287205 -0.7079900503158569 0.7269927263259888
Car 0.0 0 -0.09402322769165039 977.2240600585938 185.80348205566406 1086.415283203125 222.26226806640625 4.031836 1.4772764 1.6528502 18.524153 2.0798466 31.958702 0.43128204345703125 0.394391804933548
Car 0.0 0 -2.1007742881774902 115.9510269165039 188.85081481933594 197.4075164794922 225.49595642089844 3.4813752 1.5246387 1.5970306 -20.6835 2.2867808 32.84688 -2.6627421379089355 0.2965371012687683
Car 0.0 0 2.0014781951904297 861.592041015625 185.1321563720703 919.2616577148438 216.1311798095703 3.5899127 1.5752107 1.6272469 15.517953 2.28659 39.947773 2.3719935417175293 0.2889358103275299
