Car 0.0 0 1.9537723064422607 176.16921997070312 197.94696044921875 417.5720520019531 350.38848876953125 3.5608904 1.5154638 1.6639656 -3.897762 1.9098226 9.542154 1.5659786462783813 0.9683088660240173
Car 0.0 0 -1.6971346139907837 659.4053344726562 180.38748168945312 719.881103515625 230.095947265625 3.5375447 1.5498039 1.6174959 2.621835 1.8279737 24.819878 -1.5918904542922974 0.951555609703064
Car 0.0 0 2.789903402328491 757.1996459960938 167.82757568359375 883.0973510742188 213.78529357910156 4.2549257 1.6753862 1.672514 7.8456416 1.4925059 27.287441 3.0698702335357666 0.9038582444190979
Car 0.0 0 -1.363938331604004 422.62646484375 186.66656494140625 482.91009521484375 227.47171020507812 3.9076164 1.4781095 1.6319115 -6.3714414 2.0792007 29.419212 -1.5772186517715454 0.8750643730163574
Car 0.0 0 -3.5577926635742188 835.516845703125 169.3489990234375 1044.5206298828125 234.5959930419922 4.3980417 1.5415468 1.7296574 8.021757 1.4590948 17.919693 -3.136894464492798 0.870556652545929
Car 0.0 0 1.8627233505249023 299.024658203125 196.3462677001953 409.7929382324219 267.19171142578125 3.857551 1.4652199 1.5741385 -6.3397913 2.1215014 18.181955 1.5272196531295776 0.8285316824913025
Car 0.0 0 2.465597152709961 0.0 210.183349609375 200.8075714111328 375.0 4.008264 1.4834775 1.6272268 -3.562559 1.7319415 2.777757 1.557045817375183 0.7191963195800781
Car 0.0 0 2.529691696166992 1030.8798828125 152.27749633789062 1145.49560546875 186.74880981445312 4.227641 1.5624756 1.7300099 22.184843 0.6301659 33.627632 3.11286997795105 0.6850066184997559
Car 0.0 0 -0.5494576692581177 994.8915405273438 157.68478393554688 1100.9366455078125 189.10205078125 4.4153996 1.5707651 1.6748434 22.312563 0.81270915 36.922253 -0.005873531103134155 0.5605041980743408
Car 0.0 0 1.8105106353759766 475.1821594238281 185.55673217773438 518.8862915039062 215.3946075439453 3.8148136 1.5317043 1.574373 -6.348733 2.2829058 40.679184 1.6556912660598755 0.559506356716156
Car 0.0 0 -0.6444615721702576 1086.5765380859375 152.60684204101562 1209.4835205078125 190.2332000732422 3.908072 1.5326246 1.6758381 22.437351 0.7082602 30.237225 -0.006071748211979866 0.5145599842071533
