Car 0.0 0 -1.787753939628601 706.0482177734375 184.99473571777344 849.4810180664062 280.50457763671875 4.1423464 1.3817172 1.5999153 2.7755172 1.6364896 13.040491 -1.5780447721481323 0.9798862338066101
Car 0.0 0 -1.6898009777069092 678.480712890625 179.6683349609375 746.4977416992188 231.52880859375 4.166544 1.4108791 1.5677416 3.0190868 1.6414007 22.272877 -1.5550721883773804 0.9574360847473145
Car 0.0 0 0.41045594215393066 171.26551818847656 165.70960998535156 429.5420227050781 250.63504028320312 4.375176 1.5730901 1.6821009 -6.0104747 1.4411111 14.226904 0.010728120803833008 0.956561803817749
Car 0.0 0 1.611986517906189 554.5372924804688 176.74725341796875 586.385498046875 206.6193389892578 3.478328 1.4456874 1.4962473 -2.032912 1.6557992 37.121796 1.5572779178619385 0.870114266872406
Car 0.0 0 0.2074524164199829 302.8763122558594 181.9496307373047 479.2135009765625 244.59368896484375 4.267089 1.5645102 1.6385984 -5.784369 1.8207517 19.30111 -0.08372090011835098 0.8459854125976562
Car 0.0 0 3.24560284614563 404.2986145019531 173.1089630126953 512.0723266601562 214.9833984375 4.0089793 1.5910511 1.653595 -5.9528036 1.6018274 28.452194 3.0393567085266113 0.8335728645324707
Car 0.0 0 0.7714881896972656 0.0 179.9298553466797 257.1617431640625 374.63970947265625 4.3804517 1.5962222 1.6955197 -6.044062 1.6742749 6.9513617 0.05579376220703125 0.8278407454490662
Car 0.0 0 -1.6790533065795898 651.2939453125 172.56402587890625 688.1399536132812 203.20480346679688 3.924311 1.6486332 1.6524185 3.2928903 1.6333895 40.80405 -1.5985277891159058 0.7878038883209229
Car 0.0 0 3.5023369789123535 209.00245666503906 171.16481018066406 412.3991394042969 238.79129028320312 4.091986 1.4941893 1.5212363 -6.8870993 1.4572251 16.759384 3.1124353408813477 0.7594063878059387
Car 0.0 0 0.047098882496356964 486.67498779296875 174.96810913085938 550.5718994140625 201.66116333007812 3.8001175 1.5890388 1.7095321 -5.5751247 1.7215828 44.110424 -0.0786246731877327 0.6392995715141296
