Pedestrian 0.0 0 -0.43298789858818054 205.65585327148438 177.85157775878906 242.5019073486328 242.3353271484375 0.65784043 1.6698577 0.6275457 -10.141527 1.6028634 18.755949 -0.9286706447601318 0.7926833629608154
Pedestrian 0.0 0 3.4774861335754395 163.3550262451172 171.03501892089844 216.69154357910156 244.2161865234375 0.96635324 1.7211927 0.59387064 -10.010085 1.5001847 17.009903 2.9455761909484863 0.6068923473358154
Pedestrian 0.0 0 -1.5257759094238281 395.7804260253906 152.45062255859375 431.8136291503906 238.61770629882812 0.8038374 1.8761016 0.7477491 -4.3189898 1.2670034 15.863528 -1.7915921211242676 0.595852255821228
Pedestrian 0.0 0 3.1171164512634277 297.5643005371094 158.59230041503906 342.43487548828125 231.46893310546875 1.0693977 1.8497494 0.6623343 -7.481493 1.295282 18.457998 2.732027769088745 0.5032618045806885
Pedestrian 0.0 0 -1.110368013381958 204.5440216064453 154.387939453125 222.5602569580078 187.13284301757812 0.8087145 1.952621 0.6595533 -23.574234 0.39689124 42.57613 -1.616044521331787 0.38601377606391907
Pedestrian 0.0 0 0.2861905097961426 166.58926391601562 187.78323364257812 205.259765625 252.2085723876953 0.79307574 1.750697 0.58981806 -11.691246 1.9589845 19.678919 -0.24987947940826416 0.33338600397109985
Pedestrian 0.0 0 -1.0992531776428223 381.61224365234375 171.2139129638672 414.98089599609375 232.17987060546875 0.91500014 1.8732988 0.6657614 -6.5232363 1.5895226 22.231705 -1.3846627473831177 0.28760260343551636
Pedestrian 0.0 0 -0.5409837961196899 1141.6121826171875 124.88831329345703 1224.0 221.15850830078125 1.7299229 1.8359175 0.5658406 11.630296 0.7770107 13.892657 0.1560051441192627 0.25321418046951294
Pedestrian 0.0 0 -0.20901870727539062 273.4903564453125 159.91165161132812 357.6665344238281 240.62258911132812 1.7073293 1.7649659 0.535781 -6.640548 1.3163607 16.159111 -0.5989269018173218 0.17644260823726654
Cyclist 0.0 0 -1.455197811126709 879.4400634765625 150.18519592285156 900.5224609375 199.69168090820312 1.8873017 1.7773391 0.5166196 10.599277 0.6905261 26.331251 -1.0725071430206299 0.7446405291557312
Cyclist 0.0 0 2.5400187969207764 824.4625854492188 150.51959228515625 869.9370727539062 193.81321716308594 1.7440083 1.783733 0.6503835 10.142006 0.5500029 29.673723 2.8693556785583496 0.6887919306755066
Cyclist 0.0 0 -0.20901870727539062 273.4903564453125 159.91165161132812 357.6665344238281 240.62258911132812 1.7073293 1.7649659 0.535781 -6.640548 1.3163607 16.159111 -0.5989269018173218 0.5829263925552368
Cyclist 0.0 0 -3.6620635986328125 1052.3050537109375 134.42091369628906 1131.9410400390625 201.98269653320312 1.7139684 1.8102913 0.6127112 13.253919 0.5772033 19.314768 -3.060655117034912 0.5668256282806396
Cyclist 0.0 0 -3.826355457305908 1146.2718505859375 126.22431182861328 1224.0 221.8375244140625 1.8513222 1.8414146 0.5284086 11.731359 0.7977524 13.891545 -3.125065326690674 0.4368383288383484
Cyclist 0.0 0 0.6640440225601196 563.948486328125 158.76275634765625 629.757080078125 231.67379760742188 1.7286878 1.7989758 0.532253 -0.26080364 1.2642375 18.17524 0.649695634841919 0.3306056559085846
Cyclist 0.0 0 3.4747474193573 162.6083984375 170.743896484375 218.89797973632812 244.21348571777344 1.029735 1.7272853 0.6027917 -9.994037 1.4995219 17.01465 2.943660259246826 0.15656259655952454
Cyclist 0.0 0 -1.5410215854644775 393.9836120605469 152.49258422851562 430.0958557128906 241.0279998779297 0.88588196 1.9070379 0.7526899 -4.3247824 1.3053807 15.744002 -1.80910325050354 0.1089109405875206
Car 0.0 0 -1.3036434650421143 305.1633605957031 183.32518005371094 472.4355773925781 290.95159912109375 3.6892478 1.4055964 1.573439 -3.2473173 1.4593569 11.182859 -1.586254596710205 0.9728420972824097
Car 0.0 0 -0.635100781917572 1053.9593505859375 152.73802185058594 1183.9017333984375 194.24330139160156 3.7456508 1.5273005 1.6483662 19.42291 0.5072389 26.853695 -0.008916748687624931 0.7131664156913757
Car 0.0 0 1.6145529747009277 469.9476013183594 167.87673950195312 494.6022644042969 188.90904235839844 3.8954806 1.4754897 1.6073952 -8.920561 0.59122086 51.631046 1.4434669017791748 0.6850014328956604
