Pedestrian 0.0 0 1.7286832332611084 800.3858032226562 150.7906036376953 815.4993896484375 194.9801483154297 0.51901954 1.8986261 0.5593103 8.561742 0.9510188 31.350132 1.995282769203186 0.37579697370529175
Car 0.0 0 3.720883846282959 0.0 208.24253845214844 193.9341278076172 338.4255676269531 3.8889952 1.4437351 1.5886182 -7.995919 1.9632645 9.566992 3.0247020721435547 0.9712599515914917
Car 0.0 0 -0.34266310930252075 641.0477294921875 171.6690216064453 812.8795166015625 237.17013549804688 3.8551896 1.5099396 1.639789 2.7829869 1.4829813 17.795113 -0.18752919137477875 0.9450879096984863
Car 0.0 0 0.3166748881340027 116.44084167480469 182.7296600341797 317.3644104003906 250.66136169433594 4.0173965 1.5262411 1.6531149 -9.539494 1.7850945 17.715645 -0.17727962136268616 0.9339993596076965
Car 0.0 0 3.593282699584961 0.0 192.21058654785156 228.47323608398438 298.9498291015625 3.6576731 1.5313804 1.5468458 -8.540294 1.8778013 11.818686 2.967543125152588 0.9104273319244385
Car 0.0 0 -0.2715144157409668 592.1064453125 172.10655212402344 706.6588134765625 217.7982635498047 4.2118697 1.7259654 1.7498553 1.4855111 1.6980889 28.565311 -0.21955721080303192 0.9016315937042236
Car 0.0 0 3.3065435886383057 273.71759033203125 180.6313018798828 387.3206787109375 223.6115264892578 3.9087448 1.575763 1.6115967 -10.820274 1.8913829 28.06228 2.9385290145874023 0.8462309837341309
Car 0.0 0 3.43674898147583 173.51976013183594 185.04786682128906 341.091796875 239.97779846191406 3.9478557 1.4254674 1.5659535 -9.837558 1.786911 20.282515 2.985151767730713 0.7506757378578186
Car 0.0 0 0.30095306038856506 219.467041015625 182.1376953125 359.29949951171875 232.94244384765625 3.761505 1.515001 1.5368705 -10.10634 1.8220255 22.851671 -0.11544421315193176 0.5194348692893982
Car 0.0 0 -1.9414676427841187 397.6854553222656 173.41146850585938 430.39361572265625 191.82177734375 3.770285 1.6049799 1.5825368 -17.69948 1.6570988 65.00631 -2.2072970867156982 0.4669632315635681
Car 0.0 0 -2.5872747898101807 1027.997314453125 148.02037048339844 1111.9403076171875 185.9040069580078 4.576519 2.4555073 1.7732188 31.245983 0.84622085 49.21121 -2.021562099456787 0.39462217688560486
