Car 0.0 0 -2.5993547439575195 97.61045837402344 184.1787567138672 335.71343994140625 274.1923522949219 3.4878767 1.5037866 1.6036787 -7.1067276 1.7245377 13.156402 -3.0946216583251953 0.9499585628509521
Car 0.0 0 -1.8086591958999634 623.5138549804688 178.11289978027344 671.9336547851562 211.78131103515625 3.365651 1.4872806 1.5347784 1.7001125 1.7502285 34.228703 -1.759030818939209 0.9361766576766968
Car 0.0 0 -2.372225284576416 752.5006103515625 179.30035400390625 877.5322875976562 231.08828735351562 3.553643 1.4079409 1.596863 6.1167836 1.622464 22.032112 -2.1014153957366943 0.9338982105255127
Car 0.0 0 0.41933324933052063 175.60195922851562 181.99436950683594 386.8106994628906 259.44610595703125 3.7207408 1.5270449 1.6276492 -6.8758245 1.7309052 15.239421 -0.00450710766017437 0.8818631172180176
Car 0.0 0 -2.853976249694824 372.91229248046875 177.56663513183594 484.2299499511719 216.6221923828125 4.1593657 1.551727 1.6636788 -7.4791384 1.7527614 29.804308 -3.0998408794403076 0.741313636302948
Car 0.0 0 3.9129066467285156 0.0 193.74314880371094 97.50273895263672 375.0 4.032949 1.4736768 1.6062101 -6.8980155 1.6740085 5.923644 3.0516600608825684 0.7235446572303772
Car 0.0 0 -1.6572833061218262 609.6721801757812 177.13475036621094 641.045166015625 203.04928588867188 3.8424945 1.477276 1.5673896 0.85763717 1.7488887 43.748966 -1.6376821994781494 0.720480740070343
Car 0.0 0 3.469799041748047 238.14710998535156 158.77728271484375 437.591552734375 235.2080535888672 4.194808 1.7571876 1.7344776 -6.5270395 1.4339141 17.512587 3.113041400909424 0.619953989982605
Car 0.0 0 0.20068426430225372 418.4193115234375 179.75442504882812 498.0506591796875 211.27899169921875 3.7259314 1.5531688 1.5682616 -7.7115192 1.9120622 36.69108 -0.006474791094660759 0.4876116216182709
Car 0.0 0 0.21416813135147095 432.29547119140625 178.67868041992188 503.86212158203125 206.33648681640625 3.79079 1.5478655 1.616917 -8.175413 1.8907416 41.580727 0.020029067993164062 0.36859655380249023
