Pedestrian 0.0 0 -1.836424708366394 654.9633178710938 171.51034545898438 673.9010009765625 205.3071746826172 0.54322696 1.7336478 0.8650088 2.779034 1.6650809 37.35829 -1.762172818183899 0.42395415902137756
Pedestrian 0.0 0 -1.8652819395065308 966.0869140625 161.21311950683594 999.48291015625 224.34922790527344 0.86394244 1.8409566 0.66090155 11.062132 1.5018836 21.520468 -1.3904746770858765 0.27299073338508606
Pedestrian 0.0 0 1.6542341709136963 535.9197998046875 171.76953125 552.1095581054688 213.25152587890625 0.9117138 1.8179995 0.644589 -2.9689453 1.770829 32.078213 1.561943769454956 0.1966528445482254
Pedestrian 0.0 0 -1.917604684829712 938.9430541992188 136.80711364746094 971.591796875 199.18438720703125 0.8138256 1.8619863 0.6579194 10.459165 0.7863302 21.972435 -1.4733301401138306 0.1872064620256424
Pedestrian 0.0 0 -1.5418803691864014 0.0 179.2965087890625 13.945300102233887 230.9116668701172 0.5869451 1.510672 0.6048992 -18.321878 1.7079866 21.637619 -2.244490623474121 0.15284691751003265
Car 0.0 0 1.8923494815826416 338.24920654296875 179.57208251953125 401.0979309082031 215.87477111816406 3.9401274 1.584673 1.6645235 -11.343367 1.9217833 34.194195 1.572039246559143 0.9579663872718811
Car 0.0 0 -1.6159077882766724 548.8557739257812 175.0751190185547 715.9895629882812 329.5877380371094 4.3503013 1.5533273 1.7045544 0.10140014 1.5897737 9.517492 -1.605254054069519 0.9259567260742188
Car 0.0 0 2.2153356075286865 0.0 188.32704162597656 145.2565155029297 277.67926025390625 3.7553072 1.4403214 1.5313047 -11.128913 1.7853624 14.177176 1.5498156547546387 0.8936413526535034
Car 0.0 0 1.7841542959213257 419.0054931640625 179.17575073242188 454.204833984375 202.53269958496094 3.610903 1.4858543 1.5831022 -11.691251 1.9289505 48.707108 1.5485793352127075 0.7212790846824646
Car 0.0 0 1.5389306545257568 585.4962158203125 168.9630126953125 637.454345703125 220.1910858154297 3.6227255 1.472089 1.4909948 -0.064163886 1.3606356 22.567488 1.5360875129699707 0.2901553511619568
Car 0.0 0 -2.878485679626465 1109.7501220703125 136.86875915527344 1242.0 190.2911376953125 3.4607263 1.6811216 1.8413454 19.375729 0.5490783 24.640306 -2.212127923965454 0.18121835589408875
