Pedestrian 0.0 0 0.8128374218940735 1191.808349609375 116.05412292480469 1242.0 221.7396240234375 0.61198646 1.7791222 0.5188397 10.511366 0.82330394 12.464066 1.5134485960006714 0.47138693928718567
Car 0.0 0 -1.7016628980636597 721.2410888671875 182.85614013671875 801.0033569335938 244.32249450683594 4.04207 1.4624172 1.6087105 4.00827 1.7675049 19.909056 -1.5029897689819336 0.9671534299850464
Car 0.0 0 1.3185964822769165 762.0780639648438 183.404296875 910.0133056640625 282.6111145019531 4.10369 1.5570933 1.6739237 4.073232 1.790309 13.843383 1.60475754737854 0.949026346206665
Car 0.0 0 -1.729949712753296 708.0341186523438 182.24456787109375 768.8123168945312 230.0811767578125 3.3021452 1.5107826 1.562779 4.3530583 1.8594294 25.097761 -1.5582140684127808 0.9157600998878479
Car 0.0 0 -2.0405526161193848 841.2743530273438 179.15016174316406 1200.211181640625 375.0 3.346737 1.5006949 1.6113547 3.5656197 1.5775565 7.088237 -1.5744811296463013 0.8711792230606079
Car 0.0 0 1.690648078918457 555.7906494140625 174.21371459960938 596.323486328125 205.13458251953125 4.009479 1.5156512 1.6433461 -1.7516019 1.5907615 37.605583 1.6441035270690918 0.8560820817947388
Car 0.0 0 2.0609002113342285 0.0 200.84716796875 354.01300048828125 375.0 3.6806772 1.518906 1.5557972 -2.9518716 1.7688137 4.528185 1.4831985235214233 0.8195439577102661
Car 0.0 0 -1.698481798171997 694.4421997070312 177.5764617919922 741.1956176757812 215.26565551757812 3.676013 1.5509636 1.5832906 4.6826396 1.7729331 32.005234 -1.55320405960083 0.6925382614135742
Car 0.0 0 1.7591887712478638 491.43115234375 184.77664184570312 566.2430419921875 239.39540100097656 3.6390283 1.4414668 1.5817277 -2.400877 1.8320051 21.73446 1.6491707563400269 0.6354231238365173
Car 0.0 0 -1.7575936317443848 674.9329833984375 176.53623962402344 721.2855834960938 210.93618774414062 3.8325987 1.6241484 1.6299098 4.354389 1.8205858 36.45202 -1.6387016773223877 0.43544211983680725
Car 0.0 0 -1.6772302389144897 672.3431396484375 176.9781494140625 707.3905639648438 205.50888061523438 3.8118708 1.5745064 1.6363486 4.5993886 1.8274187 42.27527 -1.5688602924346924 0.4130001962184906
