Pedestrian 0.0 0 2.0920934677124023 1006.9906616210938 139.39425659179688 1050.14208984375 220.94808959960938 0.6114153 1.6491194 0.5369839 8.825042 0.798932 14.907245 2.6266074180603027 0.6209904551506042
Pedestrian 0.0 0 3.011704921722412 381.8034973144531 171.62599182128906 421.19659423828125 248.16673278808594 0.8600675 1.8226861 0.55786705 -4.916137 1.5887526 17.528627 2.738266706466675 0.546198308467865
Pedestrian 0.0 0 3.137704610824585 389.8614807128906 163.23785400390625 425.82794189453125 243.11392211914062 0.80176145 1.8315481 0.5614457 -4.5753155 1.4140092 16.845911 2.8725039958953857 0.507317066192627
Pedestrian 0.0 0 2.4715826511383057 1024.5887451171875 143.94296264648438 1071.363525390625 224.38113403320312 0.6437469 1.5673064 0.45681354 8.819699 0.836774 14.258 3.0255513191223145 0.38762956857681274
Pedestrian 0.0 0 2.2968647480010986 738.5515747070312 135.70936584472656 770.5850830078125 187.20799255371094 1.1389291 1.9144077 0.5803395 5.7966704 0.21322519 27.272219 2.5062966346740723 0.24977383017539978
Pedestrian 0.0 0 -2.658818483352661 464.1139221191406 186.15879821777344 514.0479125976562 261.277099609375 0.9466473 1.6823679 0.65198225 -2.6273398 1.7942481 16.602684 -2.815764904022217 0.23593492805957794
Pedestrian 0.0 0 -2.792086362838745 531.830078125 169.01162719726562 556.9775390625 210.8944091796875 0.93821573 1.7764263 0.5732598 -2.4629712 1.2477138 30.866344 -2.8717124462127686 0.21327674388885498
Pedestrian 0.0 0 1.6918203830718994 559.1260986328125 162.44667053222656 567.1223754882812 183.5341796875 0.7249009 1.9022001 0.64235127 -3.4392536 0.18388022 65.17841 1.6391024589538574 0.18162953853607178
Pedestrian 0.0 0 0.05715519189834595 991.8781127929688 172.2290496826172 1029.893310546875 257.7237854003906 0.61356395 1.6138835 0.519065 7.910227 1.4401351 13.941824 0.5732393264770508 0.1572851687669754
Pedestrian 0.0 0 2.6314868927001953 534.0863037109375 163.59375 553.95166015625 199.00387573242188 0.89518684 1.8754891 0.5756641 -3.0835698 0.9279322 38.532032 2.551630973815918 0.15708743035793304
Cyclist 0.0 0 -2.0789313316345215 1065.3389892578125 137.19776916503906 1126.4083251953125 211.62240600585938 1.6422232 1.6875861 0.45216176 11.7180605 0.68424165 17.124107 -1.4788188934326172 0.29554006457328796
Cyclist 0.0 0 1.8916088342666626 677.6885375976562 153.20663452148438 695.9373779296875 184.98548889160156 1.4093342 1.8680918 0.6762264 5.120887 0.20566368 43.00563 2.0101256370544434 0.1869039535522461
Car 0.0 0 -1.8611195087432861 711.3335571289062 150.1907196044922 856.8953247070312 267.4506530761719 3.918221 1.9131596 1.5813364 3.2560577 1.4036222 13.718579 -1.6280848979949951 0.91793292760849
Car 0.0 0 -0.8803153038024902 997.3190307617188 184.19216918945312 1238.0 374.0 4.0709443 1.49544 1.6169509 4.635649 1.5151222 4.017435 -0.02359398826956749 0.3697648048400879
