Pedestrian 0.0 0 2.907809257507324 577.9876098632812 159.6983642578125 594.0217895507812 187.7118682861328 1.0266527 1.929836 0.48879293 -1.6957545 1.0239086 50.0751 2.873957872390747 0.42889174818992615
Pedestrian 0.0 0 1.4497431516647339 493.68133544921875 177.30474853515625 511.0937194824219 214.47190856933594 1.6598493 1.8577449 0.689043 -5.589394 2.0928864 37.16761 1.300478219985962 0.25723493099212646
Pedestrian 0.0 0 1.6025826930999756 512.7255249023438 175.6475067138672 527.4335327148438 211.0009765625 1.8867832 1.8548001 0.73135215 -4.884202 2.0098488 38.979355 1.4779300689697266 0.11290054768323898
Cyclist 0.0 0 1.5674633979797363 513.0560302734375 176.09182739257812 527.4306030273438 210.98471069335938 1.886283 1.8287629 0.75224644 -4.8895383 2.0084634 38.97959 1.4426767826080322 0.6588426232337952
Cyclist 0.0 0 1.4497431516647339 493.68133544921875 177.30474853515625 511.0937194824219 214.47190856933594 1.6598493 1.8577449 0.689043 -5.589394 2.0928864 37.16761 1.300478219985962 0.5695409774780273
Car 0.0 0 -1.759015679359436 571.2506713867188 179.93898010253906 605.3937377929688 204.91920471191406 3.5382848 1.540128 1.6049407 -1.4936268 2.0252357 47.46298 -1.7904746532440186 0.9255738258361816
Car 0.0 0 -1.78643798828125 637.1598510742188 176.46865844726562 691.4422607421875 216.86471557617188 3.2386336 1.4876939 1.4741383 2.0526605 1.6398189 28.583853 -1.7147490978240967 0.8998428583145142
Car 0.0 0 -1.6307295560836792 450.552734375 182.5102081298828 493.6481018066406 219.6216278076172 3.7269154 1.4468727 1.5967062 -6.047274 1.891278 31.174168 -1.8223333358764648 0.8568294644355774
Car 0.0 0 -1.3662452697753906 89.2073745727539 192.25775146484375 175.61483764648438 247.8673858642578 3.382339 1.4897532 1.58855 -14.82465 2.145231 22.493267 -1.9489705562591553 0.808106005191803
Car 0.0 0 -1.795003056526184 698.4682006835938 166.051513671875 829.506591796875 260.2016296386719 3.9415455 1.5980852 1.6387442 2.8114266 1.4829788 14.238389 -1.600056767463684 0.71629399061203
Car 0.0 0 -1.7827343940734863 610.104736328125 173.9019775390625 655.1725463867188 207.32229614257812 3.3857036 1.5491 1.5202821 1.0235444 1.6034348 35.35798 -1.7537944316864014 0.6999221444129944
Car 0.0 0 -1.4844976663589478 450.9571533203125 184.83258056640625 490.6734313964844 217.3514862060547 3.8853278 1.5400159 1.7086527 -7.2496376 2.1994586 37.676937 -1.6745902299880981 0.6547334790229797
Car 0.0 0 1.3943488597869873 680.4976196289062 179.40679931640625 770.9159545898438 245.74612426757812 4.1354475 1.5680699 1.6845913 2.9601305 1.7650099 19.554108 1.544589638710022 0.4433455169200897
