Pedestrian 0.0 0 1.3477842807769775 745.2025756835938 171.17103576660156 830.3248291015625 332.3905029296875 1.0247412 1.7862663 0.7561392 2.1212473 1.6731786 8.476965 1.5929856300354004 0.8023569583892822
Pedestrian 0.0 0 -2.612811326980591 783.8997802734375 167.01272583007812 833.87890625 247.102294921875 1.0144289 1.7914371 0.4607861 4.749351 1.4686038 16.59083 -2.3340039253234863 0.7808158993721008
Pedestrian 0.0 0 1.8397655487060547 233.86973571777344 178.6446990966797 304.3924865722656 317.4369812011719 0.83902466 1.829018 0.68972135 -4.619114 1.7927192 9.934471 1.4045422077178955 0.733237087726593
Pedestrian 0.0 0 2.7021589279174805 324.1676025390625 177.28619384765625 402.6652526855469 315.91766357421875 0.7532768 1.757886 0.7438861 -3.2396474 1.7057885 9.635206 2.377803325653076 0.7081054449081421
Pedestrian 0.0 0 -1.490636944770813 689.9525146484375 182.3398895263672 729.09228515625 277.3468017578125 0.7480956 1.5938214 0.6178227 1.8461492 1.6102049 12.489581 -1.3438844680786133 0.7031002640724182
Pedestrian 0.0 0 -1.6044570207595825 637.5181274414062 178.30369567871094 669.8394165039062 244.74456787109375 0.9402359 1.6392307 0.7822569 1.2800192 1.56156 18.20426 -1.534258246421814 0.6578848361968994
Pedestrian 0.0 0 0.6815510392189026 703.640869140625 180.20895385742188 764.8818969726562 294.8841857910156 0.65069073 1.694301 0.67277527 2.0038476 1.6765351 11.076634 0.860522985458374 0.6484017372131348
Pedestrian 0.0 0 0.6214087009429932 667.8494262695312 183.50286865234375 689.8423461914062 226.66578674316406 0.60605186 1.6410922 0.60636187 2.9746585 1.7207503 27.776545 0.7280945777893066 0.49205583333969116
Pedestrian 0.0 0 -1.4014904499053955 965.9697875976562 173.7720947265625 1042.7364501953125 335.62408447265625 0.72182757 1.7622504 0.6650264 4.617856 1.6794654 8.30825 -0.894193172454834 0.45970311760902405
Pedestrian 0.0 0 1.6570535898208618 731.6115112304688 177.5365447998047 764.1780395507812 269.5200500488281 0.70819855 1.5012683 0.4823322 2.4375408 1.4378709 12.128941 1.855380654335022 0.45318153500556946
Pedestrian 0.0 0 1.9047906398773193 904.9874267578125 163.65756225585938 982.1444091796875 315.6435546875 0.78016275 1.7488554 0.63140357 4.1308584 1.544897 8.762649 2.345311164855957 0.3859610855579376
Pedestrian 0.0 0 2.3710672855377197 733.807861328125 175.08401489257812 779.4052734375 257.3877868652344 0.74491686 1.7559155 0.6394378 3.3726854 1.6202625 15.791495 2.58148193359375 0.380264014005661
Pedestrian 0.0 0 2.152858257293701 771.8653564453125 168.6927947998047 825.486572265625 262.4800109863281 0.6187258 1.6946776 0.7533898 3.6547303 1.4645282 13.464391 2.4179086685180664 0.36822354793548584
Pedestrian 0.0 0 -2.4992427825927734 392.29443359375 182.13388061523438 465.3822937011719 294.4151306152344 0.9656606 1.8094367 0.70760286 -2.9418058 1.8218411 12.094253 -2.737848997116089 0.33029451966285706
Pedestrian 0.0 0 0.07584056258201599 683.2112426757812 186.6217803955078 698.0933227539062 226.33676147460938 0.58833766 1.6830665 0.6613465 3.8286154 1.9072311 30.920101 0.1990363597869873 0.3145056366920471
Pedestrian 0.0 0 0.1590467393398285 657.70361328125 176.68836975097656 672.0864868164062 207.84100341796875 0.7323208 1.7639836 0.6087901 3.6294224 1.4923291 41.057102 0.24721693992614746 0.3024607300758362
Cyclist 0.0 0 -1.205329179763794 152.19308471679688 187.16253662109375 199.4329071044922 263.1108703613281 1.6601005 1.6962986 0.39878392 -10.093002 1.8383855 17.019878 -1.7405949831008911 0.37443065643310547
Car 0.0 0 1.684171199798584 547.39990234375 186.31202697753906 596.5521850585938 224.374755859375 3.9768562 1.5056347 1.6780233 -1.2192637 1.7277647 30.973135 1.6448262929916382 0.9674838185310364
