Pedestrian 0.0 0 -2.031217098236084 1162.1153564453125 116.25558471679688 1208.161376953125 188.63751220703125 0.88912535 1.8662081 0.6214336 15.1628475 0.40730098 19.100197 -1.3602323532104492 0.41070908308029175
Pedestrian 0.0 0 -0.6100860238075256 891.8071899414062 132.04605102539062 933.9557495117188 208.17803955078125 0.6814943 1.733336 0.60307395 6.994019 0.8045984 16.792282 -0.2154352068901062 0.15031033754348755
Pedestrian 0.0 0 -0.9534275531768799 820.87255859375 141.7744598388672 845.8154296875 190.337158203125 0.7703723 1.9188806 0.62771004 8.932362 0.6911787 28.991196 -0.6545507907867432 0.149555504322052
Pedestrian 0.0 0 -0.5952056050300598 829.7232055664062 161.86337280273438 844.2694091796875 193.66073608398438 0.4860284 1.7298751 0.64061475 12.429754 1.1323092 39.627754 -0.2912616729736328 0.14071974158287048
Pedestrian 0.0 0 -3.6934893131256104 1040.4866943359375 138.2628631591797 1132.480224609375 285.0523986816406 0.8170972 1.8000525 0.52293867 5.9511237 1.3762256 9.117493 -3.1152079105377197 0.12559421360492706
Cyclist 0.0 0 0.812439501285553 879.4985961914062 143.521728515625 930.2007446289062 202.49801635742188 1.4613881 1.7068086 0.5532896 8.785393 0.8582736 21.660236 1.1977641582489014 0.16936816275119781
Cyclist 0.0 0 1.0959744453430176 1161.6865234375 118.41482543945312 1210.75439453125 191.1932830810547 0.94751906 1.8726832 0.6519806 15.182722 0.47225115 19.091751 1.7678126096725464 0.11245880275964737
Car 0.0 0 -1.5999201536178589 591.1538696289062 179.24813842773438 618.0728149414062 205.4290313720703 3.9278147 1.6468625 1.6826473 -0.4273284 2.0934112 48.35285 -1.6087576150894165 0.7607359290122986
Car 0.0 0 1.662382960319519 465.21185302734375 187.5343017578125 490.4665222167969 208.45606994628906 3.5792165 1.4535403 1.5601983 -9.991321 2.602064 54.577515 1.4813212156295776 0.5953767895698547
Car 0.0 0 1.442317008972168 702.7623901367188 174.51161193847656 735.8413696289062 202.08074951171875 4.189212 1.7504164 1.6517919 7.219201 1.8663013 48.173832 1.5910674333572388 0.24106979370117188
Car 0.0 0 -1.2720389366149902 243.70352172851562 185.34927368164062 378.15289306640625 263.2464599609375 4.361392 1.518798 1.6970558 -6.9007874 1.8530371 17.03151 -1.6570008993148804 0.2214163988828659
