Car 0.0 0 -1.7373307943344116 658.0458374023438 180.8760223388672 739.45556640625 241.43539428710938 4.1940675 1.5120378 1.614746 2.385291 1.7664787 20.714512 -1.6226849555969238 0.9700881242752075
Car 0.0 0 -1.9400947093963623 723.1407470703125 190.23687744140625 915.3060302734375 313.5565185546875 3.4570656 1.4862963 1.6168196 2.9230971 1.795482 11.009541 -1.6805764436721802 0.96037358045578
Car 0.0 0 -2.610888719558716 146.07650756835938 191.44921875 385.16845703125 279.9901428222656 3.9126365 1.5439444 1.5742508 -6.603381 1.9282124 13.937388 -3.0533485412597656 0.9423426389694214
Car 0.0 0 -2.5313210487365723 44.243160247802734 194.4215545654297 328.8804931640625 297.17822265625 3.756993 1.4685148 1.533711 -6.75213 1.8437396 11.61699 -3.057823896408081 0.9023641347885132
Car 0.0 0 3.5356955528259277 199.24325561523438 190.3466796875 408.6677551269531 261.0702819824219 4.0688105 1.4834244 1.580674 -6.859169 1.8989432 16.323977 3.137906312942505 0.898436963558197
Car 0.0 0 -2.3249588012695312 0.0 194.51780700683594 208.2185821533203 374.6171875 4.004519 1.4545084 1.5598712 -6.348751 1.6927483 6.9848495 -3.0626866817474365 0.8970288038253784
Car 0.0 0 0.6198974847793579 0.0 186.86862182617188 281.4589538574219 322.2240295410156 3.6292934 1.5578985 1.5586908 -6.4445543 1.7539303 9.269707 0.012381792068481445 0.8965423703193665
Car 0.0 0 -1.7043352127075195 646.8441162109375 179.4875030517578 697.7431030273438 215.39239501953125 4.37267 1.4198397 1.6342653 2.6103594 1.7309899 31.577488 -1.6218575239181519 0.8112947344779968
Car 0.0 0 0.34336912631988525 351.4344177246094 185.84359741210938 487.11370849609375 233.99732971191406 4.1380353 1.5310377 1.6442374 -6.453836 1.9899242 24.471476 0.08551144599914551 0.785629391670227
Car 0.0 0 0.4707949161529541 267.7613830566406 180.5566864013672 429.41009521484375 243.703857421875 3.6397698 1.5350884 1.5776834 -6.7948613 1.7468328 18.790989 0.12382173538208008 0.7560661435127258
Car 0.0 0 -1.7240395545959473 629.4235229492188 178.4551544189453 661.6372680664062 201.70297241210938 4.1335526 1.5387543 1.6517254 2.4353693 1.9511216 50.92977 -1.6762577295303345 0.7465729117393494
