Pedestrian 0.0 0 2.0993807315826416 823.1072998046875 140.41700744628906 866.6656494140625 222.18258666992188 0.6945233 1.8030477 0.6852329 5.287538 1.0881238 16.395084 2.4113566875457764 0.33121952414512634
Pedestrian 0.0 0 1.782738208770752 503.54229736328125 167.66114807128906 524.4830932617188 210.93490600585938 1.0073547 1.7908956 0.67909706 -4.0771923 1.5763464 30.387053 1.6493594646453857 0.3302780091762543
Pedestrian 0.0 0 -2.505361318588257 680.6592407226562 168.6739959716797 693.4202270507812 195.7998046875 0.5263996 1.7775362 0.70015436 5.064912 1.5039811 47.71508 -2.3996081352233887 0.21834634244441986
Pedestrian 0.0 0 0.8012115359306335 268.83416748046875 121.13912200927734 331.52508544921875 235.82406616210938 0.7420079 1.7862564 0.5752126 -5.0479045 0.9811375 11.642999 0.39211535453796387 0.16523781418800354
Pedestrian 0.0 0 2.1806278228759766 1129.0716552734375 79.39395904541016 1242.0 295.2394104003906 0.64936674 1.759867 0.6538166 5.0312715 0.9982109 6.28543 2.8556528091430664 0.12975485622882843
Cyclist 0.0 0 1.7512527704238892 499.9041748046875 162.11434936523438 519.3836669921875 205.4187774658203 1.0959452 1.7797756 0.6230937 -4.236661 1.338743 30.212168 1.6119309663772583 0.12391167134046555
Car 0.0 0 -1.8244752883911133 701.5902709960938 173.9447479248047 884.9757690429688 290.4416809082031 4.386333 1.4565678 1.6231569 2.5374525 1.4773327 11.27851 -1.6031787395477295 0.9636471271514893
Car 0.0 0 -1.1567285060882568 0.0 182.3217315673828 420.22528076171875 375.0 4.3163514 1.4452332 1.6187584 -3.0425892 1.5577484 6.3617997 -1.6028326749801636 0.9599254727363586
Car 0.0 0 -1.6482601165771484 645.207275390625 178.061279296875 692.3700561523438 215.01992797851562 3.5710273 1.3302894 1.5550551 2.201582 1.5474843 28.257208 -1.5705050230026245 0.9091165065765381
Car 0.0 0 -1.541416883468628 651.6246337890625 169.53765869140625 684.7442626953125 199.53916931152344 3.6005301 1.5150144 1.6498282 3.0923305 1.3479038 38.313313 -1.4608798027038574 0.23344817757606506
Car 0.0 0 -0.45579612255096436 0.0 0.0 1242.0 375.0 3.6677105 1.5498399 1.6118641 -2.7097573 1.6689961 0.909947 -1.702620029449463 0.12196484208106995
