Pedestrian 0.0 0 -0.14721818268299103 716.9207763671875 198.7853546142578 739.0050048828125 241.56503295898438 0.8261065 1.7820967 0.7915751 5.0120926 2.9090183 30.942501 0.013367891311645508 0.4780084788799286
Pedestrian 0.0 0 -1.9434213638305664 1000.309326171875 210.1461639404297 1130.39697265625 375.0 0.6897424 1.6716979 0.70556176 3.6858175 2.0022783 5.984186 -1.391373634338379 0.4237155318260193
Pedestrian 0.0 0 1.3941013813018799 749.7203979492188 178.16970825195312 771.5693359375 231.56626892089844 0.62756866 1.7433176 0.60746866 4.94882 1.9224409 23.940382 1.5979446172714233 0.3784479796886444
Pedestrian 0.0 0 1.0744799375534058 952.1461181640625 225.2834014892578 1055.148193359375 375.0 0.6638496 1.6470991 0.6274962 3.7113838 2.1765616 6.945176 1.5652540922164917 0.2550899386405945
Pedestrian 0.0 0 1.4249026775360107 421.1270446777344 168.02833557128906 465.4526062011719 270.76123046875 0.8730628 1.774706 0.6538186 -3.0621877 1.6917008 12.98807 1.1933618783950806 0.2110263556241989
Pedestrian 0.0 0 -2.335873603820801 1063.7935791015625 171.01345825195312 1242.0 375.0 0.8690425 1.7826146 0.7401419 3.5899615 1.7720802 4.742102 -1.6878820657730103 0.19645783305168152
Pedestrian 0.0 0 1.7452411651611328 912.26171875 153.93406677246094 962.426025390625 245.3355255126953 1.4140176 1.8337591 0.7352684 6.8889527 1.4545321 15.264493 2.169180393218994 0.1914653182029724
Pedestrian 0.0 0 -3.146538019180298 849.0972290039062 199.566650390625 864.16650390625 237.14761352539062 0.695094 1.7915283 0.76325786 12.106243 3.1251378 35.53752 -2.818207263946533 0.16574887931346893
Pedestrian 0.0 0 -1.3035346269607544 450.97930908203125 180.88873291015625 478.0926818847656 230.73609924316406 1.4823478 1.7064104 0.5782291 -5.212568 2.0014453 25.701004 -1.503636121749878 0.1006203442811966
Cyclist 0.0 0 -1.3035346269607544 450.97930908203125 180.88873291015625 478.0926818847656 230.73609924316406 1.4823478 1.7064104 0.5782291 -5.212568 2.0014453 25.701004 -1.503636121749878 0.17364317178726196
Cyclist 0.0 0 -0.12423989176750183 716.6845092773438 199.1516876220703 739.596435546875 242.15272521972656 0.87620664 1.7888774 0.7943779 5.0175376 2.9317493 30.931816 0.03657221794128418 0.10306153446435928
Car 0.0 0 0.12826359272003174 1030.91650390625 208.93882751464844 1222.526123046875 282.9732666015625 3.660301 1.4475787 1.7313107 12.628811 2.432761 17.812284 0.7450006008148193 0.321757048368454
Car 0.0 0 -0.4650169014930725 840.1262817382812 197.18997192382812 924.2890625 228.33580017089844 3.5827868 1.4540883 1.7016362 13.633796 2.7150583 36.337475 -0.10607151687145233 0.2718525230884552
Car 0.0 0 -2.3220653533935547 990.3596801757812 0.0 1242.0 375.0 3.7114887 1.5798538 1.5912484 3.0984344 1.2099576 2.8395736 -1.4931007623672485 0.232294499874115
Car 0.0 0 -2.973551034927368 661.24365234375 180.63194274902344 713.250732421875 201.4052734375 3.9257996 1.6030353 1.7513126 6.2052627 2.2443414 58.081337 -2.867117404937744 0.17000499367713928
Car 0.0 0 -1.7476338148117065 739.3054809570312 183.04794311523438 827.086181640625 246.3697967529297 4.10441 1.5595661 1.7015902 4.755131 1.8796434 20.53463 -1.520078182220459 0.15913145244121552
