Car 0.0 0 -1.7193483114242554 667.9844970703125 182.1206512451172 733.2490844726562 230.7250213623047 3.3085666 1.392988 1.514502 2.7607694 1.305416 22.27128 -1.596016526222229 0.9781468510627747
Car 0.0 0 -1.4486154317855835 481.8685607910156 179.30520629882812 526.72314453125 213.83473205566406 3.4230685 1.4647187 1.5854521 -4.618098 1.2151313 32.216778 -1.5909900665283203 0.9618154168128967
Car 0.0 0 -1.1820317506790161 249.6605987548828 185.62591552734375 360.99908447265625 239.67929077148438 3.7703733 1.3934426 1.6003685 -8.500782 1.4073219 20.44567 -1.5760622024536133 0.9573690295219421
Car 0.0 0 -1.0540612936019897 0.0 187.753662109375 360.9711608886719 376.0 3.9319952 1.4569372 1.5878074 -3.6915798 1.4875042 6.3605194 -1.5799366235733032 0.9564356207847595
Car 0.0 0 -1.3842757940292358 400.9695739746094 181.22691345214844 484.8804016113281 241.46200561523438 3.5771046 1.4904385 1.5878763 -4.433507 1.3928728 19.599297 -1.6067391633987427 0.949781060218811
Car 0.0 0 -1.581872582435608 584.8611450195312 177.12899780273438 615.1414184570312 204.5157012939453 3.8492978 1.4756508 1.6324196 -0.49180865 1.0410544 40.672657 -1.593963861465454 0.888918936252594
Car 0.0 0 -1.2616024017333984 355.4216613769531 169.33358764648438 424.598388671875 213.34873962402344 3.8793614 1.6603389 1.5685593 -8.749737 1.062366 29.065468 -1.554008960723877 0.7671954035758972
Car 0.0 0 -1.6362271308898926 622.83984375 175.92543029785156 648.98291015625 197.70350646972656 3.7856832 1.4955945 1.612709 1.9547554 0.85872316 51.277313 -1.598124384880066 0.6383751630783081
Car 0.0 0 2.371497869491577 0.0 196.96572875976562 110.29755401611328 344.0529479980469 3.434295 1.411002 1.4918107 -8.231478 1.5868473 8.928913 1.62671959400177 0.5492758750915527
Car 0.0 0 -1.3919111490249634 463.8047180175781 176.2440948486328 497.3745422363281 199.41995239257812 3.460374 1.4406202 1.5450705 -8.1945915 0.88407385 46.413944 -1.566664695739746 0.47673499584198
