Pedestrian 0.0 0 -1.2975727319717407 451.0928649902344 150.3076934814453 540.7765502929688 335.8735046386719 0.88316375 1.5794828 0.6016574 -1.0277847 1.3241984 6.486672 -1.4547120332717896 0.7239182591438293
Pedestrian 0.0 0 -1.3718364238739014 838.6991577148438 175.876220703125 869.7361450195312 242.9220428466797 0.73709744 1.6498425 0.6075056 6.2653446 1.5376593 17.865881 -1.0345491170883179 0.4068393409252167
Pedestrian 0.0 0 -0.767048716545105 948.9252319335938 144.3548126220703 1020.2672729492188 252.5174102783203 0.8233902 1.7187495 0.638741 6.2023373 1.1460425 11.650373 -0.2778398096561432 0.3104041814804077
Pedestrian 0.0 0 -3.081573247909546 755.0900268554688 128.57928466796875 811.321533203125 233.88661193847656 0.9126379 1.765725 0.6906054 3.0687342 0.8968016 12.316495 -2.837388753890991 0.2370838224887848
Pedestrian 0.0 0 -0.6707903146743774 815.9180908203125 188.62937927246094 868.80029296875 276.5390319824219 0.7271367 1.6726364 0.67686665 4.6426797 1.8400553 13.972249 -0.34998929500579834 0.2178351879119873
Pedestrian 0.0 0 -0.4785652160644531 506.532958984375 164.5667266845703 573.4371337890625 263.7756652832031 1.0433124 1.7406236 0.6396001 -1.2343633 1.462718 12.951912 -0.5735818147659302 0.19312255084514618
Pedestrian 0.0 0 -1.4148335456848145 851.298095703125 148.96865844726562 903.4190673828125 258.8235778808594 1.6893717 1.7447281 0.5812703 4.6403966 1.245599 12.101542 -1.048671007156372 0.14582979679107666
Cyclist 0.0 0 -1.4148335456848145 851.298095703125 148.96865844726562 903.4190673828125 258.8235778808594 1.6893717 1.7447281 0.5812703 4.6403966 1.245599 12.101542 -1.048671007156372 0.3627566397190094
Cyclist 0.0 0 1.770384430885315 70.34408569335938 150.281494140625 134.56092834472656 250.79898071289062 1.7435564 1.7504582 0.6498029 -9.412687 1.2258644 13.236481 1.1522362232208252 0.22289228439331055
Cyclist 0.0 0 -1.0792900323867798 509.09051513671875 162.8367156982422 571.4059448242188 264.885009765625 1.2371458 1.7708577 0.6311147 -1.2109593 1.4659901 12.957079 -1.1724786758422852 0.22233957052230835
Cyclist 0.0 0 -1.6329184770584106 961.1696166992188 145.02911376953125 1010.609619140625 256.08197021484375 1.0496014 1.7425141 0.65109384 6.2398014 1.1876022 11.701787 -1.1430377960205078 0.13453803956508636
Cyclist 0.0 0 -1.5074235200881958 840.884033203125 175.83531188964844 868.6045532226562 243.12811279296875 0.76299113 1.6554906 0.61504513 6.277792 1.5423305 17.860676 -1.1694247722625732 0.1073148101568222
Car 0.0 0 0.8237649202346802 0.0 188.3852996826172 132.0850830078125 234.04859924316406 4.307197 1.5551574 1.6379107 -19.742212 1.8557351 25.644617 0.16768765449523926 0.36399945616722107
Car 0.0 0 0.24988307058811188 546.9505615234375 171.1055145263672 642.7388305664062 205.8140869140625 4.054913 1.5095913 1.6627114 -0.45624664 1.1024662 32.028675 0.23563909530639648 0.28458476066589355
Car 0.0 0 2.9185280799865723 550.9569091796875 172.5926971435547 612.337158203125 194.76426696777344 4.0790877 1.5278941 1.6376253 -1.6599433 0.98428893 50.028385 2.8853602409362793 0.24350856244564056
