Car 0.0 0 -1.7930885553359985 698.42919921875 183.8765869140625 842.12939453125 283.5638732910156 4.238549 1.4707125 1.6089462 2.6833465 1.7061955 13.251675 -1.5932987928390503 0.9738113880157471
Car 0.0 0 -1.7116590738296509 671.9766235351562 180.79750061035156 739.319580078125 230.3705596923828 4.3579855 1.4634826 1.6158434 3.0610154 1.7543154 24.19128 -1.5857940912246704 0.9221262335777283
Car 0.0 0 0.37886476516723633 253.2217254638672 185.5070343017578 459.8887634277344 251.92112731933594 4.3612814 1.4665271 1.5826281 -5.9758663 1.7832646 17.153078 0.04362988471984863 0.9141772389411926
Car 0.0 0 -2.5119173526763916 0.0 192.42494201660156 274.2745666503906 318.73956298828125 3.7830117 1.4059082 1.5551881 -6.52367 1.6734823 9.06066 -3.1359400749206543 0.8978882431983948
Car 0.0 0 -2.3027586936950684 0.0 195.5411834716797 189.10330200195312 375.0 3.9775388 1.4184967 1.5981725 -6.3190947 1.6556307 6.5837917 -3.0676450729370117 0.8675838708877563
Car 0.0 0 -2.8290796279907227 324.6971130371094 166.79522705078125 461.84991455078125 226.05917358398438 3.723658 1.7546402 1.6337384 -6.6466928 1.5756148 22.217274 -3.1197726726531982 0.7999101281166077
Car 0.0 0 -1.6418535709381104 649.8349609375 174.49884033203125 681.9354858398438 200.55755615234375 4.251856 1.4855642 1.6229709 3.2910485 1.5900128 43.52922 -1.5663915872573853 0.7740970253944397
Car 0.0 0 3.3807404041290283 292.98046875 179.1210174560547 451.5639343261719 234.71719360351562 3.8388376 1.4256529 1.554626 -6.414888 1.6045403 19.629658 3.064885139465332 0.7680354118347168
Car 0.0 0 0.6501863598823547 66.09463500976562 179.52899169921875 351.3804016113281 291.1028747558594 3.8420634 1.6089411 1.5670702 -6.3971734 1.7262206 11.582098 0.1455538272857666 0.7463371753692627
Car 0.0 0 -2.9207091331481934 456.2414855957031 176.82077026367188 530.0478515625 206.32876586914062 3.61239 1.5205841 1.5765213 -6.2075195 1.7365264 38.315426 -3.081324577331543 0.645758867263794
