Car 0.0 0 -1.8150057792663574 699.0443725585938 191.48350524902344 816.90673828125 276.1108093261719 3.5833428 1.4657377 1.561859 2.9105854 1.9041419 15.131845 -1.6249783039093018 0.9360323548316956
Car 0.0 0 0.5639631748199463 0.0 189.53057861328125 313.07794189453125 305.7247009277344 3.8625262 1.4384382 1.567199 -6.4056892 1.6874511 9.957252 -0.007701019756495953 0.9005568623542786
Car 0.0 0 3.373838424682617 287.94305419921875 179.67015075683594 445.37176513671875 240.69021606445312 3.795738 1.5630877 1.6308542 -6.579738 1.7587022 19.683186 3.051234245300293 0.8885691165924072
Car 0.0 0 0.5215857028961182 108.14945983886719 188.4891815185547 390.8229675292969 290.4499816894531 4.130532 1.5973228 1.6467249 -6.1866784 1.89024 12.545726 0.06344890594482422 0.8360007405281067
Car 0.0 0 2.9073524475097656 695.4953002929688 178.554443359375 795.42578125 215.50753784179688 4.180433 1.6128623 1.6553319 6.0520363 1.8790531 32.711475 3.090296506881714 0.8287734389305115
Car 0.0 0 0.557064950466156 0.0 188.17996215820312 270.283203125 358.9168395996094 4.2389507 1.4853053 1.6351508 -6.1137223 1.6687022 7.5408034 -0.1241978257894516 0.8040390014648438
Car 0.0 0 0.3516291379928589 197.07965087890625 175.206787109375 418.4462585449219 266.6947021484375 3.841849 1.7492541 1.6347334 -6.0861707 1.8005762 14.732826 -0.0401214063167572 0.8007339239120483
Car 0.0 0 -2.960806131362915 444.8856506347656 178.42611694335938 524.1974487304688 210.76498413085938 3.9256947 1.672261 1.7031163 -6.681182 1.9764903 38.476746 -3.1327338218688965 0.7918127179145813
Car 0.0 0 3.0679872035980225 468.1069030761719 175.09521484375 541.5758056640625 204.0701904296875 4.26247 1.6852 1.7430407 -6.390309 1.8247077 43.480415 2.9220621585845947 0.7618553638458252
Car 0.0 0 0.2568075954914093 384.0382385253906 164.96273803710938 488.08355712890625 207.4972381591797 3.7600453 1.6497267 1.590141 -6.9350457 1.3440173 28.81624 0.02063441276550293 0.7348654866218567
Car 0.0 0 -0.17978346347808838 739.6195678710938 180.5124969482422 866.558837890625 225.90516662597656 4.002075 1.4859262 1.6203521 6.535667 1.7608391 24.902647 0.07687687873840332 0.7302644848823547
Car 0.0 0 -0.2704111337661743 770.5048217773438 187.66104125976562 901.2313232421875 236.7017364501953 3.5758047 1.4290316 1.5548636 6.875943 1.9050691 22.349503 0.028053998947143555 0.7154321074485779
