Car 0.0 0 -1.706423044204712 661.9595947265625 178.01266479492188 734.3048095703125 231.67652893066406 4.4178247 1.4776397 1.6280836 2.5948596 1.6549227 22.518164 -1.5916950702667236 0.9584349393844604
Car 0.0 0 0.3416188657283783 187.99679565429688 174.78982543945312 427.2001647949219 258.0747985839844 4.109741 1.5575637 1.6329542 -5.95657 1.5991586 14.450669 -0.04936058446764946 0.9237253069877625
Car 0.0 0 -2.5062456130981445 0.0 177.87094116210938 304.68060302734375 302.8054504394531 3.9761176 1.3881896 1.5534778 -6.14416 1.4564505 8.922562 -3.109285831451416 0.859144926071167
Car 0.0 0 3.20283842086792 449.9053955078125 172.50704956054688 530.5075073242188 203.66049194335938 3.911133 1.524691 1.6203127 -6.011417 1.508069 36.316833 3.0387988090515137 0.7905617952346802
Car 0.0 0 -0.11530925333499908 728.6984252929688 172.36749267578125 833.770263671875 217.1722869873047 3.7137914 1.6392248 1.6727355 6.393005 1.6217833 27.436853 0.11361408233642578 0.7527151107788086
Car 0.0 0 -0.36626625061035156 718.7471313476562 172.91845703125 818.4365234375 210.9647979736328 3.941791 1.6156355 1.6953238 6.9076095 1.6189338 31.777866 -0.15222425758838654 0.7057185173034668
Car 0.0 0 3.453584909439087 201.29685974121094 175.13926696777344 390.501953125 243.79879760742188 3.726855 1.4944037 1.5290557 -7.1986284 1.5506393 16.702011 3.046640157699585 0.7025431990623474
Car 0.0 0 -0.14317162334918976 665.0425415039062 171.36981201171875 722.7186889648438 193.0452880859375 3.874368 1.5130947 1.6196574 5.897272 1.4098458 51.23028 -0.028563063591718674 0.6873708963394165
Car 0.0 0 0.2079632729291916 362.3126525878906 173.74063110351562 498.8839416503906 218.91680908203125 4.124908 1.4321296 1.6112126 -5.875956 1.4627894 23.780895 -0.03427210822701454 0.6308991312980652
Car 0.0 0 -1.7919232845306396 730.7498779296875 186.57888793945312 851.0765380859375 268.9787902832031 4.098894 1.4864357 1.6398354 3.729771 1.8257406 15.757626 -1.5595043897628784 0.6292899250984192
Car 0.0 0 0.45068469643592834 285.7246398925781 173.61912536621094 442.1291198730469 234.10653686523438 3.6363897 1.520397 1.4945354 -6.5140033 1.5420563 19.121613 0.12235307693481445 0.6255748271942139
Car 0.0 0 3.4069199562072754 283.9890441894531 163.48443603515625 424.55657958984375 216.8984375 3.6386645 1.5135604 1.5683802 -7.528549 1.2484188 21.358793 3.068037509918213 0.6213364601135254
