Pedestrian 0.0 0 -0.7687483429908752 1008.1718139648438 188.9393310546875 1067.4515380859375 263.6939697265625 1.0807713 1.7735006 0.6903348 10.483664 2.1804974 17.7759 -0.2358860969543457 0.25466009974479675
Pedestrian 0.0 0 -3.6530723571777344 1212.4293212890625 188.2178955078125 1242.0 246.10899353027344 0.77832955 1.7669859 0.67056507 19.514395 2.258162 22.641754 -2.941723585128784 0.24675117433071136
Pedestrian 0.0 0 -1.705200433731079 924.4788208007812 115.08133697509766 978.9688720703125 233.0263214111328 0.9401563 1.7854363 0.6578112 5.3584304 0.91123873 11.466562 -1.2680457830429077 0.2203872799873352
Cyclist 0.0 0 -1.581151008605957 1005.3656616210938 171.38136291503906 1017.9447021484375 217.88575744628906 1.5733553 1.6777731 0.3891859 14.87717 1.6250018 26.813139 -1.0745947360992432 0.23047949373722076
Cyclist 0.0 0 0.9368860721588135 725.1949462890625 143.6217498779297 766.9108276367188 196.5472869873047 1.6503494 1.8045832 0.5790684 4.7406673 0.80821943 25.468246 1.120920181274414 0.22133824229240417
Cyclist 0.0 0 -0.9142944812774658 1010.2160034179688 192.96685791015625 1067.15869140625 267.504638671875 1.0893543 1.7530184 0.68368894 10.50389 2.2631874 17.766811 -0.380364328622818 0.13701310753822327
Cyclist 0.0 0 -1.705200433731079 924.4788208007812 115.08133697509766 978.9688720703125 233.0263214111328 0.9401563 1.7854363 0.6578112 5.3584304 0.91123873 11.466562 -1.2680457830429077 0.11849157512187958
Car 0.0 0 -1.5793005228042603 567.1021728515625 187.429443359375 603.3604125976562 221.74659729003906 3.8848827 1.4022553 1.5668555 -1.1974729 2.1118987 33.134003 -1.6154251098632812 0.9127672910690308
Car 0.0 0 -1.5296698808670044 522.6212768554688 186.8847198486328 551.5233154296875 213.00094604492188 4.050038 1.452384 1.6068344 -4.4808054 2.356726 44.416058 -1.6302123069763184 0.4954013228416443
Car 0.0 0 0.08945941925048828 144.81912231445312 170.96090698242188 225.4998779296875 199.162353515625 3.8322575 1.5460235 1.6132292 -24.149927 1.4426004 41.10086 -0.4417755603790283 0.41907984018325806
Car 0.0 0 -2.720547914505005 1136.9031982421875 167.8451385498047 1242.0 203.96981811523438 3.7211607 1.5015205 1.5757437 25.829058 1.2936856 32.00349 -2.041510820388794 0.3881666660308838
Car 0.0 0 3.0545895099639893 551.6067504882812 169.43060302734375 601.4439086914062 190.2838134765625 3.6588655 1.5565479 1.6332268 -2.593357 1.3013713 54.90904 3.007394552230835 0.29857173562049866
Car 0.0 0 0.10780620574951172 921.4310302734375 162.28977966308594 1020.80126953125 196.61720275878906 4.117356 1.5633391 1.6456347 17.281328 1.0825814 34.661583 0.5703115463256836 0.23238196969032288
