Car 0.0 0 -1.719173789024353 652.6763305664062 180.93922424316406 711.8317260742188 224.0184326171875 4.1207833 1.485395 1.5884572 2.664148 1.3390712 26.87999 -1.6203837394714355 0.9663879871368408
Car 0.0 0 -1.7767000198364258 705.2077026367188 192.10275268554688 829.064453125 273.41461181640625 3.6521688 1.3299807 1.5753694 2.8744965 1.481744 13.891347 -1.5726526975631714 0.9502741694450378
Car 0.0 0 -1.3871006965637207 440.16326904296875 180.0790557861328 512.5728149414062 234.79539489746094 3.2610507 1.539641 1.5949334 -3.9566357 1.3962343 21.858004 -1.5661770105361938 0.9465910792350769
Car 0.0 0 -1.2369486093521118 257.975830078125 186.66360473632812 447.254638671875 298.4471740722656 3.7024522 1.4398084 1.6035244 -3.77101 1.4671689 11.161032 -1.562779188156128 0.9452555775642395
Car 0.0 0 -1.0684044361114502 27.98587417602539 181.3450469970703 245.8927764892578 278.2563171386719 3.8277025 1.4767804 1.5976237 -8.211528 1.4189287 12.91156 -1.6348624229431152 0.9011065363883972
Car 0.0 0 -1.2761918306350708 380.3461608886719 178.44480895996094 443.6645812988281 213.29754638671875 3.8733397 1.4219202 1.6016991 -8.471167 1.1468132 31.284008 -1.540632963180542 0.8596612215042114
Car 0.0 0 -1.3962607383728027 480.9385070800781 177.8795623779297 535.8836669921875 215.875732421875 4.076096 1.4829111 1.5954179 -4.122596 1.1977282 30.118914 -1.5322927236557007 0.7916268110275269
Car 0.0 0 -1.5891568660736084 585.6484375 177.56626892089844 610.2685546875 199.91758728027344 4.5025244 1.522163 1.6635964 -0.7561269 1.0023546 51.229103 -1.6039154529571533 0.7033119797706604
Car 0.0 0 -2.9896979331970215 543.7427978515625 177.21595764160156 591.6574096679688 195.60845947265625 3.7557259 1.4949771 1.5986152 -3.30312 0.8458749 59.402454 -3.0452466011047363 0.6514226794242859
Car 0.0 0 -1.2184462547302246 278.5908508300781 183.31935119628906 379.8594055175781 237.70814514160156 3.749585 1.4784386 1.6116866 -8.212201 1.4280217 21.42239 -1.5845143795013428 0.639544665813446
Car 0.0 0 -1.5515893697738647 459.1046447753906 172.64761352539062 484.4367980957031 195.1282958984375 3.830596 1.4864221 1.6447352 -9.359949 0.65655243 49.552567 -1.738279104232788 0.5858137607574463
