Pedestrian 0.0 0 -0.22466234862804413 681.8952026367188 167.31419372558594 700.2570190429688 200.27011108398438 0.84136117 1.7343072 0.6679783 4.2692504 1.4431331 38.347824 -0.11378924548625946 0.4206293523311615
Pedestrian 0.0 0 -1.502257227897644 550.3310546875 174.97879028320312 560.3602905273438 201.64199829101562 0.8134783 1.7855922 0.62297577 -3.7232451 1.930845 48.7918 -1.578418493270874 0.3681583106517792
Pedestrian 0.0 0 1.5374884605407715 526.5724487304688 176.51951599121094 542.6890258789062 215.9488525390625 1.878068 1.8028723 0.69282776 -3.6161811 1.9816928 34.14871 1.4319865703582764 0.11451959609985352
Cyclist 0.0 0 1.6909600496292114 538.6267700195312 175.77381896972656 557.457275390625 214.1012420654297 1.8991963 1.7788044 0.67927396 -2.9970486 1.92304 34.591236 1.6045340299606323 0.6624419093132019
Cyclist 0.0 0 -1.5847514867782593 755.033935546875 132.74578857421875 773.6964111328125 189.32705688476562 1.6499176 1.7617191 0.5622809 4.9343443 0.51326454 23.326859 -1.3762937784194946 0.3695017099380493
Cyclist 0.0 0 -1.502257227897644 550.3310546875 174.97879028320312 560.3602905273438 201.64199829101562 0.8134783 1.7855922 0.62297577 -3.7232451 1.930845 48.7918 -1.578418493270874 0.10323557257652283
Car 0.0 0 -1.7464584112167358 684.1103515625 177.37998962402344 794.0216674804688 263.3946228027344 3.6356401 1.5542597 1.6050427 2.5048192 1.6605192 15.0538025 -1.5815778970718384 0.9563544988632202
Car 0.0 0 1.8280713558197021 353.59124755859375 183.07876586914062 458.04998779296875 255.24053955078125 3.9047663 1.5856099 1.6054064 -5.105951 1.8741636 18.371248 1.5569816827774048 0.918910801410675
Car 0.0 0 1.7395470142364502 470.1134338378906 183.66000366210938 520.1902465820312 218.44224548339844 4.317026 1.4832611 1.6468369 -5.421506 2.0295513 34.28203 1.5827016830444336 0.8178752064704895
Car 0.0 0 -1.5938352346420288 632.02099609375 179.1278533935547 654.8943481445312 200.41900634765625 4.4926248 1.5308083 1.6459801 2.5105689 2.0332217 55.473244 -1.5486087799072266 0.7650855183601379
Car 0.0 0 -0.939083456993103 0.0 220.13394165039062 206.9425048828125 375.0 3.8068943 1.4795697 1.59295 -4.2941775 1.9111071 4.592278 -1.690948724746704 0.5347515344619751
Car 0.0 0 -1.7413240671157837 674.389892578125 174.91590881347656 706.4601440429688 195.91969299316406 4.2067566 1.488903 1.6758152 5.915315 1.6489213 53.717827 -1.6316477060317993 0.4575445353984833
Car 0.0 0 -1.5860134363174438 607.1464233398438 175.84078979492188 627.2120361328125 194.24632263183594 3.9675455 1.4736013 1.6137847 0.55053014 1.7322263 60.399776 -1.5768989324569702 0.3443172872066498
