Pedestrian 0.0 0 -3.3355886936187744 818.943115234375 165.41973876953125 838.5316162109375 202.24319458007812 0.8041633 1.7902402 0.68013763 10.705658 1.4291675 35.454376 -3.0423383712768555 0.44207823276519775
Car 0.0 0 2.000643014907837 81.40132904052734 186.9618682861328 377.611328125 350.6610107421875 4.218484 1.5460789 1.6769196 -4.526519 1.7700608 9.306521 1.5479494333267212 0.907865583896637
Car 0.0 0 -1.7250149250030518 718.0596923828125 172.56809997558594 796.4564819335938 231.7831573486328 4.564455 1.6962756 1.7332106 4.519252 1.6884435 22.981459 -1.530844807624817 0.9035295844078064
Car 0.0 0 1.8080400228500366 396.42205810546875 185.7978973388672 495.6456298828125 250.5552520751953 4.020747 1.4273931 1.5991669 -4.1693926 1.8002243 18.735542 1.5890690088272095 0.866733193397522
Car 0.0 0 1.9262588024139404 310.2061462402344 193.0037841796875 454.5793151855469 282.287841796875 3.7468371 1.4257768 1.4954816 -4.3791976 1.8789177 14.297056 1.6290316581726074 0.838938295841217
Car 0.0 0 1.5988458395004272 558.6757202148438 176.91461181640625 586.3654174804688 201.56491088867188 4.1840305 1.4655443 1.6366875 -2.3654764 1.7349893 45.701324 1.5471324920654297 0.7132497429847717
Car 0.0 0 0.4888284504413605 15.256250381469727 177.9258270263672 167.39227294921875 229.46420288085938 3.569592 1.5472969 1.6491375 -16.412811 1.7161877 22.920063 -0.13261422514915466 0.7077396512031555
Car 0.0 0 2.386948585510254 0.0 196.26611328125 172.40538024902344 375.0 4.0897117 1.5069894 1.6222216 -4.6041923 1.7094104 4.1644726 1.551445722579956 0.5714497566223145
Car 0.0 0 -1.7014096975326538 705.0384521484375 178.1970977783203 747.5670166015625 210.9060821533203 3.6667535 1.4800906 1.5677415 5.566085 1.7541618 35.106213 -1.5441687107086182 0.4616023302078247
Car 0.0 0 -1.7116152048110962 707.04931640625 177.85890197753906 759.4966430664062 216.753173828125 3.7500532 1.4698554 1.5990154 4.9549494 1.6890141 29.646694 -1.5460125207901 0.4342248737812042
Car 0.0 0 -2.929999828338623 500.9678649902344 174.8649139404297 554.6647338867188 195.5965118408203 3.8827736 1.5743356 1.6431055 -6.3803034 1.7335619 55.99336 -3.0434579849243164 0.4106854200363159
