Pedestrian 0.0 0 -0.4396366775035858 908.2576293945312 177.14991760253906 949.22119140625 243.93856811523438 0.7529086 1.6821247 0.66089934 8.139711 1.7949908 18.55372 -0.026210658252239227 0.31946828961372375
Pedestrian 0.0 0 -2.7574820518493652 900.973388671875 167.2875518798828 921.870849609375 207.4115753173828 0.6414415 1.7076706 0.63622624 12.976358 1.4711218 31.15745 -2.3628525733947754 0.2795296609401703
Pedestrian 0.0 0 -1.924919605255127 1012.996337890625 162.79461669921875 1034.4385986328125 203.59420776367188 0.6010965 1.806124 0.664592 18.470537 1.3611708 32.2896 -1.4053220748901367 0.2719995081424713
Pedestrian 0.0 0 -0.7883206605911255 1092.9166259765625 127.86526489257812 1168.5521240234375 232.08226013183594 0.8495717 1.7692169 0.671939 9.064258 1.0058333 12.648004 -0.1665038764476776 0.19915048778057098
Cyclist 0.0 0 -1.6820701360702515 733.9528198242188 170.37515258789062 749.9078369140625 209.4795684814453 1.7778858 1.6431112 0.48091394 5.6579075 1.5393118 31.218458 -1.5027803182601929 0.22542838752269745
Cyclist 0.0 0 -2.003943920135498 698.7821044921875 180.72830200195312 715.68408203125 209.26876831054688 1.5642383 1.6297351 0.3599562 5.6775813 2.1020246 42.440964 -1.870957612991333 0.22534093260765076
Car 0.0 0 2.085040330886841 95.49886322021484 198.0609130859375 305.98468017578125 293.213134765625 4.36106 1.4389652 1.6476116 -7.824528 2.0141232 14.260099 1.5831952095031738 0.9037491679191589
Car 0.0 0 -1.5673202276229858 591.758056640625 182.12823486328125 622.9515991210938 211.68798828125 4.0904303 1.4755017 1.6125885 -0.1758263 2.0078897 39.343315 -1.571789264678955 0.6882500052452087
Car 0.0 0 -1.7883316278457642 658.5125122070312 175.28720092773438 687.1453857421875 193.25428771972656 4.2089653 1.5112582 1.633684 5.4670973 1.7330762 63.47528 -1.7024141550064087 0.5129404664039612
Car 0.0 0 1.1325098276138306 697.6528930664062 175.84178161621094 754.295166015625 203.68528747558594 4.122632 1.5024911 1.6193959 6.58534 1.6842971 41.611164 1.2894670963287354 0.30060628056526184
Car 0.0 0 -0.7196547389030457 664.3612670898438 178.1644744873047 711.4978637695312 197.60833740234375 3.723137 1.5257878 1.5949405 6.3928924 1.975146 59.28073 -0.6122289299964905 0.2729225158691406
