Cyclist 0.0 0 -1.7591099739074707 798.7581787109375 159.53604125976562 871.5682983398438 322.0157775878906 1.7808828 1.8546755 0.5401471 2.7549648 1.7030114 9.147178 -1.466569185256958 0.9522516131401062
Cyclist 0.0 0 -1.5603083372116089 772.5261840820312 173.3157501220703 811.2091064453125 280.8611145019531 1.7231878 1.7176466 0.6033515 3.0872488 1.7265486 12.438746 -1.3170281648635864 0.910335123538971
Car 0.0 0 2.0348801612854004 148.96014404296875 197.175048828125 440.50732421875 371.2106018066406 3.5788095 1.3941411 1.4967918 -3.2640715 1.7310936 8.138014 1.6534349918365479 0.9284937977790833
Car 0.0 0 -2.8192129135131836 361.7925109863281 177.58990478515625 474.9139099121094 218.9417266845703 3.8383222 1.5027118 1.5886146 -7.25314 1.6885391 27.340664 -3.0785274505615234 0.871666669845581
Car 0.0 0 -1.607505440711975 759.7649536132812 178.326416015625 789.758056640625 205.0424346923828 4.168473 1.4910644 1.5958133 9.823454 1.836978 43.36293 -1.3847253322601318 0.7669442296028137
Car 0.0 0 1.7860995531082153 578.203369140625 180.27647399902344 634.3951416015625 217.6519775390625 4.2199836 1.4934975 1.6226033 -0.13050446 1.8455223 31.94954 1.7820148468017578 0.6781765222549438
Car 0.0 0 1.6952840089797974 643.0617065429688 179.7190399169922 676.0833740234375 205.8932647705078 3.939095 1.5074693 1.5668793 3.0815396 1.9532514 44.72946 1.7640681266784668 0.5736832618713379
Car 0.0 0 -1.8559341430664062 819.0380859375 165.6264190673828 871.23779296875 198.14376831054688 4.0372095 1.6713414 1.6096505 12.640757 1.300213 39.12307 -1.543419599533081 0.5650818347930908
Car 0.0 0 -1.7933954000473022 750.3636474609375 176.3087158203125 787.07763671875 199.71351623535156 3.6921642 1.5105542 1.6520951 10.6948805 1.754235 48.96464 -1.5783522129058838 0.5112553238868713
Car 0.0 0 1.7074121236801147 611.5162353515625 178.3007354736328 652.792236328125 212.04373168945312 3.8248715 1.5715648 1.5686389 1.1262226 1.8609607 36.270065 1.7384531497955322 0.5094069242477417
Car 0.0 0 1.591740369796753 673.3635864257812 178.59567260742188 698.1598510742188 201.86141967773438 4.0286245 1.502301 1.6175871 5.224456 1.9150712 49.724083 1.696425199508667 0.4499518871307373
