Pedestrian 0.0 0 -3.2481391429901123 635.691650390625 143.81161499023438 738.4846801757812 307.47723388671875 1.1148456 1.8104217 0.5046019 0.8690335 1.4062725 8.068908 -3.1408512592315674 0.7387955188751221
Pedestrian 0.0 0 -1.2585580348968506 837.9168090820312 177.33999633789062 872.645751953125 244.3585205078125 0.78012496 1.6464802 0.61881924 6.290767 1.570444 17.863262 -0.919958233833313 0.28975191712379456
Pedestrian 0.0 0 3.6956801414489746 53.97443771362305 189.38534545898438 98.96265411376953 252.13551330566406 0.81396866 1.7673008 0.6602274 -15.25789 2.029582 20.376513 3.0529489517211914 0.25775381922721863
Pedestrian 0.0 0 -0.6964651346206665 949.1829223632812 141.21908569335938 1016.661865234375 249.3815460205078 0.7117879 1.7220055 0.6776714 6.1758103 1.0982869 11.657011 -0.20926767587661743 0.24462111294269562
Pedestrian 0.0 0 -2.3120999336242676 0.0 176.4852294921875 58.621097564697266 264.6603088378906 0.92995733 1.7240655 0.6516199 -11.72926 1.647197 14.207009 -3.0022549629211426 0.18253420293331146
Pedestrian 0.0 0 2.7921953201293945 634.2838134765625 172.7976837158203 690.5676879882812 271.6848449707031 0.84141964 1.7517074 0.6910128 1.0011184 1.6169102 12.9657755 2.8692548274993896 0.18108206987380981
Pedestrian 0.0 0 1.6169546842575073 688.4734497070312 161.8759307861328 722.7958374023438 250.2972869873047 0.68855256 1.7606277 0.6669909 2.0257914 1.3914179 14.473444 1.7560173273086548 0.17734676599502563
Pedestrian 0.0 0 -1.171413779258728 516.8065185546875 162.0601806640625 569.2684936523438 262.6983947753906 0.9941025 1.7751931 0.6294333 -1.1723846 1.4515703 13.03623 -1.2611052989959717 0.15686190128326416
Pedestrian 0.0 0 -1.314016580581665 850.0752563476562 147.64120483398438 912.5713500976562 258.15594482421875 1.6270255 1.7384917 0.5939022 4.648738 1.223251 11.950329 -0.9430243968963623 0.1327575296163559
Cyclist 0.0 0 -1.3600056171417236 844.5503540039062 144.06710815429688 902.0618286132812 251.93417358398438 1.6593621 1.733144 0.5989356 4.6144185 1.149416 12.215193 -0.998816967010498 0.33262383937835693
Cyclist 0.0 0 -1.171413779258728 516.8065185546875 162.0601806640625 569.2684936523438 262.6983947753906 0.9941025 1.7751931 0.6294333 -1.1723846 1.4515703 13.03623 -1.2611052989959717 0.1057928279042244
Car 0.0 0 0.8146854639053345 0.0 188.3650360107422 132.2322235107422 233.66552734375 4.291892 1.5468094 1.6296917 -19.758593 1.8467413 25.678547 0.15884637832641602 0.4367135167121887
Car 0.0 0 2.908670425415039 550.2316284179688 172.7042694091797 611.799560546875 194.92364501953125 4.085794 1.5304164 1.635784 -1.7033786 0.99477184 50.0227 2.874631404876709 0.26405152678489685
Car 0.0 0 -1.18646240234375 489.0487976074219 149.85157775878906 588.9127197265625 203.69285583496094 3.9937305 1.4705908 1.6316693 -1.9181854 0.6350564 21.454802 -1.2756311893463135 0.1570993959903717
