Car 0.0 0 -1.7550119161605835 681.87841796875 185.40452575683594 777.1715698242188 253.6322479248047 3.8512766 1.4309427 1.6052207 2.7738223 1.7747793 17.795507 -1.6003841161727905 0.9703797698020935
Car 0.0 0 -2.1018404960632324 810.0151977539062 195.35690307617188 1242.0 375.0 3.895234 1.4689398 1.5865363 2.916089 1.7058576 5.597027 -1.62152898311615 0.9263028502464294
Car 0.0 0 0.486517995595932 216.40379333496094 175.10960388183594 431.029296875 248.20919799804688 4.21997 1.5324024 1.622131 -6.4038167 1.586742 16.226175 0.11062383651733398 0.9172850251197815
Car 0.0 0 -2.4398436546325684 0.0 174.12664794921875 274.2109069824219 316.1589050292969 3.8916614 1.4743899 1.612428 -6.2878494 1.4912429 8.426582 -3.0809032917022705 0.9064125418663025
Car 0.0 0 -1.6651005744934082 654.6251220703125 175.80592346191406 705.279052734375 219.9908905029297 3.932733 1.6121018 1.6153215 2.65708 1.7373369 28.553274 -1.5723109245300293 0.9002212285995483
Car 0.0 0 3.4303696155548096 307.614990234375 170.31153869628906 468.4736633300781 231.91766357421875 4.176003 1.7248499 1.7110497 -6.432179 1.6540241 21.070074 3.134079933166504 0.8364318609237671
Car 0.0 0 0.560512900352478 0.0 183.1948699951172 304.8409729003906 291.8477478027344 3.8421633 1.5171627 1.6176885 -6.9875264 1.6875236 11.043461 -0.003625626675784588 0.8046861290931702
Car 0.0 0 1.4593089818954468 648.0797729492188 179.8777313232422 691.2745361328125 214.86444091796875 4.0338516 1.5378532 1.6108853 2.7614665 1.8946664 34.57389 1.5390112400054932 0.7709876894950867
Car 0.0 0 -2.269202709197998 0.0 209.67791748046875 150.38616943359375 375.0 3.9628446 1.4527812 1.6070375 -6.283069 1.8012823 5.9056363 -3.085556745529175 0.7331116199493408
Car 0.0 0 3.249377489089966 398.80523681640625 175.171630859375 501.7947998046875 216.0054931640625 3.834643 1.5553029 1.6428549 -6.3046064 1.6508958 28.621136 3.032562017440796 0.6984256505966187
Car 0.0 0 -1.921351671218872 624.048095703125 175.0991668701172 669.1116943359375 200.80628967285156 3.651433 1.4851687 1.5800898 2.1510355 1.6286201 44.005913 -1.8725099563598633 0.6298575401306152
