Pedestrian 0.0 0 3.4227328300476074 0.0 173.4220428466797 42.62070846557617 272.5938415527344 0.79831594 1.677842 0.65182596 -10.611123 1.6885376 12.669315 2.7255141735076904 0.46201950311660767
Car 0.0 0 1.9472953081130981 208.3404998779297 177.5958709716797 382.6843566894531 275.9901123046875 4.3206334 1.6666653 1.7304137 -6.1559725 1.7773662 14.608251 1.5484745502471924 0.9133639931678772
Car 0.0 0 -2.1998443603515625 851.4766235351562 190.3810272216797 1242.0 375.0 3.794384 1.4722536 1.5606276 2.8872578 1.6253177 4.354374 -1.6143354177474976 0.8709043264389038
Car 0.0 0 0.03180474042892456 1062.4156494140625 149.1665802001953 1242.0 206.13668823242188 4.116615 1.5085284 1.5717409 15.639926 0.8816601 20.999428 0.6719558238983154 0.8029158711433411
Car 0.0 0 1.5868695974349976 524.3341064453125 179.08619689941406 556.9312133789062 207.94601440429688 4.3085256 1.4728765 1.7023512 -3.845604 1.8378291 39.9933 1.4910081624984741 0.772895336151123
Car 0.0 0 1.866278886795044 338.0577392578125 180.78526306152344 438.45257568359375 245.29476928710938 4.196645 1.6587046 1.6524609 -6.4065814 1.9148295 21.16573 1.5723592042922974 0.7595388889312744
Car 0.0 0 -1.645674228668213 631.53271484375 174.42588806152344 657.3902587890625 194.92820739746094 4.233932 1.4571056 1.6042147 2.5024738 1.5792105 53.743958 -1.5991449356079102 0.7292097210884094
Car 0.0 0 2.1855664253234863 0.0 200.1704559326172 166.11668395996094 375.0 3.7227824 1.4284632 1.512105 -6.008003 1.7610344 6.8414974 1.4649434089660645 0.6275972723960876
Car 0.0 0 1.8032307624816895 493.0811767578125 181.73736572265625 531.8692626953125 205.84852600097656 4.0730896 1.4425124 1.6000918 -6.3078203 2.0452821 46.82187 1.6693174839019775 0.6106728911399841
Car 0.0 0 1.767788052558899 433.4373779296875 184.7101593017578 487.0942077636719 222.36903381347656 3.9721932 1.4959913 1.575166 -6.587909 2.0533762 31.9053 1.5641664266586304 0.5428980588912964
