Pedestrian 0.0 0 3.227778673171997 324.9234619140625 158.4682159423828 384.1523132324219 270.6340026855469 0.8422508 1.7304343 0.6911924 -4.0475035 1.392198 11.344137 2.8850655555725098 0.6203628778457642
Pedestrian 0.0 0 0.04440492391586304 373.3544921875 170.84188842773438 390.26318359375 209.9976043701172 0.6777166 1.6882862 0.64386606 -9.76481 1.2733302 30.879719 -0.26186612248420715 0.4605824649333954
Pedestrian 0.0 0 3.2269234657287598 356.90960693359375 163.24691772460938 386.3721008300781 214.36390686035156 0.86727965 1.6314704 0.51716566 -7.5875926 1.0823634 22.913742 2.9071507453918457 0.3046739399433136
Cyclist 0.0 0 1.4597152471542358 480.2980651855469 167.4437713623047 490.8909606933594 192.47879028320312 1.8667576 1.7480224 0.5378459 -8.502533 0.83769524 50.33476 1.2923752069473267 0.31851160526275635
Cyclist 0.0 0 3.2269234657287598 356.90960693359375 163.24691772460938 386.3721008300781 214.36390686035156 0.86727965 1.6314704 0.51716566 -7.5875926 1.0823634 22.913742 2.9071507453918457 0.10537076741456985
Car 0.0 0 -1.6149728298187256 535.5016479492188 161.9390411376953 578.9186401367188 205.5589599609375 4.002669 1.7003495 1.6253779 -2.0837057 0.9783262 29.637527 -1.6851636171340942 0.7856996655464172
Car 0.0 0 -1.565189242362976 528.657470703125 169.825927734375 565.820556640625 205.14071655273438 4.3630223 1.6207279 1.7034706 -2.8384101 1.1323115 34.68408 -1.646843433380127 0.5974438190460205
Car 0.0 0 3.2690200805664062 421.2578125 181.10107421875 485.5746154785156 203.86184692382812 4.1707063 1.5381066 1.622776 -10.417355 1.581733 48.807808 3.058739185333252 0.5540577173233032
Car 0.0 0 3.1588430404663086 395.2413024902344 173.30929565429688 467.04583740234375 199.53292846679688 4.0345087 1.5000979 1.6370996 -10.220932 1.0901431 41.685875 2.9183971881866455 0.3317636251449585
Car 0.0 0 1.641931414604187 399.5794372558594 180.68011474609375 423.9574279785156 199.76309204101562 4.1567807 1.4880723 1.6189289 -15.627084 1.5044508 57.36574 1.3759733438491821 0.31412065029144287
