Pedestrian 0.0 0 -2.065061569213867 1111.318603515625 198.81434631347656 1242.0 375.0 0.80671483 1.5587499 0.6873095 4.7612967 1.7945461 6.085398 -1.4011366367340088 0.6548259854316711
Pedestrian 0.0 0 1.6236517429351807 1167.6429443359375 180.63296508789062 1210.1429443359375 272.64300537109375 0.78244334 1.6516225 0.58229005 10.798393 1.8029771 13.517152 2.297700881958008 0.5627149343490601
Pedestrian 0.0 0 -3.2141947746276855 897.27880859375 164.43954467773438 982.2305908203125 323.9093322753906 0.8279543 1.711482 0.616174 3.6557043 1.6215333 8.171842 -2.793543577194214 0.4013195037841797
Pedestrian 0.0 0 2.1667189598083496 503.8067321777344 199.57559204101562 527.3951416015625 242.60862731933594 0.7817342 1.8207153 0.7108343 -4.180601 3.0127316 31.665762 2.0354552268981934 0.3394980728626251
Pedestrian 0.0 0 -0.4294053614139557 879.4353637695312 191.48619079589844 958.8890380859375 325.75506591796875 0.7181456 1.6290452 0.66040736 3.865958 1.8755296 9.187371 -0.0311056487262249 0.29817238450050354
Pedestrian 0.0 0 2.6981804370880127 902.42138671875 189.4263153076172 921.9188842773438 221.2955322265625 0.76168394 1.68595 0.65337855 16.239475 2.587071 38.870876 3.0939197540283203 0.2661784887313843
Cyclist 0.0 0 -1.6234912872314453 1191.7947998046875 178.6440887451172 1239.51220703125 293.0140686035156 1.8090446 1.6472908 0.47195584 9.442216 1.7456453 11.343277 -0.9293003082275391 0.6578502655029297
Cyclist 0.0 0 -1.1704305410385132 491.9704895019531 214.1678009033203 522.0235595703125 271.59515380859375 1.5621423 1.6427932 0.35329664 -3.2564368 2.9825747 22.589714 -1.313599944114685 0.3844321668148041
Cyclist 0.0 0 -1.4211492538452148 1175.96630859375 132.45730590820312 1242.0 290.2717590332031 1.7161968 1.6942791 0.56251544 7.183107 1.2609425 8.521219 -0.7207522988319397 0.3240951895713806
Cyclist 0.0 0 -2.0596837997436523 713.903076171875 188.47677612304688 730.6854858398438 214.80242919921875 1.562083 1.6349254 0.379045 7.206898 2.6607144 46.556877 -1.9061050415039062 0.23393304646015167
Cyclist 0.0 0 -0.24832773208618164 506.94451904296875 202.4599609375 529.8551635742188 244.10507202148438 0.8435298 1.764212 0.7421164 -4.077646 3.0889692 31.774666 -0.37596023082733154 0.10475786030292511
Car 0.0 0 1.5756900310516357 582.1018676757812 202.79815673828125 612.5776977539062 233.36517333984375 4.170271 1.4481349 1.6174796 -0.73604643 3.2114701 40.382416 1.5574651956558228 0.46975839138031006
Car 0.0 0 -1.2894697189331055 412.5547790527344 162.5133514404297 484.2559509277344 210.7878875732422 3.463964 1.5786729 1.5577862 -5.6433673 1.2408714 25.370184 -1.5083470344543457 0.3926944136619568
Car 0.0 0 -2.980422019958496 706.9368286132812 186.70993041992188 756.7210693359375 206.2151641845703 3.8993416 1.5397966 1.5796982 10.161041 2.7243707 60.28846 -2.813450813293457 0.2941569983959198
Car 0.0 0 -3.4346954822540283 875.352294921875 184.7794647216797 926.5973510742188 203.7588653564453 3.620158 1.5120753 1.5968066 23.995155 2.5140307 59.64098 -3.05218505859375 0.2577809691429138
