Pedestrian 0.0 0 1.2608327865600586 992.2574462890625 160.11663818359375 1031.9473876953125 234.53433227539062 0.7118934 1.8180174 0.6806165 9.994566 1.5072031 18.039751 1.7667648792266846 0.7193261981010437
Pedestrian 0.0 0 -2.908320903778076 540.5836181640625 182.75051879882812 559.9674072265625 223.9479217529297 0.66779727 1.6664747 0.6362033 -2.4986851 2.079549 29.723412 -2.9921882152557373 0.31568118929862976
Pedestrian 0.0 0 -1.2768328189849854 335.0143127441406 189.5247802734375 348.7127990722656 216.23988342285156 0.60235876 1.5766773 0.6234587 -16.122667 2.5849316 43.300594 -1.6332719326019287 0.26404058933258057
Car 0.0 0 2.056152820587158 0.0 211.861572265625 457.0755920410156 375.0 3.6858456 1.4286687 1.5652577 -2.3472314 1.7978333 4.944932 1.6129703521728516 0.8273698687553406
Car 0.0 0 -1.6823539733886719 644.0278930664062 179.43527221679688 692.6400756835938 217.1488494873047 3.7122557 1.4537227 1.6210936 2.3510396 1.7481046 30.349827 -1.605043649673462 0.47442346811294556
Car 0.0 0 1.849499225616455 327.3329772949219 177.23118591308594 366.1509094238281 198.88333129882812 4.0247984 1.4762594 1.5875931 -18.978918 1.805153 52.089966 1.5000990629196167 0.3869619071483612
Car 0.0 0 0.35279935598373413 966.3692016601562 174.05523681640625 1024.3944091796875 193.00604248046875 4.020808 1.5452965 1.628488 32.593136 1.6508377 61.134617 0.8426039218902588 0.33628037571907043
Car 0.0 0 3.1236019134521484 242.334716796875 182.21974182128906 303.23858642578125 204.75064086914062 3.7332656 1.4594451 1.4979291 -23.131866 2.1213632 49.470352 2.686216354370117 0.31951096653938293
Car 0.0 0 0.7550773024559021 648.3585205078125 177.66444396972656 705.421875 200.94802856445312 3.78396 1.4709619 1.5245653 4.411254 1.8061438 48.297073 0.8461604118347168 0.26017504930496216
Car 0.0 0 0.32438355684280396 725.6515502929688 184.18011474609375 821.6646728515625 219.2645263671875 4.126049 1.5168432 1.608783 7.6673846 2.079894 34.085735 0.5456447601318359 0.2508091926574707
Car 0.0 0 0.8580542802810669 1005.903076171875 179.59202575683594 1067.0323486328125 202.34976196289062 3.7943633 1.4685402 1.5100359 29.300726 1.9521558 49.74484 1.3903614282608032 0.24287733435630798
