Pedestrian 0.0 0 -3.4243640899658203 1150.04931640625 63.983943939208984 1242.0 261.5855712890625 0.8033609 1.775488 0.6303822 5.71253 0.7976278 6.928788 -2.7348835468292236 0.5862950682640076
Pedestrian 0.0 0 -3.256563186645508 1141.9571533203125 138.99899291992188 1242.0 345.49932861328125 0.7062866 1.6858801 0.6321655 5.089694 1.4098439 6.3434725 -2.580390214920044 0.4342441260814667
Pedestrian 0.0 0 0.5650595426559448 177.34066772460938 144.5723419189453 233.03175354003906 232.11341857910156 0.7870198 1.7711126 0.63741285 -8.419315 1.1992819 14.933871 0.051703453063964844 0.3544809818267822
Cyclist 0.0 0 -2.6017398834228516 1138.0107421875 64.77913665771484 1242.0 263.0408020019531 0.8505398 1.7680869 0.6693144 5.6977553 0.8046389 6.94509 -1.9146828651428223 0.20512539148330688
Car 0.0 0 1.9282605648040771 236.8048858642578 193.1949920654297 465.35894775390625 326.8314514160156 4.573364 1.4917271 1.7250179 -3.671155 1.8696852 11.074216 1.608156681060791 0.9471614360809326
Car 0.0 0 1.806450366973877 407.919677734375 175.32774353027344 505.21112060546875 246.705810546875 4.108243 1.705234 1.63945 -4.049349 1.7794338 19.457094 1.6012624502182007 0.8745986223220825
Car 0.0 0 1.8738926649093628 515.1394653320312 179.42721557617188 569.5314331054688 210.23016357421875 4.078042 1.4298317 1.6002982 -3.398722 1.7830887 36.573624 1.7812305688858032 0.7619882822036743
Car 0.0 0 -1.6602953672409058 558.837646484375 173.22743225097656 581.6219482421875 190.99684143066406 3.9478655 1.5287228 1.6740322 -3.5901537 1.5633994 64.2335 -1.7161295413970947 0.3700341582298279
Car 0.0 0 1.3340468406677246 628.136474609375 173.206298828125 658.9061889648438 191.63815307617188 4.2948246 1.5198131 1.6675967 2.809718 1.5514736 61.845585 1.3794467449188232 0.34228163957595825
Car 0.0 0 -1.6763640642166138 506.6748352050781 173.16091918945312 528.34765625 189.5603790283203 3.9123933 1.4930552 1.6139845 -8.742537 1.5231652 67.85625 -1.804497241973877 0.3159599304199219
Car 0.0 0 -1.5420151948928833 532.1187744140625 175.43679809570312 562.8121337890625 203.01393127441406 3.9477518 1.5323733 1.689518 -3.673574 1.6920586 42.488186 -1.6282618045806885 0.3106868267059326
Car 0.0 0 1.3904144763946533 643.9204711914062 171.68946838378906 678.7501220703125 194.59291076660156 4.203569 1.4964418 1.63886 3.4312193 1.4207134 49.319996 1.459873080253601 0.30644717812538147
