Pedestrian 0.0 0 -0.162744402885437 81.7398681640625 160.2613067626953 125.32442474365234 249.62176513671875 0.63153535 1.763378 0.62652105 -10.357417 1.5152402 14.680345 -0.7771718502044678 0.26306599378585815
Pedestrian 0.0 0 0.8683300614356995 686.9695434570312 169.3065948486328 721.9442749023438 244.8419189453125 0.47445884 1.7148913 0.6538333 2.1436837 1.6347122 16.75535 0.9955790042877197 0.23350471258163452
Car 0.0 0 -1.5609238147735596 578.1609497070312 170.6299591064453 606.1170043945312 197.4767303466797 3.6921868 1.5188307 1.5816529 -1.0736536 1.3933654 42.675518 -1.586077094078064 0.49772992730140686
Car 0.0 0 1.2854485511779785 711.9483032226562 178.8907012939453 750.9522705078125 200.1028594970703 4.3365245 1.4462774 1.6486439 8.792163 1.9066194 52.72563 1.4506813287734985 0.4319412410259247
Car 0.0 0 1.390089988708496 744.181640625 184.71739196777344 782.186279296875 211.42776489257812 3.8378181 1.4639751 1.5529523 9.08866 2.206632 43.205406 1.5974262952804565 0.36177515983581543
Car 0.0 0 1.2872109413146973 1216.5350341796875 164.8734130859375 1242.0 194.7966766357422 3.9911482 1.5458293 1.6243168 34.80172 1.1339121 39.423187 2.0104262828826904 0.3158701956272125
Car 0.0 0 -0.10489825159311295 630.2448120117188 178.26046752929688 686.960693359375 199.21597290039062 3.9970653 1.4969121 1.6365232 3.5065947 1.9003415 52.89557 -0.03870232403278351 0.30785056948661804
Car 0.0 0 0.10706913471221924 398.8173828125 183.02639770507812 479.12353515625 212.22525024414062 3.97796 1.4700924 1.6097151 -9.01028 2.022407 38.10119 -0.12514765560626984 0.26476794481277466
Car 0.0 0 -1.5726152658462524 543.3013916015625 162.03167724609375 567.5255737304688 183.7652130126953 4.000186 1.4968768 1.6659206 -3.9486678 0.7518569 51.751404 -1.648768424987793 0.25882548093795776
Car 0.0 0 1.4838335514068604 251.7066192626953 178.15451049804688 278.19580078125 197.24436950683594 3.9286635 1.4554629 1.5907348 -27.914116 1.8992863 58.26885 1.0370800495147705 0.23980998992919922
Car 0.0 0 -0.31117039918899536 571.3392944335938 181.65716552734375 641.4089965820312 206.75619506835938 4.1913776 1.523257 1.6249447 -0.26962608 2.1048534 46.212334 -0.31700482964515686 0.23717139661312103
Car 0.0 0 -2.2041172981262207 951.5138549804688 174.96990966796875 1000.2701416015625 194.8314971923828 3.6874714 1.4962895 1.527878 28.67836 1.6686678 56.713398 -1.7359427213668823 0.2336164265871048
Car 0.0 0 -1.195741891860962 509.2291564941406 166.81710815429688 545.8235473632812 185.4025421142578 4.0324593 1.4832171 1.6489133 -6.8082075 1.0017983 59.7407 -1.3092149496078491 0.2324049472808838
Car 0.0 0 3.255754232406616 400.1177978515625 179.13528442382812 474.81866455078125 205.1973419189453 4.213311 1.5112231 1.6397539 -10.360374 1.8988456 43.416393 3.0215067863464355 0.22661058604717255
