Pedestrian 0.0 0 -2.7260773181915283 411.99151611328125 157.22293090820312 436.70855712890625 196.9537353515625 0.8173999 1.6928574 0.709971 -8.053311 1.0272033 31.157122 -2.979015588760376 0.36864060163497925
Pedestrian 0.0 0 -2.398686647415161 135.06178283691406 168.2155303955078 162.71885681152344 208.98956298828125 0.78379303 1.7825931 0.67221165 -20.449259 1.580163 31.940735 -2.9681594371795654 0.27091047167778015
Cyclist 0.0 0 -2.7260773181915283 411.99151611328125 157.22293090820312 436.70855712890625 196.9537353515625 0.8173999 1.6928574 0.709971 -8.053311 1.0272033 31.157122 -2.979015588760376 0.10540041327476501
Car 0.0 0 2.044497489929199 55.90816879272461 196.29270935058594 210.6351318359375 272.3673400878906 3.339924 1.3724476 1.4559885 -10.319017 1.9432495 15.821156 1.4665567874908447 0.9056353569030762
Car 0.0 0 3.275869131088257 391.689453125 179.28448486328125 469.38800048828125 207.58663940429688 4.0170116 1.5169661 1.6207253 -9.96959 1.8843937 40.16045 3.032543897628784 0.3299248218536377
Car 0.0 0 0.25355398654937744 740.4560546875 176.11111450195312 797.293212890625 198.10365295410156 3.7095659 1.5203416 1.5999444 11.393062 1.7619593 51.88988 0.46968674659729004 0.32102012634277344
Car 0.0 0 -2.8094358444213867 842.9440307617188 176.2859344482422 923.6032104492188 206.51943969726562 3.7169235 1.5208613 1.5635101 14.508761 1.712802 38.48776 -2.4489383697509766 0.27293962240219116
Car 0.0 0 -0.08583888411521912 901.2763671875 174.06138610839844 964.8311157226562 197.2801971435547 3.77041 1.5115561 1.6198597 21.62324 1.5953832 48.49608 0.33358025550842285 0.26443538069725037
Car 0.0 0 -1.977562427520752 679.4080200195312 172.6607666015625 714.2947387695312 189.1761474609375 4.1877995 1.4623786 1.6469723 7.897846 1.4456253 66.128395 -1.8586934804916382 0.2446255087852478
Car 0.0 0 -2.634484052658081 859.5855712890625 173.3372039794922 918.28466796875 194.09519958496094 3.764038 1.4824582 1.5926025 20.64629 1.5200028 53.57266 -2.266636848449707 0.22933629155158997
