Pedestrian 0.0 0 -1.8654885292053223 877.5697021484375 158.07534790039062 922.8651733398438 239.919921875 1.0256817 1.7439846 0.65366113 6.333658 1.4294316 15.910635 -1.4866410493850708 0.2567474842071533
Cyclist 0.0 0 -0.9029797315597534 245.336181640625 171.56060791015625 265.56640625 194.88412475585938 1.7208403 1.7665882 0.4240856 -27.304512 1.6689806 55.534298 -1.3599406480789185 0.2633812129497528
Cyclist 0.0 0 -1.8654885292053223 877.5697021484375 158.07534790039062 922.8651733398438 239.919921875 1.0256817 1.7439846 0.65366113 6.333658 1.4294316 15.910635 -1.4866410493850708 0.15072061121463776
Car 0.0 0 -1.5731794834136963 579.461669921875 169.9701690673828 608.2034912109375 197.45547485351562 4.4739823 1.5742254 1.6466589 -1.0182188 1.409411 43.580894 -1.5965391397476196 0.8599914908409119
Car 0.0 0 1.5583901405334473 512.3867797851562 179.4014434814453 532.210205078125 197.9126739501953 4.2079363 1.4781517 1.6156644 -7.507784 2.055213 61.357754 1.4366345405578613 0.39165323972702026
Car 0.0 0 1.8017985820770264 380.27203369140625 174.6632080078125 451.89654541015625 219.44573974609375 3.9753685 1.4632297 1.5959891 -6.8643246 1.5331911 25.745707 1.541239619255066 0.3503575026988983
Car 0.0 0 1.3730943202972412 498.6719970703125 179.19393920898438 531.7590942382812 200.75111389160156 4.3029847 1.497104 1.6236801 -7.129793 1.9900281 53.75702 1.2412339448928833 0.30017325282096863
Car 0.0 0 -1.0202710628509521 0.0 186.24661254882812 91.525390625 222.91795349121094 4.117136 1.5141155 1.6964806 -26.255543 2.175988 33.49501 -1.6850954294204712 0.26579946279525757
Car 0.0 0 -2.6286821365356445 434.33514404296875 180.4957733154297 508.8818664550781 208.3278350830078 3.846 1.5007074 1.6635828 -7.9032493 1.9508772 41.069675 -2.818793296813965 0.2594948410987854
Car 0.0 0 -1.7949219942092896 1163.742919921875 134.937744140625 1242.0 192.6863250732422 3.867806 1.5751506 1.6097444 18.106941 0.5413049 21.76668 -1.101050853729248 0.232029527425766
Car 0.0 0 -1.9233925342559814 650.2850341796875 172.75047302246094 685.1553955078125 190.9864959716797 3.9185748 1.4555342 1.6166773 4.7117143 1.4476273 59.69266 -1.8446229696273804 0.2310219556093216
