Pedestrian 0.0 0 1.5746593475341797 945.0678100585938 160.76837158203125 976.1923828125 231.397705078125 0.78216743 1.7445868 0.69724 8.854414 1.4464226 18.324026 2.024787664413452 0.45349612832069397
Pedestrian 0.0 0 1.5716558694839478 821.3764038085938 179.5791473388672 846.1383666992188 258.04071044921875 0.7719492 1.6102796 0.4901454 4.6995463 1.7575835 15.32206 1.8692642450332642 0.3930484354496002
Pedestrian 0.0 0 -1.6926602125167847 757.8826293945312 182.43960571289062 780.650146484375 237.75238037109375 0.66978186 1.6191282 0.5869059 4.7169585 1.9113238 21.604023 -1.4776966571807861 0.26641756296157837
Cyclist 0.0 0 -2.4575674533843994 825.7726440429688 156.91934204101562 862.434326171875 195.15878295898438 1.7096819 1.7089238 0.43029046 10.677959 0.99716127 33.077347 -2.145310401916504 0.18764200806617737
Cyclist 0.0 0 -1.7988696098327637 808.8460083007812 166.4653778076172 828.1378173828125 204.49856567382812 1.7675622 1.6909949 0.45579588 9.476539 1.4073083 32.97196 -1.5190010070800781 0.1523655503988266
Car 0.0 0 -1.7394990921020508 643.88720703125 174.03317260742188 671.2415771484375 192.7624969482422 3.943019 1.4627203 1.5730244 3.806616 1.5622629 58.647377 -1.6746832132339478 0.3189318776130676
Car 0.0 0 1.1135975122451782 147.13316345214844 183.5171661376953 198.9413299560547 205.94186401367188 3.9431026 1.5191795 1.6375195 -31.712944 2.3183014 52.29537 0.5684709548950195 0.23918722569942474
Car 0.0 0 -0.5611174702644348 792.41064453125 173.23953247070312 874.5771484375 203.07778930664062 3.8822582 1.5261176 1.6393617 11.789262 1.5475955 38.229187 -0.26198697090148926 0.22909268736839294
Car 0.0 0 -1.7263891696929932 695.4889526367188 170.00257873535156 721.4495239257812 187.29159545898438 4.116957 1.4536684 1.612261 8.504247 1.2142762 62.73932 -1.5916613340377808 0.19168910384178162
Car 0.0 0 0.7091526985168457 399.31121826171875 185.4196319580078 447.3423767089844 204.5369415283203 3.70707 1.4896579 1.5936576 -15.489422 2.5575292 59.764572 0.45555853843688965 0.1785951405763626
Car 0.0 0 -1.6514943838119507 692.695556640625 182.07008361816406 727.887451171875 212.07089233398438 3.61666 1.4241445 1.5023212 5.093176 1.9236708 37.23066 -1.5155377388000488 0.14749100804328918
