Car 0.0 0 -1.3840066194534302 445.0361328125 184.19674682617188 517.523193359375 235.55079650878906 3.6952822 1.5329376 1.6541461 -4.0516853 1.503653 23.31395 -1.5560760498046875 0.9466095566749573
Car 0.0 0 -1.0954115390777588 137.46005249023438 190.23863220214844 308.1870422363281 269.1187744140625 3.9079247 1.458547 1.6134604 -8.115707 1.581684 15.4974985 -1.5778220891952515 0.9063585996627808
Car 0.0 0 -1.2574436664581299 216.2799530029297 175.71971130371094 456.3056640625 329.78875732421875 4.165477 1.5866761 1.6748279 -3.2904081 1.490013 9.498507 -1.5909194946289062 0.8714444637298584
Car 0.0 0 -1.554476022720337 564.5264282226562 177.928466796875 607.6854248046875 218.92234802246094 4.2177896 1.5767528 1.660207 -0.9003481 1.2975944 29.765923 -1.584714412689209 0.8384413123130798
Car 0.0 0 -0.9123855829238892 0.0 186.88766479492188 137.00924682617188 262.1865234375 4.1435657 1.4555026 1.62332 -12.719114 1.4988467 16.064686 -1.5820719003677368 0.8376560211181641
Car 0.0 0 -1.4423763751983643 504.7147521972656 179.91896057128906 545.3790893554688 210.3882293701172 3.6131823 1.4105942 1.5232772 -4.019826 1.1665097 35.093475 -1.5564255714416504 0.7864994406700134
Car 0.0 0 -1.47553551197052 413.11456298828125 183.2630615234375 453.1178894042969 214.96371459960938 3.5732002 1.4449922 1.541716 -8.397287 1.357118 34.641407 -1.713354229927063 0.6419268250465393
Car 0.0 0 1.8744456768035889 337.9028015136719 172.03790283203125 379.57073974609375 193.46456909179688 4.265788 1.4783292 1.6344706 -17.884748 0.5702609 51.749374 1.5416932106018066 0.5138586759567261
Car 0.0 0 1.8744332790374756 258.8945617675781 184.81076049804688 329.9112854003906 223.33279418945312 3.8940516 1.4638897 1.5610341 -12.724962 1.4496329 29.332214 1.4651139974594116 0.5112515091896057
Car 0.0 0 -1.2921656370162964 353.71405029296875 179.2393341064453 423.739501953125 220.3603515625 3.8559434 1.4867351 1.600824 -8.453695 1.2717906 27.926546 -1.5861084461212158 0.5105348825454712
Car 0.0 0 1.3215254545211792 646.577880859375 177.9331512451172 677.0633544921875 196.84298706054688 3.8941147 1.4995023 1.5799773 4.3903303 0.9231461 59.054626 1.3957325220108032 0.46503618359565735
