Pedestrian 0.0 0 -2.9917824268341064 1209.241455078125 149.01065063476562 1242.0 226.0946807861328 0.6874707 1.7096034 0.6392659 14.13943 1.1811533 16.468884 -2.2823431491851807 0.41198667883872986
Pedestrian 0.0 0 -0.9724492430686951 1172.598876953125 135.6875762939453 1228.92626953125 219.40505981445312 0.7275173 1.7925155 0.6646154 12.936122 0.997085 15.868513 -0.28850430250167847 0.2584509551525116
Pedestrian 0.0 0 -1.4179322719573975 92.66268920898438 163.7422332763672 114.70784759521484 205.73690795898438 0.56022304 1.8473203 0.72805786 -22.595888 1.4468573 32.149822 -2.0305557250976562 0.1879025548696518
Cyclist 0.0 0 2.3105733394622803 241.1406707763672 180.25552368164062 274.6275634765625 212.9059295654297 1.9358616 1.7930017 0.55501974 -20.065668 2.2251556 41.084015 1.8562440872192383 0.5310661792755127
Cyclist 0.0 0 -1.893397331237793 804.7846069335938 158.28758239746094 831.0860595703125 201.18804931640625 1.8362021 1.7061762 0.47612068 8.478755 1.1272196 29.620869 -1.6146092414855957 0.19312463700771332
Car 0.0 0 2.1953117847442627 83.4820556640625 196.80731201171875 195.00730895996094 244.26051330566406 3.396892 1.4027625 1.5077448 -16.104763 2.2843637 24.809494 1.619543433189392 0.8795430064201355
Car 0.0 0 2.0406007766723633 348.1534118652344 177.81668090820312 391.8819580078125 198.2744140625 4.20215 1.5830879 1.6793092 -19.623205 2.0051224 59.10346 1.7200376987457275 0.6189059615135193
Car 0.0 0 1.8730056285858154 361.8785095214844 186.1846466064453 401.99176025390625 209.1586151123047 3.7753348 1.4367243 1.5562266 -15.530685 2.3811219 49.20427 1.5672653913497925 0.300910085439682
Car 0.0 0 -1.3933351039886475 383.3542175292969 182.12213134765625 408.3732604980469 198.8186492919922 3.8694632 1.4308054 1.5389748 -19.592571 2.305613 66.066536 -1.6816312074661255 0.2535644769668579
Car 0.0 0 2.1722874641418457 155.7730255126953 182.11508178710938 231.43418884277344 211.06076049804688 4.382861 1.5533662 1.6621857 -24.398504 2.126972 42.408993 1.6502169370651245 0.20360517501831055
