Pedestrian 0.0 0 2.308577060699463 333.0040588378906 169.72140502929688 367.327880859375 215.2950897216797 1.1839414 1.6529942 0.5475736 -9.691985 1.5397304 26.819649 1.961803674697876 0.32037532329559326
Pedestrian 0.0 0 -1.4720895290374756 261.9728698730469 183.62109375 277.4395446777344 219.82545471191406 0.64301586 1.7437619 0.62699425 -16.730913 2.278516 35.400658 -1.913590908050537 0.2276591807603836
Pedestrian 0.0 0 -1.6322067975997925 1127.97802734375 46.67742156982422 1242.0 319.247314453125 1.6092646 1.7703433 0.6479832 4.333834 0.95118344 5.5300555 -0.9674921035766602 0.10830307751893997
Cyclist 0.0 0 -1.63933265209198 1129.938720703125 29.242366790771484 1242.0 313.70257568359375 1.7714972 1.7876407 0.6386356 4.2897143 0.8854963 5.4432335 -0.9719011783599854 0.23191970586776733
Cyclist 0.0 0 2.3029091358184814 330.9051818847656 166.1776580810547 369.9104919433594 212.12332153320312 1.4138224 1.6610547 0.5671818 -9.687593 1.4200457 26.844381 1.9565749168395996 0.2084674835205078
Car 0.0 0 1.9559104442596436 289.47479248046875 183.5788116455078 401.6629943847656 239.2129669189453 4.2981787 1.4194523 1.6183628 -7.7352724 1.7706988 21.425358 1.6094402074813843 0.9291049242019653
Car 0.0 0 -1.6547584533691406 646.8243408203125 185.1056365966797 689.13916015625 221.1947021484375 3.6673481 1.4373356 1.5456935 2.4633288 2.0092897 31.82156 -1.5775017738342285 0.3649357259273529
Car 0.0 0 -2.3355915546417236 241.06951904296875 186.25177001953125 300.99853515625 208.66964721679688 3.894113 1.506747 1.6508331 -24.321867 2.4947002 51.71614 -2.7751944065093994 0.27274882793426514
Car 0.0 0 1.146386981010437 602.0348510742188 180.9072723388672 639.6779174804688 200.8700714111328 3.632142 1.4283427 1.5123055 0.76853436 2.0665314 55.177315 1.1603145599365234 0.26783567667007446
Car 0.0 0 -1.4704926013946533 375.1701965332031 180.21316528320312 396.50811767578125 196.61769104003906 3.8174589 1.4660066 1.556956 -21.21447 2.183882 68.32131 -1.7715637683868408 0.22732344269752502
Car 0.0 0 -1.465375304222107 646.7501831054688 172.67967224121094 734.7996826171875 247.97027587890625 3.678982 1.4826603 1.5747563 1.8599415 1.4795854 16.173094 -1.3508760929107666 0.22646157443523407
Car 0.0 0 -1.326314926147461 415.6539611816406 179.2576141357422 448.0296325683594 198.8438262939453 3.8817632 1.4465609 1.5698079 -13.93337 1.9656279 56.500706 -1.5680959224700928 0.21873076260089874
Car 0.0 0 -2.497157096862793 207.39434814453125 195.58248901367188 267.5921936035156 215.5788116455078 4.0295906 1.4838955 1.7254187 -29.652473 3.3306875 57.42703 -2.973799467086792 0.2090163379907608
Car 0.0 0 1.12032949924469 621.367431640625 188.18734741210938 674.881103515625 216.3127899169922 3.8631275 1.4398551 1.5186251 2.0912373 2.3614461 41.272724 1.170954942703247 0.2025633305311203
