Pedestrian 0.0 0 0.08651387691497803 189.8756561279297 165.54739379882812 254.29986572265625 314.9237060546875 0.6209729 1.6860279 0.6770253 -4.647086 1.6039152 8.575566 -0.41008806228637695 0.5523388981819153
Pedestrian 0.0 0 -2.454576253890991 0.0 139.75448608398438 143.60028076171875 339.9952697753906 0.84134007 1.6813341 0.60328543 -4.794561 1.4037701 6.3747964 -3.0994277000427246 0.5047732591629028
Cyclist 0.0 0 -1.32161283493042 328.8963623046875 160.9492950439453 343.9638366699219 191.27056884765625 1.6892648 1.7859588 0.44566777 -16.465689 1.0851159 43.36114 -1.6845271587371826 0.3990807831287384
Car 0.0 0 -1.7669893503189087 665.3050537109375 181.60067749023438 777.35302734375 261.38238525390625 4.0535684 1.455376 1.5988382 2.2160132 1.6709315 15.68124 -1.6266027688980103 0.9370571970939636
Car 0.0 0 -1.5136189460754395 504.93438720703125 178.9616241455078 550.9999389648438 221.6810760498047 4.3637066 1.5770242 1.6228853 -3.324211 1.8458685 29.492321 -1.6258597373962402 0.9264873266220093
Car 0.0 0 -1.768384337425232 634.4281616210938 178.96458435058594 697.2138061523438 222.80906677246094 4.232131 1.5528767 1.6428204 2.0654712 1.812151 28.368227 -1.6957032680511475 0.9215468764305115
Car 0.0 0 -1.1849017143249512 0.0 187.0666046142578 387.60906982421875 375.0 4.1045356 1.4014841 1.5534611 -3.3963532 1.5764326 6.752944 -1.6509017944335938 0.8956701159477234
Car 0.0 0 -2.67561936378479 175.4454345703125 184.89256286621094 347.707763671875 242.38619995117188 3.825791 1.4372982 1.5897325 -9.235533 1.7720625 19.211174 -3.1237385272979736 0.8157612681388855
Car 0.0 0 -1.614296555519104 623.7871704101562 174.0122528076172 654.0634155273438 203.2541961669922 4.1141143 1.7342665 1.7008924 1.7292485 1.8101969 45.014503 -1.5759000778198242 0.8089594841003418
Car 0.0 0 -0.6721092462539673 0.0 181.38580322265625 285.478271484375 375.0 3.7950165 1.4632196 1.5835878 -2.771693 1.5134695 2.302795 -1.5496487617492676 0.4982922077178955
Car 0.0 0 -1.5597317218780518 510.8559875488281 170.73316955566406 547.0469970703125 203.93240356445312 3.7652524 1.5092754 1.639325 -3.9219491 1.4132181 34.755066 -1.6721017360687256 0.43172094225883484
Car 0.0 0 -1.6626801490783691 628.7468872070312 181.70928955078125 671.6101684570312 215.76438903808594 3.9865317 1.4681131 1.6554788 1.8062495 1.9128232 34.17942 -1.609883189201355 0.41306912899017334
