Pedestrian 0.0 0 0.749517023563385 1050.3963623046875 108.39405059814453 1118.6124267578125 225.63038635253906 0.62982875 1.790982 0.6456741 7.4373507 0.8066059 11.403381 1.3274413347244263 0.525021493434906
Pedestrian 0.0 0 -2.012864351272583 938.2003173828125 145.95150756835938 962.659423828125 196.9287567138672 0.46946207 1.9133873 0.70390236 12.841798 0.9039833 27.315199 -1.5733939409255981 0.49590036273002625
Car 0.0 0 -1.8536920547485352 686.4303588867188 186.5003662109375 800.8126831054688 262.64471435546875 3.4829056 1.4600008 1.6003382 2.8395975 1.803154 16.303152 -1.6812472343444824 0.9668207764625549
Car 0.0 0 -1.7201998233795166 646.5777587890625 181.3037109375 709.9898681640625 227.52426147460938 4.277566 1.4809134 1.6422786 2.3345692 1.8125141 26.098383 -1.6309846639633179 0.9531655311584473
Car 0.0 0 3.609687566757202 79.56388092041016 189.4467010498047 369.5279846191406 282.4877014160156 4.041438 1.4302235 1.6286916 -6.420114 1.7314308 12.234906 3.126446485519409 0.939763605594635
Car 0.0 0 3.826960802078247 0.0 200.7547607421875 186.24346923828125 373.299072265625 4.033579 1.4789119 1.6289765 -6.9350543 1.8032843 7.4318814 3.0761301517486572 0.8314677476882935
Car 0.0 0 -2.725968360900879 289.0899963378906 187.05111694335938 443.706298828125 246.14105224609375 3.5907276 1.4647588 1.558495 -6.490207 1.8628665 19.273169 -3.0507893562316895 0.8050081729888916
Car 0.0 0 -2.6572377681732178 236.7460479736328 190.19639587402344 415.4544372558594 257.0821533203125 3.613324 1.4368849 1.5271991 -6.6515574 1.8678019 16.952742 -3.031139612197876 0.7760477066040039
Car 0.0 0 0.5085315704345703 181.70639038085938 190.06304931640625 393.9419860839844 272.0845642089844 3.6292913 1.5082551 1.5411088 -6.4771676 1.8788296 14.587934 0.09067130088806152 0.7437539100646973
Car 0.0 0 0.2983826696872711 399.8738098144531 184.3632049560547 514.755615234375 223.74105834960938 4.3434734 1.5396602 1.7064291 -6.3099623 2.0331175 29.865444 0.0901651382446289 0.7012795805931091
Car 0.0 0 3.423377275466919 312.1444396972656 184.85418701171875 447.49603271484375 237.85888671875 3.5608652 1.4970517 1.5763693 -6.856008 1.8703513 21.587435 3.1158597469329834 0.6840114593505859
Car 0.0 0 0.3921883702278137 345.31610107421875 180.96205139160156 467.9119567871094 229.23045349121094 3.5916655 1.5146348 1.5723872 -6.752233 1.7954421 23.963114 0.11753344535827637 0.5736770629882812
Car 0.0 0 -1.6951948404312134 640.9358520507812 179.4678955078125 680.8734130859375 209.37368774414062 3.8921852 1.4114714 1.5564125 2.5148723 1.7684674 36.91753 -1.6271785497665405 0.5035170316696167
