Pedestrian 0.0 0 -1.9149625301361084 1191.1446533203125 124.70738220214844 1226.8175048828125 188.0509490966797 0.5872635 1.9764991 0.71452105 18.964365 0.47454634 22.908972 -1.2234904766082764 0.40961721539497375
Pedestrian 0.0 0 2.2483038902282715 946.1740112304688 128.51388549804688 1007.2156372070312 227.4140625 0.7809188 1.7514739 0.6537178 6.6697865 0.9665899 13.234435 2.7151241302490234 0.20812396705150604
Pedestrian 0.0 0 1.510480523109436 757.5120239257812 141.3188934326172 774.0667114257812 187.62232971191406 0.8258919 1.9160166 0.629488 6.498301 0.61146533 30.309746 1.7216796875 0.20427124202251434
Pedestrian 0.0 0 1.9509836435317993 1049.7523193359375 93.11712646484375 1105.4324951171875 191.0292510986328 0.90818423 1.832744 0.61647135 9.035004 0.340567 14.017521 2.5235185623168945 0.18808513879776
Cyclist 0.0 0 1.4335157871246338 659.04541015625 167.25302124023438 676.7979125976562 207.51820373535156 1.8439007 1.8100115 0.56771654 2.6283436 1.5585927 33.36903 1.5121194124221802 0.7796730399131775
Cyclist 0.0 0 2.2991943359375 942.9398193359375 127.84562683105469 1015.1704711914062 230.8373565673828 1.0265635 1.817658 0.6657864 6.709608 1.0236819 13.228417 2.76859450340271 0.11588314175605774
Car 0.0 0 -1.6493440866470337 580.5606079101562 176.33094787597656 608.9078369140625 201.900634765625 3.8178458 1.6061466 1.5770315 -1.0785385 1.8465707 47.837166 -1.6718863248825073 0.6716117262840271
Car 0.0 0 1.7368159294128418 446.76446533203125 179.26345825195312 488.63079833984375 210.79197692871094 3.7112906 1.5439457 1.5707844 -7.471442 1.8983023 37.97113 1.5425314903259277 0.2725755572319031
Car 0.0 0 -1.0833607912063599 181.47244262695312 165.54464721679688 269.53033447265625 209.58140563964844 4.7236843 2.0792212 1.9313765 -19.306438 1.734464 36.426983 -1.5707223415374756 0.20517930388450623
Car 0.0 0 1.7877459526062012 458.04583740234375 173.7710723876953 500.89837646484375 203.42919921875 4.160478 1.6792848 1.6622553 -7.7688856 1.7370999 43.09304 1.6093801259994507 0.14078497886657715
Car 0.0 0 -0.05616098642349243 1018.5874633789062 151.0009765625 1098.140869140625 176.12759399414062 4.365121 1.5951324 1.6353306 29.430143 0.20817775 47.563976 0.49793028831481934 0.1351151019334793
Car 0.0 0 1.8182488679885864 271.51788330078125 174.2908172607422 376.56298828125 242.04754638671875 3.754571 1.4692206 1.5073589 -6.9156923 1.5086929 17.682686 1.4454386234283447 0.11839082092046738
