Pedestrian 0.0 0 -2.9303886890411377 595.6574096679688 182.86631774902344 617.8783569335938 223.63217163085938 0.8993886 1.8055451 0.5859167 -0.18266623 2.2624424 32.51917 -2.9360058307647705 0.49863818287849426
Pedestrian 0.0 0 -2.0519280433654785 727.1539916992188 103.66004180908203 816.88720703125 260.839111328125 0.99555796 1.7839813 0.6732187 1.887982 0.99898815 8.755994 -1.8395576477050781 0.4863030016422272
Cyclist 0.0 0 -2.6107888221740723 486.0225524902344 188.9886932373047 516.0789794921875 219.81495666503906 1.7383794 1.8543775 0.67566 -6.7833023 2.8686802 44.70425 -2.7613773345947266 0.379001259803772
Cyclist 0.0 0 -2.937919855117798 593.4506225585938 183.64537048339844 615.6947021484375 224.5766143798828 0.8995315 1.81237 0.6071882 -0.28146753 2.305105 32.5338 -2.946571111679077 0.12450146675109863
Car 0.0 0 1.783818244934082 382.2276916503906 195.57167053222656 491.2886657714844 279.1109313964844 3.9778779 1.5769697 1.6343268 -3.9108758 2.1665545 16.709274 1.5539027452468872 0.9580031633377075
Car 0.0 0 1.886521577835083 236.61737060546875 215.76556396484375 429.96514892578125 357.2823486328125 3.661907 1.4529848 1.4887462 -3.7889361 2.1815128 10.385831 1.5367075204849243 0.9412094354629517
Car 0.0 0 -1.4928417205810547 610.3757934570312 187.4564971923828 651.4190063476562 225.36294555664062 3.5867682 1.5355262 1.5765272 0.950609 2.23211 32.5317 -1.4636290073394775 0.7605066299438477
Car 0.0 0 2.411616325378418 0.0 218.1098175048828 108.52692413330078 375.0 3.9437919 1.4634259 1.5982149 -3.9024508 1.7617145 2.6904275 1.444409966468811 0.5216724276542664
Car 0.0 0 1.5537309646606445 512.4351806640625 183.9350128173828 545.640869140625 218.3526611328125 4.3983073 1.719966 1.7221463 -4.5450764 2.3671691 39.823814 1.4400930404663086 0.5081762671470642
Car 0.0 0 2.9074158668518066 629.6365966796875 182.44493103027344 680.3119506835938 200.90304565429688 4.199994 1.5680157 1.6198409 3.93146 2.4299154 63.653904 2.9691004753112793 0.26631277799606323
