Pedestrian 0.0 0 -0.6941457390785217 936.2404174804688 162.8854217529297 958.0772705078125 200.9485321044922 0.78950065 1.898007 0.61019814 16.956667 1.4012841 36.372242 -0.25790348649024963 0.21371909976005554
Pedestrian 0.0 0 1.6249184608459473 383.1241149902344 168.17430114746094 398.3018798828125 212.7219696044922 0.6544795 1.6325257 0.5064397 -8.190652 1.4613886 26.817686 1.3284968137741089 0.19605611264705658
Pedestrian 0.0 0 -0.3591462969779968 499.16522216796875 173.60691833496094 507.07122802734375 192.35536193847656 0.5222992 1.7546809 0.7047646 -10.092051 1.826448 67.996315 -0.5064911842346191 0.18331676721572876
Pedestrian 0.0 0 2.9328105449676514 610.1207885742188 165.44154357910156 623.4869384765625 189.33700561523438 0.99113244 1.8930473 0.45809272 0.5161567 1.3061749 57.48174 2.9417898654937744 0.1448039561510086
Cyclist 0.0 0 -2.335010528564453 909.576171875 181.57350158691406 947.9000854492188 222.24588012695312 1.7890764 1.7138008 0.41553396 13.94501 2.1083248 31.702906 -1.9206165075302124 0.13664601743221283
Cyclist 0.0 0 -2.1800293922424316 884.6790771484375 164.8990936279297 913.177734375 202.81082153320312 1.476519 1.671588 0.42387477 12.993296 1.3212016 32.578114 -1.8005276918411255 0.119722381234169
Car 0.0 0 2.1814818382263184 19.048709869384766 174.36196899414062 149.5490264892578 225.3463897705078 3.4939373 1.427215 1.4848026 -15.960314 1.4773529 22.057777 1.555112600326538 0.89493727684021
Car 0.0 0 -1.5497541427612305 585.3041381835938 175.02005004882812 617.758544921875 203.4147491455078 3.7473125 1.4291209 1.6469482 -0.4498298 1.5506544 38.480934 -1.5614433288574219 0.8923887014389038
Car 0.0 0 -1.4649592638015747 530.91650390625 173.96995544433594 563.29638671875 198.92945861816406 4.1674056 1.5175271 1.6336526 -4.0084906 1.5925173 46.15315 -1.5515937805175781 0.8374145030975342
Car 0.0 0 2.3619470596313477 0.0 181.0623779296875 48.87004089355469 232.6219940185547 3.672468 1.3907403 1.5096717 -19.37429 1.6621748 21.942392 1.6386256217956543 0.32341593503952026
Car 0.0 0 -1.0589547157287598 119.15007781982422 174.23605346679688 209.02659606933594 210.27322387695312 3.9772854 1.4641637 1.5891988 -19.375189 1.5287032 31.486311 -1.6105865240097046 0.1487269401550293
Car 0.0 0 0.03677003085613251 365.4410095214844 170.7379608154297 456.5007019042969 206.89663696289062 3.7955868 1.5403156 1.5911372 -8.794827 1.4505326 31.94429 -0.23189149796962738 0.13227581977844238
