Pedestrian 0.0 0 -1.2081172466278076 276.09722900390625 180.78822326660156 319.46893310546875 261.9650573730469 0.62323916 1.6239752 0.6360549 -6.3206434 1.6316302 14.4689665 -1.6199747323989868 0.4588231146335602
Pedestrian 0.0 0 -0.11957752704620361 998.17822265625 110.48918151855469 1062.79638671875 242.77816772460938 0.7142708 1.7607424 0.43967813 5.807658 0.8305833 9.751503 0.4175748825073242 0.45262446999549866
Pedestrian 0.0 0 0.6138460636138916 118.74752044677734 106.3089370727539 204.19534301757812 244.48507690429688 0.80794555 1.856392 0.59980416 -6.190475 0.8613088 9.814355 0.0511174201965332 0.2680668830871582
Pedestrian 0.0 0 3.083817481994629 508.1579895019531 163.8185577392578 521.1348266601562 186.3942108154297 1.0826132 1.93292 0.46895477 -7.7607822 0.5058562 60.86219 2.9569878578186035 0.2216246873140335
Pedestrian 0.0 0 2.7513039112091064 724.1392822265625 162.31179809570312 737.5149536132812 186.55140686035156 0.9351102 1.9051185 0.46250075 9.958259 0.47685325 55.89101 2.927626371383667 0.21804721653461456
Pedestrian 0.0 0 -1.6539653539657593 790.4467163085938 163.1194610595703 806.1641235351562 196.98573303222656 0.62100047 1.788545 0.7586109 10.295593 0.87205565 37.710148 -1.387441635131836 0.20263609290122986
Pedestrian 0.0 0 -2.4674072265625 978.6775512695312 150.67630004882812 1038.129150390625 219.91183471679688 1.2818893 1.71715 0.52518755 10.342509 0.9790715 18.223577 -1.9512015581130981 0.17266015708446503
Pedestrian 0.0 0 -1.7178126573562622 1018.9152221679688 141.819580078125 1040.8167724609375 183.2069854736328 0.8591059 1.9157677 0.76421136 19.967262 0.12675732 33.26662 -1.177232027053833 0.167478546500206
Pedestrian 0.0 0 -3.306037187576294 770.3396606445312 156.42941284179688 803.05419921875 188.77403259277344 1.7564919 1.8403031 0.5127191 10.407719 0.4721498 40.555317 -3.05482816696167 0.15381702780723572
Cyclist 0.0 0 1.047924280166626 874.5994873046875 156.3976593017578 906.6175537109375 192.8052215576172 1.9215031 1.6779023 0.51549643 13.523983 0.56856227 33.567844 1.4309152364730835 0.7400240898132324
Cyclist 0.0 0 -2.2828104496002197 973.569580078125 146.00135803222656 1039.8712158203125 216.5724639892578 1.6912299 1.7424754 0.50929016 10.345274 0.8922642 18.332018 -1.769033432006836 0.3146836459636688
Cyclist 0.0 0 -3.269296884536743 769.140869140625 156.49632263183594 801.4940185546875 189.0291748046875 1.7456203 1.8498617 0.5207553 10.329926 0.48636472 40.563164 -3.01993465423584 0.1902892142534256
Car 0.0 0 -0.8119220733642578 0.0 199.85287475585938 292.8590087890625 370.0 3.6468437 1.4663918 1.5103549 -3.1510036 1.6122303 3.42593 -1.5555429458618164 0.8819452524185181
Car 0.0 0 1.6534706354141235 432.8117980957031 173.56991577148438 467.0180358886719 200.42771911621094 4.0226607 1.516048 1.6603581 -9.170446 1.1262512 42.009212 1.4385461807250977 0.7688113451004028
