Pedestrian 0.0 0 -3.4864938259124756 1066.5389404296875 165.8927001953125 1150.75244140625 302.72308349609375 0.68410903 1.6377484 0.62909836 6.2365355 1.4645919 8.851934 -2.872727870941162 0.8428971767425537
Pedestrian 0.0 0 1.5269838571548462 342.7908630371094 135.91639709472656 416.1654968261719 315.5643005371094 0.7960075 1.7026846 0.669876 -2.3582685 1.2818233 7.186992 1.209923505783081 0.7782465815544128
Pedestrian 0.0 0 1.2684571743011475 836.6554565429688 171.34165954589844 871.92236328125 242.13414001464844 0.8332113 1.7377944 0.61383086 6.221983 1.5145756 17.778364 1.605109691619873 0.17562335729599
Pedestrian 0.0 0 3.011052370071411 633.074462890625 172.54034423828125 690.22509765625 272.51055908203125 0.9685179 1.7883416 0.6451311 0.98580235 1.6475955 12.991853 3.0867857933044434 0.16544413566589355
Pedestrian 0.0 0 3.710137367248535 55.68058776855469 184.7567901611328 95.8353042602539 250.4516143798828 0.67550975 1.8526541 0.6621002 -15.2494955 1.9788221 20.335836 3.066711187362671 0.12678411602973938
Pedestrian 0.0 0 -1.8845794200897217 770.2711181640625 141.7072296142578 823.1383056640625 251.0691375732422 0.9986756 1.8462846 0.6157374 3.3137765 1.1930207 12.446773 -1.624379277229309 0.11831361800432205
Pedestrian 0.0 0 0.9332877993583679 1159.9273681640625 151.6847686767578 1224.0 258.31427001953125 0.8745676 1.760671 0.55209506 10.079577 1.2865237 12.121939 1.6269521713256836 0.11250918358564377
Pedestrian 0.0 0 -3.3214192390441895 820.32080078125 184.20089721679688 864.0173950195312 271.4166564941406 0.72123045 1.6784707 0.6005416 4.6378407 1.7551166 13.979493 -3.001085042953491 0.10248733311891556
Cyclist 0.0 0 -1.7638543844223022 846.0770874023438 139.43824768066406 898.6741943359375 250.07415771484375 1.7391961 1.7876673 0.5227433 4.5828695 1.1258402 12.320094 -1.407731056213379 0.2683550715446472
Cyclist 0.0 0 -1.2806177139282227 1115.7366943359375 205.38201904296875 1224.0 370.0 1.5077888 1.6499233 0.6511785 5.3810587 1.9066368 6.5504375 -0.5929152965545654 0.10049070417881012
Car 0.0 0 0.6356765031814575 281.79840087890625 203.40382385253906 444.1938781738281 265.3994445800781 3.9986334 1.4684682 1.5666102 -6.5529118 2.13209 19.085398 0.30494093894958496 0.11887921392917633
Car 0.0 0 -1.5117409229278564 1180.8223876953125 203.7814178466797 1224.0 370.0 3.841267 1.4645046 1.5107853 6.894559 1.7523029 6.8472896 -0.7229028940200806 0.11876901239156723
