Pedestrian 0.0 0 -0.9847143292427063 706.1336669921875 166.34776306152344 742.8472290039062 238.0944061279297 0.69841284 1.7608199 0.6313954 3.0682487 1.3901412 18.097574 -0.8167720437049866 0.7938376665115356
Pedestrian 0.0 0 1.4356861114501953 654.3541870117188 172.64500427246094 678.6244506835938 244.9761962890625 0.76240903 1.6649361 0.46840072 1.4915537 1.4623189 16.924019 1.52359139919281 0.7772887945175171
Pedestrian 0.0 0 2.508460760116577 615.6290893554688 160.03623962402344 661.5542602539062 251.12852478027344 0.66559935 1.7206275 0.6034527 0.6828076 1.316461 14.001157 2.557190179824829 0.701909065246582
Pedestrian 0.0 0 -1.4713454246520996 607.64404296875 166.46438598632812 631.052001953125 226.57321166992188 0.8269151 1.83541 0.6521211 0.53706044 1.3774179 22.382044 -1.4473549127578735 0.6996990442276001
Pedestrian 0.0 0 1.937804102897644 666.497314453125 164.83526611328125 703.6871337890625 252.94863891601562 0.6912171 1.6495434 0.5002298 1.5806435 1.3388289 13.867195 2.0512986183166504 0.6562492847442627
Pedestrian 0.0 0 -0.9041234850883484 0.0 156.3285369873047 228.78955078125 374.0 0.6246465 1.5729719 0.5910319 -2.0789137 1.4807547 2.9999287 -1.5101276636123657 0.6302072405815125
Pedestrian 0.0 0 -1.098974585533142 436.7679443359375 173.41555786132812 468.02545166015625 237.21890258789062 0.7828409 1.7555312 0.5691277 -4.2183685 1.5342442 20.21465 -1.3047010898590088 0.5873047113418579
Pedestrian 0.0 0 1.3629943132400513 692.5643310546875 169.8417510986328 721.0366821289062 243.8134765625 0.79270256 1.6723378 0.49740267 2.3994124 1.4099841 16.64895 1.5061267614364624 0.519917905330658
Pedestrian 0.0 0 -1.4433722496032715 470.4964294433594 156.59022521972656 486.6267395019531 196.79652404785156 0.6741597 1.8918047 0.6768041 -5.8476424 0.72065485 34.147842 -1.6129720211029053 0.5140282511711121
Pedestrian 0.0 0 -1.4162598848342896 193.78672790527344 210.91702270507812 292.7971496582031 374.0 0.6710441 1.5295497 0.59604514 -2.808749 1.7765447 5.5841613 -1.882292628288269 0.48762834072113037
Pedestrian 0.0 0 2.0236928462982178 418.8497009277344 173.95814514160156 446.2408752441406 230.86279296875 0.6756046 1.6299098 0.5379497 -4.9529076 1.41503 20.96105 1.79165780544281 0.4620760381221771
Pedestrian 0.0 0 -3.8094053268432617 1110.5340576171875 69.1986312866211 1238.0 302.1425476074219 0.96299976 1.8145304 0.6828828 4.887265 0.9411468 5.944054 -3.121267080307007 0.43025633692741394
Pedestrian 0.0 0 0.9720210433006287 205.4813232421875 169.0181884765625 255.1744842529297 267.13262939453125 0.55138147 1.7468859 0.6050471 -6.84835 1.5259249 13.184007 0.49293971061706543 0.3641091287136078
Pedestrian 0.0 0 2.8528330326080322 730.7938232421875 163.19790649414062 773.001708984375 225.57217407226562 1.0819044 1.8023038 0.61683846 4.3847632 1.2746022 21.106344 3.0576655864715576 0.35590919852256775
Pedestrian 0.0 0 2.5496044158935547 916.2996826171875 154.54148864746094 985.484375 273.12554931640625 0.7166233 1.7151798 0.5989788 5.167645 1.3265692 10.734862 2.9982526302337646 0.32516297698020935
Pedestrian 0.0 0 -0.24035459756851196 1047.50634765625 135.16693115234375 1098.89111328125 236.29893493652344 0.6561509 1.7650996 0.5568441 8.423574 0.9577057 12.906227 0.33789896965026855 0.31548693776130676
Pedestrian 0.0 0 0.4465218782424927 980.0846557617188 157.56967163085938 1043.755126953125 285.3633117675781 0.54643285 1.6912651 0.6272005 5.61572 1.3758909 9.907531 0.962181806564331 0.3051207661628723
Pedestrian 0.0 0 -0.604820966720581 653.2360229492188 176.4033660888672 737.3284301757812 260.3030700683594 1.6429273 1.7005862 0.74131334 1.9597851 1.5985231 15.264019 -0.4771271347999573 0.17890717089176178
Cyclist 0.0 0 1.4650129079818726 917.777587890625 137.102783203125 969.7257080078125 258.80517578125 1.6969664 1.7529252 0.54636216 5.27956 1.1147691 11.234992 1.9043091535568237 0.4188094735145569
Cyclist 0.0 0 -0.604820966720581 653.2360229492188 176.4033660888672 737.3284301757812 260.3030700683594 1.6429273 1.7005862 0.74131334 1.9597851 1.5985231 15.264019 -0.4771271347999573 0.34685277938842773
Cyclist 0.0 0 -0.8729475736618042 784.7399291992188 160.11126708984375 1001.6962280273438 374.0 1.7145692 1.5612289 0.4886437 2.113045 1.4244611 5.257621 -0.49080318212509155 0.2919602692127228
Cyclist 0.0 0 2.872307300567627 728.279296875 163.05335998535156 773.9425659179688 226.1669158935547 1.1948842 1.8246337 0.6034586 4.3607073 1.2924724 21.104893 3.0760607719421387 0.11996262520551682
Car 0.0 0 1.6264523267745972 537.812744140625 177.90260314941406 570.2984008789062 205.72764587402344 3.7081957 1.4610918 1.5840874 -2.5707092 1.2730417 39.578453 1.5615911483764648 0.7953899502754211
Car 0.0 0 -1.9267048835754395 736.3687133789062 189.5291290283203 946.933837890625 317.1073303222656 3.5646589 1.4126161 1.5587224 3.048109 1.5461926 10.006686 -1.6310266256332397 0.48569121956825256
