Pedestrian 0.0 0 2.4432265758514404 643.9238891601562 171.24119567871094 667.5158081054688 213.1492156982422 0.7756986 1.737123 0.6167977 2.270073 1.3128705 30.249807 2.518130302429199 0.6591189503669739
Pedestrian 0.0 0 -2.639922618865967 849.2424926757812 186.24671936035156 930.3214111328125 319.2002258300781 0.7191194 1.6141348 0.7080685 3.6677196 1.6799672 9.256952 -2.262685537338257 0.3447827696800232
Pedestrian 0.0 0 -1.6318212747573853 673.0228881835938 173.01553344726562 693.5785522460938 223.77554321289062 0.8065116 1.7295327 0.65774894 2.8076856 1.4415172 24.892616 -1.5195040702819824 0.2537420690059662
Pedestrian 0.0 0 -1.5608609914779663 717.6084594726562 187.94265747070312 751.2164306640625 266.3953552246094 0.8084206 1.6277814 0.69200593 2.8225079 1.7716522 15.440101 -1.3800536394119263 0.25235676765441895
Pedestrian 0.0 0 0.03940311074256897 692.9373168945312 165.01158142089844 712.4332885742188 212.8467559814453 0.68747747 1.7373433 0.6494365 3.7132828 1.139541 26.467527 0.1787891387939453 0.19828808307647705
Pedestrian 0.0 0 2.8109047412872314 684.3739013671875 183.84207153320312 721.996337890625 248.17784118652344 0.88836056 1.7591031 0.6115626 2.8043497 1.8268842 20.051182 2.9498629570007324 0.19393619894981384
Pedestrian 0.0 0 -0.028049632906913757 710.4613037109375 183.23521423339844 747.2824096679688 258.2574768066406 0.8119955 1.682157 0.70167875 2.886596 1.7242717 16.528374 0.1448514461517334 0.17544862627983093
Pedestrian 0.0 0 1.6346182823181152 747.8303833007812 184.8241424560547 779.8820190429688 262.6024475097656 0.6918954 1.5609707 0.6062631 3.329435 1.6329386 14.866572 1.8549373149871826 0.13392560184001923
Cyclist 0.0 0 1.4378207921981812 729.5631103515625 149.7993621826172 751.1609497070312 198.4986572265625 1.6567624 1.8295226 0.60308945 5.3505106 0.63963276 27.827826 1.6277745962142944 0.2835836410522461
Car 0.0 0 -0.17923201620578766 447.534423828125 179.97622680664062 529.6737060546875 208.1175537109375 4.0951514 1.4423337 1.6403923 -6.0202484 1.3650997 38.262653 -0.33529266715049744 0.3034728467464447
Car 0.0 0 2.886375665664673 522.531982421875 180.00833129882812 612.4558715820312 209.9866943359375 4.63157 1.5780318 1.7246964 -1.8689562 1.5003583 39.323303 2.838883399963379 0.17262212932109833
Car 0.0 0 -1.8787063360214233 744.1653442382812 201.7252197265625 932.0076293945312 336.01629638671875 3.6407595 1.5358596 1.523693 3.2102177 1.8870517 10.594562 -1.58449387550354 0.1288389265537262
