Pedestrian 0.0 0 -0.3237241506576538 1044.674560546875 180.0048065185547 1075.815185546875 228.18309020996094 0.8077488 1.7695271 0.7049355 16.837126 2.0424528 27.064013 0.2328031063079834 0.5094578266143799
Pedestrian 0.0 0 -3.5935001373291016 951.4375 167.60501098632812 979.3829956054688 213.45574951171875 0.8356474 1.8839015 0.662246 14.719033 1.6685903 29.976587 -3.137064218521118 0.28213536739349365
Pedestrian 0.0 0 1.0597890615463257 926.4784545898438 180.601318359375 970.2050170898438 246.22189331054688 1.0302957 1.8344692 0.73117244 9.710347 2.0644 20.837173 1.4958775043487549 0.2610623240470886
Pedestrian 0.0 0 -2.023804187774658 1027.343505859375 159.4440155029297 1060.0438232421875 216.360595703125 0.7552399 1.8931855 0.68559766 14.615529 1.4474944 24.403236 -1.4841810464859009 0.16578088700771332
Pedestrian 0.0 0 -1.856389045715332 943.3712158203125 174.59927368164062 966.568359375 221.91946411132812 0.8061199 1.7122923 0.5654667 12.659361 1.7780244 26.58164 -1.4119257926940918 0.16327445209026337
Pedestrian 0.0 0 -1.6315672397613525 670.4242553710938 151.721923828125 683.4295043945312 186.56460571289062 0.6294398 1.9695309 0.69997925 3.7756395 0.7753688 41.108524 -1.5399785041809082 0.15182238817214966
Pedestrian 0.0 0 0.6415878534317017 156.07147216796875 123.06370544433594 275.42681884765625 296.2977600097656 1.0347493 1.8123924 0.52514607 -4.344953 1.2918391 7.8770742 0.13752102851867676 0.14703500270843506
Pedestrian 0.0 0 1.460246205329895 1059.771728515625 144.858642578125 1085.62060546875 203.3199005126953 0.81223077 1.9803516 0.66534805 15.947803 1.0323787 24.950424 2.028977155685425 0.12591636180877686
Cyclist 0.0 0 -1.8704859018325806 995.703369140625 161.62319946289062 1028.5447998046875 214.5035858154297 1.6568526 1.7052791 0.4881484 13.382719 1.3434681 24.12618 -1.3640437126159668 0.2183300256729126
Car 0.0 0 -1.7074137926101685 782.383544921875 184.08486938476562 848.306884765625 234.5592498779297 4.4050856 1.5618577 1.64374 7.148252 1.9970145 25.638014 -1.435504674911499 0.9629477858543396
Car 0.0 0 -2.2825889587402344 1031.90478515625 214.8503875732422 1242.0 375.0 3.8192472 1.4988861 1.5959123 3.3717916 1.78814 2.959162 -1.4321062564849854 0.6682717800140381
Car 0.0 0 -2.038562059402466 1072.5042724609375 196.44549560546875 1242.0 303.70947265625 2.865714 1.5220964 1.4469953 9.376203 1.9799297 12.450802 -1.3931052684783936 0.14933821558952332
