Pedestrian 0.0 0 0.5649598240852356 685.5729370117188 167.98532104492188 700.6897583007812 190.99830627441406 1.082907 1.7876258 0.49067357 6.4918838 1.4097888 56.576603 0.6792051792144775 0.11631567031145096
Pedestrian 0.0 0 2.824124813079834 829.68798828125 158.91146850585938 864.9312744140625 212.04029846191406 1.0506338 1.8554035 0.58945745 8.3332405 1.3688501 25.490845 3.1400842666625977 0.11330917477607727
Cyclist 0.0 0 -2.470421314239502 1098.55517578125 124.08011627197266 1228.0357666015625 238.30044555664062 1.7593112 1.7473507 0.51360023 9.043447 1.0015621 11.951289 -1.8226509094238281 0.35248324275016785
Car 0.0 0 2.075148582458496 189.61343383789062 183.90234375 272.4879150390625 219.49696350097656 4.5178847 1.6442169 1.8025602 -19.353249 2.2463782 37.02058 1.5934512615203857 0.8717672228813171
Car 0.0 0 1.851933240890503 345.6236572265625 179.09262084960938 388.8546447753906 204.7416229248047 3.9502716 1.5995797 1.6960882 -16.115005 2.0322094 47.982697 1.527919054031372 0.828626275062561
Car 0.0 0 -1.626952052116394 597.2793579101562 173.1000518798828 695.3027954101562 262.71734619140625 3.7609332 1.4778883 1.6152226 0.5162304 1.4836001 13.801909 -1.589566707611084 0.315921425819397
Car 0.0 0 1.4101970195770264 1172.2623291015625 190.92498779296875 1230.1788330078125 224.458251953125 4.078558 1.565663 1.7363209 31.22486 2.5793407 38.256992 2.0947303771972656 0.18651944398880005
Car 0.0 0 0.8915354609489441 958.205078125 191.51626586914062 1061.126708984375 229.423583984375 4.262258 1.4690561 1.74512 17.785336 2.3664777 32.42857 1.3931851387023926 0.12385816127061844
Car 0.0 0 0.8547852635383606 1025.6949462890625 178.7181854248047 1091.1207275390625 203.3851776123047 3.723077 1.5308802 1.6224133 29.525303 1.9347696 47.680683 1.409224510192871 0.12307938188314438
Car 0.0 0 1.209916591644287 902.6563720703125 181.02587890625 956.6359252929688 207.71751403808594 3.9823494 1.4797817 1.6517391 19.06372 1.9933331 43.276894 1.6248470544815063 0.1142558753490448
