Pedestrian 0.0 0 3.064945697784424 462.9501647949219 175.75340270996094 479.7353515625 204.5126190185547 1.0267595 1.8351998 0.49623856 -8.9673 2.0238917 46.490887 2.8744027614593506 0.36174944043159485
Pedestrian 0.0 0 -1.2711968421936035 212.34353637695312 150.60887145996094 241.41583251953125 207.28884887695312 0.79544705 1.9746839 0.70875686 -13.625467 1.2000396 25.592434 -1.7604289054870605 0.11869078874588013
Pedestrian 0.0 0 -1.3826625347137451 334.8013610839844 158.82461547851562 350.8212585449219 195.6615753173828 0.46302524 1.939942 0.7239176 -14.211049 1.2014718 38.284084 -1.7380975484848022 0.11410389840602875
Pedestrian 0.0 0 -2.242027759552002 905.3668823242188 157.1101837158203 928.8015747070312 197.10763549804688 0.9460327 1.7866536 0.49739066 13.8932905 1.0837482 32.74998 -1.8408156633377075 0.10474656522274017
Pedestrian 0.0 0 -1.9818220138549805 1135.948486328125 129.71990966796875 1181.240234375 220.0771484375 0.5772032 1.8970095 0.5920703 11.7221985 0.99178636 15.495568 -1.3341820240020752 0.1041669026017189
Cyclist 0.0 0 -1.5439021587371826 433.2581481933594 185.01611328125 445.59844970703125 227.9248504638672 1.607263 1.5639839 0.4192784 -6.5603538 2.0435317 27.596443 -1.7772945165634155 0.2624979615211487
Cyclist 0.0 0 -1.6191961765289307 658.9161376953125 185.03907775878906 672.6378784179688 229.53453063964844 1.6074616 1.6341308 0.4451011 2.0947 2.116821 27.74906 -1.5438518524169922 0.19917945563793182
Cyclist 0.0 0 -2.247596263885498 914.7129516601562 158.89730834960938 946.2919921875 198.50279235839844 1.4977481 1.726474 0.44804865 14.263586 1.1184348 32.23167 -1.830968976020813 0.16160792112350464
Car 0.0 0 1.9964964389801025 489.9758605957031 174.15118408203125 521.1923828125 190.62860107421875 3.6462548 1.4998307 1.5428075 -9.818669 1.6258862 67.94936 1.852989912033081 0.20275063812732697
Car 0.0 0 -1.7561856508255005 519.8104248046875 174.83514404296875 544.7376708984375 191.3578338623047 3.882347 1.4529219 1.5750445 -7.1611047 1.6403207 66.031876 -1.8642126321792603 0.1788727045059204
Car 0.0 0 -2.8153467178344727 336.90594482421875 177.3560791015625 448.9207458496094 218.8556671142578 3.7259285 1.5008768 1.5745659 -8.149901 1.675828 27.12795 -3.1071929931640625 0.12979933619499207
