Pedestrian 0.0 0 1.626496434211731 804.34765625 141.6005859375 828.1171264648438 201.57167053222656 0.8901205 1.8813778 0.6870762 6.5814786 0.9012719 23.165737 1.9033067226409912 0.38459721207618713
Cyclist 0.0 0 1.8516762256622314 347.46893310546875 164.22073364257812 386.5146789550781 228.9917755126953 1.826599 1.7614034 0.5725248 -6.942321 1.5269858 20.544222 1.5258026123046875 0.617863118648529
Cyclist 0.0 0 -2.221555709838867 782.9097290039062 162.22317504882812 816.8189697265625 203.65248107910156 1.7210404 1.7279671 0.45566183 8.093547 1.2849262 30.973639 -1.9659663438796997 0.3769127428531647
Car 0.0 0 1.9164283275604248 207.44973754882812 184.9033966064453 443.12384033203125 321.99609375 4.13826 1.4094529 1.6065034 -3.6042516 1.6090189 9.85299 1.565745234489441 0.9385389685630798
Car 0.0 0 1.3781461715698242 669.158447265625 181.38111877441406 766.4811401367188 250.1515655517578 4.0925684 1.524123 1.6908406 2.5958853 1.7689575 18.595217 1.516849398612976 0.9171314835548401
Car 0.0 0 1.7498772144317627 420.3189392089844 173.7340545654297 510.8868408203125 243.4249267578125 3.653133 1.5481789 1.5696499 -3.5184538 1.5726277 17.910648 1.5559024810791016 0.9038304090499878
Car 0.0 0 -1.6893677711486816 652.0504150390625 182.78135681152344 706.6749877929688 225.10992431640625 3.9805841 1.4484471 1.6054848 2.5401008 1.8568327 27.642216 -1.5977330207824707 0.8503478169441223
Car 0.0 0 -2.32297945022583 887.7118530273438 196.23536682128906 1242.0 375.0 3.8902905 1.4917419 1.6135746 2.8890762 1.6668189 3.406792 -1.6196277141571045 0.8408735990524292
Car 0.0 0 1.6725091934204102 493.5721740722656 175.3419647216797 543.2099609375 217.7605438232422 3.6056106 1.4803357 1.4987532 -3.4358187 1.5808079 27.211378 1.5469098091125488 0.7519174814224243
Car 0.0 0 1.6745036840438843 525.7460327148438 174.08526611328125 561.4110717773438 205.08323669433594 3.7509189 1.5738302 1.5245714 -3.549733 1.643389 38.66548 1.5829540491104126 0.6889133453369141
Car 0.0 0 -1.6896696090698242 637.496826171875 180.87844848632812 676.9755859375 214.01504516601562 3.9034963 1.6062353 1.6086743 2.3946452 2.0506446 37.931602 -1.6266226768493652 0.5150818824768066
