Pedestrian 0.0 0 -2.1553287506103516 1119.7159423828125 195.91920471191406 1242.0 375.0 0.7046309 1.5880101 0.7030853 4.7772675 1.792622 6.0051584 -1.483320951461792 0.5553846955299377
Pedestrian 0.0 0 -0.0018832087516784668 505.34814453125 197.65089416503906 525.85205078125 241.3708038330078 0.88013333 1.8602028 0.7266295 -4.1745315 2.9607105 31.590738 -0.1332661509513855 0.475311279296875
Pedestrian 0.0 0 1.3652091026306152 1169.2122802734375 178.02235412597656 1220.232421875 271.48797607421875 0.7551225 1.6678754 0.5921 10.789776 1.7675811 13.395961 2.043264389038086 0.46564656496047974
Pedestrian 0.0 0 1.674296259880066 903.2108154296875 185.89956665039062 919.1206665039062 220.2943115234375 0.74880785 1.8113225 0.7182647 16.193235 2.5236588 38.875603 2.068979263305664 0.3432702124118805
Pedestrian 0.0 0 -0.030745327472686768 885.34130859375 193.1702880859375 947.1275024414062 332.9447937011719 0.69874984 1.6700861 0.6379708 3.818112 1.9404409 9.163787 0.36403346061706543 0.29915544390678406
Pedestrian 0.0 0 -3.2756900787353516 899.5426635742188 172.83786010742188 984.513916015625 330.3200378417969 0.7912385 1.6928933 0.6436042 3.6834152 1.6930777 8.174873 -2.85235595703125 0.25143781304359436
Pedestrian 0.0 0 1.6925677061080933 377.2296447753906 129.55003356933594 413.2735900878906 225.62855529785156 0.9710264 1.8534355 0.5808565 -4.337564 1.0184234 14.443966 1.4008331298828125 0.2159143090248108
Pedestrian 0.0 0 -1.8433246612548828 850.502685546875 194.0870819091797 913.0375366210938 309.4032287597656 0.6989283 1.6537958 0.71642464 4.022627 1.9849875 10.861886 -1.4886428117752075 0.1847098171710968
Pedestrian 0.0 0 0.3690339922904968 861.00244140625 172.80499267578125 894.0311889648438 206.65869140625 1.4766304 1.6916982 0.5540679 13.582354 1.6896079 36.74936 0.7230570316314697 0.11433194577693939
Cyclist 0.0 0 -1.7115733623504639 1191.8438720703125 180.5220947265625 1242.0 299.2433776855469 1.6756039 1.7031819 0.40808782 9.432599 1.8320858 11.273624 -1.0148537158966064 0.581655740737915
Cyclist 0.0 0 -1.1109373569488525 488.7048645019531 212.60733032226562 523.2227172851562 271.2605285644531 1.63193 1.6749172 0.3872867 -3.283696 2.9649982 22.570414 -1.2554104328155518 0.5642421841621399
Cyclist 0.0 0 0.3690339922904968 861.00244140625 172.80499267578125 894.0311889648438 206.65869140625 1.4766304 1.6916982 0.5540679 13.582354 1.6896079 36.74936 0.7230570316314697 0.18590329587459564
Cyclist 0.0 0 1.9061558246612549 503.65972900390625 198.23550415039062 527.0971069335938 241.7051544189453 0.95466787 1.8368163 0.7485562 -4.186825 2.970207 31.663532 1.7746899127960205 0.11113052070140839
Car 0.0 0 -1.235010027885437 351.6015319824219 186.27490234375 505.2483215332031 299.3368225097656 4.221536 1.8189971 1.6193516 -3.4365456 2.126046 14.304581 -1.47078275680542 0.4213307797908783
Car 0.0 0 -1.2661914825439453 414.9530029296875 156.38742065429688 482.5440368652344 206.56776428222656 2.786459 1.6419015 1.5259031 -5.5834904 1.1034726 25.059193 -1.4854224920272827 0.19540157914161682
