Pedestrian 0.0 0 -1.4013410806655884 361.3140563964844 166.31895446777344 388.4915771484375 223.03073120117188 0.89495677 1.720085 0.6623221 -7.161213 1.2915293 21.930975 -1.7169599533081055 0.6819154024124146
Pedestrian 0.0 0 1.1846779584884644 758.8883666992188 121.0573959350586 819.861328125 259.4549865722656 0.83938867 1.8102647 0.52771014 2.465244 1.034419 9.695169 1.4336766004562378 0.5633706450462341
Pedestrian 0.0 0 -0.8181836605072021 303.31787109375 151.15440368652344 393.7161560058594 283.4451599121094 1.0241143 1.8131559 0.739972 -3.764989 1.4126195 10.301752 -1.1685738563537598 0.48949459195137024
Pedestrian 0.0 0 1.3637101650238037 738.0728149414062 104.34485626220703 789.6932373046875 230.32379150390625 0.7706647 1.8797607 0.6299449 2.397519 0.7450939 10.933149 1.5795822143554688 0.37732890248298645
Pedestrian 0.0 0 1.4839839935302734 800.7013549804688 104.56836700439453 859.3112182617188 265.7568359375 0.82691413 1.8029476 0.58523613 2.5962172 0.95531297 8.369766 1.784762978553772 0.2854490578174591
Pedestrian 0.0 0 -1.113121509552002 407.2621765136719 186.86599731445312 434.270751953125 238.49534606933594 0.8250081 1.6238787 0.53506655 -5.9674215 1.8349068 22.804094 -1.369064450263977 0.26509058475494385
Pedestrian 0.0 0 0.007310211658477783 878.6048583984375 82.83902740478516 952.1692504882812 279.1866455078125 0.6208851 1.776007 0.70227224 2.9451344 0.89434254 6.8367987 0.4140636920928955 0.25856196880340576
Pedestrian 0.0 0 -1.280816912651062 380.3347473144531 167.72093200683594 400.58538818359375 208.72926330566406 0.70181674 1.7296002 0.6547794 -9.171809 1.192101 30.168694 -1.5759553909301758 0.2496836632490158
Cyclist 0.0 0 1.8869625329971313 489.8797302246094 166.09893798828125 505.3825988769531 191.19247436523438 1.5866648 1.6962833 0.5917259 -7.3734326 0.7241079 48.621674 1.7364602088928223 0.3383033573627472
Cyclist 0.0 0 -0.17918181419372559 279.9577941894531 149.03421020507812 371.6461486816406 278.5498962402344 1.0942389 1.724636 0.7209486 -4.001563 1.3073083 10.006046 -0.5596144795417786 0.19661197066307068
Car 0.0 0 -1.6525322198867798 545.840087890625 158.197509765625 594.6777954101562 202.83218383789062 3.8652482 1.6813511 1.6513518 -1.4937633 0.8427456 28.654491 -1.7046152353286743 0.7111854553222656
Car 0.0 0 1.5089560747146606 537.412109375 160.96685791015625 578.1669311523438 200.79425048828125 4.2870884 1.78041 1.6701263 -2.3342402 0.9086809 33.836456 1.4400792121887207 0.6470177173614502
