Pedestrian 0.0 0 -0.0850084125995636 321.3612365722656 184.81878662109375 334.9803466796875 216.1015625 0.6754016 1.7527126 0.59001607 -16.111517 2.442414 41.15422 -0.4581581950187683 0.4215856194496155
Pedestrian 0.0 0 0.21401509642601013 196.17147827148438 178.50308227539062 221.38880920410156 223.880126953125 0.7594784 1.8084129 0.72826695 -16.342287 2.0419796 29.325563 -0.2943933308124542 0.3525032103061676
Cyclist 0.0 0 -1.942944049835205 635.3567504882812 175.37562561035156 659.0955810546875 218.03480529785156 1.6883758 1.7059262 0.3889601 1.4846151 1.8135068 29.815567 -1.8931918144226074 0.5147271752357483
Cyclist 0.0 0 2.6205334663391113 635.6978149414062 164.7429656982422 683.5570068359375 208.06593322753906 1.7652038 1.6382169 0.64246505 1.8835678 1.3318639 27.957155 2.68780517578125 0.46352332830429077
Cyclist 0.0 0 -2.3460280895233154 654.1649169921875 168.6817169189453 698.751708984375 217.5337371826172 1.7867825 1.7181512 0.5049171 2.355531 1.571768 26.225454 -2.2564499378204346 0.3869973123073578
Cyclist 0.0 0 -2.393139362335205 192.9158172607422 178.7974090576172 223.5845489501953 223.20106506347656 0.79816973 1.7671828 0.739437 -16.345554 2.0125546 29.288404 -2.902172088623047 0.10049687325954437
Car 0.0 0 -1.434143304824829 460.60302734375 178.39974975585938 539.629638671875 241.1209259033203 3.7752647 1.5566316 1.6747926 -3.0108137 1.7263705 20.137445 -1.5825570821762085 0.9347691535949707
Car 0.0 0 2.0816893577575684 74.17955017089844 193.94607543945312 259.8412780761719 276.7253112792969 4.2922335 1.5066324 1.6877425 -9.844631 2.050082 16.405712 1.5412157773971558 0.900933027267456
Car 0.0 0 1.945144772529602 316.71026611328125 188.75750732421875 382.8882751464844 222.91131591796875 4.0217767 1.5049363 1.7297442 -12.830062 2.337574 35.72197 1.600329041481018 0.8083153963088989
Car 0.0 0 -1.7152535915374756 577.079345703125 180.1807403564453 610.56884765625 205.7346649169922 3.744405 1.5446943 1.6393633 -1.1187115 2.039763 46.733345 -1.739187240600586 0.5095082521438599
Car 0.0 0 1.6965866088867188 512.6875610351562 182.7212371826172 535.0697631835938 201.00363159179688 3.6130993 1.4922304 1.4903772 -7.4726453 2.3742623 62.657524 1.5778855085372925 0.25998467206954956
