Car 0.0 0 -1.7634623050689697 691.177978515625 178.99282836914062 809.9561157226562 265.177490234375 3.9182723 1.5079559 1.6331462 2.68694 1.6516389 14.872868 -1.5847296714782715 0.9658035039901733
Car 0.0 0 1.7270381450653076 415.1832275390625 184.84332275390625 492.89306640625 240.4269561767578 3.9098055 1.446707 1.6828225 -4.6163864 1.8398166 21.636263 1.5168267488479614 0.948721170425415
Car 0.0 0 -1.9619553089141846 799.5858764648438 187.56553649902344 1110.4755859375 375.0 3.4644036 1.3976616 1.5041724 3.0621994 1.5823119 7.2992816 -1.564734935760498 0.9415821433067322
Car 0.0 0 -1.7174265384674072 673.7218017578125 177.4136505126953 747.8131103515625 234.94955444335938 3.7278068 1.5196799 1.606869 2.8229723 1.6660497 21.22754 -1.5852159261703491 0.8859224319458008
Car 0.0 0 0.5577533841133118 112.13810729980469 189.5240936279297 306.47564697265625 254.5209197998047 3.7601376 1.411238 1.5244831 -9.382804 1.8234704 16.964626 0.05254817008972168 0.8040524125099182
Car 0.0 0 -2.3671646118164062 942.2473754882812 197.97398376464844 1242.0 375.0 3.7239978 1.516391 1.5696387 2.89712 1.6806443 2.8418713 -1.572139859199524 0.7932384014129639
Car 0.0 0 1.7180858850479126 459.0946044921875 176.10206604003906 516.7958374023438 227.69276428222656 3.8816288 1.7840806 1.5864763 -4.5583563 1.9154756 27.15087 1.5517473220825195 0.7373935580253601
Car 0.0 0 -1.7095376253128052 655.375732421875 178.80685424804688 706.1461181640625 219.268798828125 3.7357647 1.5281574 1.5644898 2.8076212 1.7893213 29.708294 -1.6153111457824707 0.6983829140663147
Car 0.0 0 2.428617000579834 0.0 202.1522216796875 133.40220642089844 375.0 4.11712 1.5844054 1.6696526 -4.299914 1.8026383 3.254431 1.5056976079940796 0.6892863512039185
Car 0.0 0 1.7037901878356934 487.79705810546875 180.20364379882812 535.8684692382812 218.08819580078125 4.238871 1.5592216 1.6057463 -4.410002 1.9136497 32.636967 1.5694807767868042 0.683131992816925
