Car 0.0 0 -1.7793174982070923 638.582275390625 178.0849609375 762.3075561523438 269.3060302734375 3.9513319 1.6088341 1.6796168 1.687679 1.4842029 14.720445 -1.665167212486267 0.9704457521438599
Car 0.0 0 -1.2680902481079102 238.80519104003906 190.40403747558594 383.47021484375 273.4772644042969 3.6447237 1.3943613 1.6021023 -5.711206 1.5114208 14.177647 -1.6510354280471802 0.9523448944091797
Car 0.0 0 -1.3732502460479736 352.13018798828125 187.2169952392578 437.7853698730469 244.42356872558594 4.0758414 1.4664547 1.5828333 -6.038414 1.5309836 20.669289 -1.6574844121932983 0.9343418478965759
Car 0.0 0 -1.5404431819915771 519.9991455078125 178.85821533203125 565.470703125 221.9929962158203 3.6702735 1.6111028 1.6955312 -2.578913 1.3747795 28.727863 -1.6299736499786377 0.9338399767875671
Car 0.0 0 -1.1421680450439453 120.51863861083984 164.54042053222656 284.1285705566406 244.86082458496094 4.8835135 1.8085768 1.806523 -10.301147 1.3441622 18.68544 -1.6460031270980835 0.8885603547096252
Car 0.0 0 2.219965934753418 0.0 197.36683654785156 199.30694580078125 376.0 3.971866 1.4771373 1.5849122 -4.9227276 1.6047603 5.4321017 1.4837201833724976 0.7755451202392578
Car 0.0 0 -1.4175950288772583 395.9231262207031 183.83294677734375 453.9377746582031 225.72219848632812 4.2928014 1.5443861 1.606381 -7.2513146 1.4945381 28.711647 -1.6649783849716187 0.6718053817749023
Car 0.0 0 -1.4228037595748901 511.68707275390625 184.92376708984375 552.6066284179688 214.7832489013672 3.7210493 1.4993981 1.6207062 -3.974235 1.4858701 37.987854 -1.527043104171753 0.6667380332946777
Car 0.0 0 -1.6591291427612305 561.9823608398438 182.7041015625 587.0736083984375 202.0762176513672 3.9605777 1.4746574 1.6310943 -2.672959 1.2845995 56.789684 -1.7061620950698853 0.5961712598800659
Car 0.0 0 1.7968568801879883 339.3869323730469 170.4886474609375 389.5361328125 199.95738220214844 4.0677485 1.4619067 1.624732 -12.738697 0.73244846 37.76214 1.4715042114257812 0.5243903398513794
