Pedestrian 0.0 0 0.014518260955810547 1106.8253173828125 122.00494384765625 1185.8118896484375 283.45379638671875 0.7085807 1.7753032 0.5765105 6.234788 1.1337749 8.215104 0.6637177467346191 0.6980953216552734
Pedestrian 0.0 0 1.661957859992981 512.4382934570312 165.83380126953125 553.4346923828125 275.6641845703125 0.82566416 1.7329811 0.59820044 -1.2128906 1.5032235 11.568116 1.5574917793273926 0.6280352473258972
Pedestrian 0.0 0 -0.5041713714599609 1134.3165283203125 111.62361145019531 1224.0 284.12457275390625 0.8690035 1.7210444 0.62877554 6.183012 1.0355581 7.4397664 0.18923330307006836 0.5467345714569092
Pedestrian 0.0 0 -1.489210844039917 789.9119262695312 163.15049743652344 805.195556640625 196.99771118164062 0.69224614 1.7878546 0.73498356 10.284448 0.87284243 37.79282 -1.2235175371170044 0.3841886818408966
Pedestrian 0.0 0 2.9335601329803467 509.06622314453125 165.96005249023438 521.47509765625 188.1117401123047 0.97977215 1.8956437 0.49160656 -7.7104645 0.6525742 60.893993 2.8076093196868896 0.3550192415714264
Pedestrian 0.0 0 -0.0643923282623291 998.3487548828125 118.11199951171875 1061.5078125 247.98873901367188 0.7197629 1.729007 0.41341668 5.802629 0.90012795 9.755516 0.472198486328125 0.33856290578842163
Pedestrian 0.0 0 1.7855488061904907 117.37055206298828 155.18446350097656 137.3511962890625 195.14718627929688 0.7293534 1.9393711 0.67557865 -23.50169 0.7122601 34.77166 1.191190481185913 0.2634183466434479
Pedestrian 0.0 0 -1.92926025390625 276.61846923828125 181.0436553955078 320.6935729980469 263.0664367675781 0.64286554 1.6258825 0.6422924 -6.3137527 1.6389831 14.47065 -2.340675115585327 0.25894883275032043
Cyclist 0.0 0 1.0904455184936523 874.2618408203125 159.00259399414062 905.8255004882812 195.83718872070312 1.9820175 1.6992466 0.533142 13.519505 0.7089876 33.624836 1.4727342128753662 0.6284428834915161
Cyclist 0.0 0 -2.100497007369995 969.1458740234375 137.51373291015625 1024.355224609375 206.31080627441406 1.7710638 1.7331923 0.43684134 10.292481 0.6518407 18.698599 -1.5973150730133057 0.5584680438041687
Car 0.0 0 -0.7955711483955383 0.0 200.1204376220703 293.56768798828125 370.0 3.6400461 1.4750122 1.5146798 -3.1530795 1.6222898 3.4005008 -1.5432336330413818 0.8670740723609924
Car 0.0 0 1.57808256149292 447.62213134765625 171.251220703125 477.9236755371094 199.0763702392578 4.255393 1.6474453 1.7663498 -8.86061 1.1012216 44.113956 1.3798627853393555 0.6887375116348267
Car 0.0 0 -1.6261152029037476 642.3438110351562 168.15235900878906 666.7964477539062 189.24832153320312 4.221981 1.5878646 1.6710157 3.8546202 0.65973747 55.336304 -1.5565694570541382 0.509860098361969
