Pedestrian 0.0 0 2.0628809928894043 109.1412353515625 170.0206756591797 193.40731811523438 309.5967102050781 0.80594605 1.8185318 0.66847396 -6.2772884 1.7819741 9.825463 1.4943630695343018 0.32273080945014954
Pedestrian 0.0 0 -1.550669550895691 633.5498657226562 173.358154296875 645.153076171875 203.00396728515625 0.6220917 1.8245465 0.7074228 1.7901928 1.8564042 44.74719 -1.5106840133666992 0.24130143225193024
Pedestrian 0.0 0 -0.07498955726623535 102.6865005493164 182.53756713867188 150.5520477294922 304.2164306640625 0.5367194 1.7096336 0.63842833 -7.171533 1.8581283 10.61832 -0.669008731842041 0.21680377423763275
Pedestrian 0.0 0 3.3449950218200684 429.675048828125 176.55007934570312 454.6306457519531 222.20899963378906 0.8589137 1.7686979 0.5570441 -6.6178107 1.9154412 28.284288 3.11515474319458 0.19220730662345886
Pedestrian 0.0 0 0.32841914892196655 444.1424255371094 177.7613067626953 466.0654602050781 218.0813446044922 0.8089383 1.7394316 0.5301321 -6.802381 1.9562247 31.510342 0.11580419540405273 0.19127149879932404
Pedestrian 0.0 0 0.065758615732193 369.53765869140625 176.81271362304688 397.0848388671875 235.72764587402344 0.70595473 1.627355 0.5779083 -6.4320645 1.741332 20.341373 -0.24049896001815796 0.16731035709381104
Pedestrian 0.0 0 -1.680211067199707 469.348876953125 175.7652587890625 481.7430419921875 204.12298583984375 0.7042793 1.6772013 0.655656 -8.08481 1.8535893 43.193043 -1.865248441696167 0.1663287878036499
Car 0.0 0 1.9438766241073608 152.83352661132812 185.3391876220703 438.99554443359375 361.96063232421875 4.1269636 1.5734223 1.7011029 -3.4693158 1.7615602 8.783243 1.5676944255828857 0.9278493523597717
Car 0.0 0 -1.51298189163208 503.4947204589844 183.14022827148438 535.5292358398438 212.86404418945312 3.2641606 1.49698 1.5419647 -4.9123797 2.0798595 39.178787 -1.6377146244049072 0.9025784134864807
Car 0.0 0 3.183515787124634 349.7298889160156 176.72836303710938 452.5953674316406 214.0458984375 4.393987 1.6158543 1.8026358 -9.493374 1.8005137 32.92507 2.902796983718872 0.8307391405105591
Car 0.0 0 -1.48082435131073 510.1760559082031 180.92315673828125 542.5408935546875 208.0666961669922 4.1652203 1.5972589 1.6750396 -5.2953 2.1334634 45.80937 -1.5959078073501587 0.2961486876010895
Car 0.0 0 -1.6850666999816895 683.087890625 133.70950317382812 826.6463623046875 262.76953125 3.872023 1.6080546 1.6272081 1.952688 1.120682 10.97005 -1.5089099407196045 0.24101142585277557
