Pedestrian 0.0 0 1.4573403596878052 1118.51416015625 150.01258850097656 1149.6929931640625 211.57382202148438 0.6773765 1.9392275 0.73798543 16.79963 1.220063 23.20249 2.084021806716919 0.369629830121994
Pedestrian 0.0 0 2.626478910446167 891.39892578125 163.04446411132812 939.5867309570312 237.12892150878906 0.77250475 1.8017803 0.8833289 7.57268 1.5635644 18.029392 3.024122714996338 0.2557506561279297
Car 0.0 0 -1.9865734577178955 52.6828498840332 203.9290771484375 201.35781860351562 276.4700622558594 3.722775 1.4184357 1.5605307 -11.58045 2.2296538 17.172935 -2.579871654510498 0.9281437993049622
Car 0.0 0 1.4285484552383423 541.28466796875 182.0943603515625 617.5642700195312 235.99002075195312 4.379528 1.407509 1.6834157 -1.0815545 1.7184911 21.942541 1.3792979717254639 0.8530162572860718
Car 0.0 0 1.634185791015625 465.3564758300781 180.0132293701172 522.1231689453125 229.65313720703125 3.3624804 1.3922639 1.5357451 -3.600816 1.6330813 22.485 1.4753910303115845 0.8264833688735962
Car 0.0 0 -2.2018721103668213 217.8419189453125 177.82496643066406 464.3145446777344 297.5010986328125 4.6385775 1.8185962 1.788605 -5.036363 1.9233366 13.138551 -2.5679233074188232 0.8185359835624695
Car 0.0 0 3.283816337585449 113.49990844726562 187.0764923095703 225.8549041748047 225.5985107421875 3.9999022 1.5409514 1.6411909 -19.168697 2.193391 31.538218 2.7376866340637207 0.5697191953659058
Car 0.0 0 -2.7810802459716797 605.4107055664062 150.5980987548828 707.9161376953125 188.04843139648438 4.0301323 1.5069205 1.6046788 1.9304644 0.6117493 30.58999 -2.7180562019348145 0.3397945165634155
Car 0.0 0 0.9782111644744873 531.99951171875 168.57762145996094 616.4493408203125 204.75099182128906 4.3309836 1.5433648 1.7269634 -1.7484236 1.3612682 33.03149 0.9253284931182861 0.25617876648902893
Car 0.0 0 0.48674124479293823 679.6002197265625 164.96966552734375 864.4791870117188 239.3385467529297 4.0711193 1.5982075 1.6172317 3.7776918 1.4291288 17.433247 0.700136661529541 0.23452968895435333
