Pedestrian 0.0 0 -2.3068931102752686 885.4784545898438 148.81520080566406 919.6564331054688 219.05355834960938 0.51565784 1.8450674 0.6748827 7.8431044 0.8900063 19.23727 -1.9197633266448975 0.3758237361907959
Pedestrian 0.0 0 2.240297317504883 872.7677001953125 161.93797302246094 921.825439453125 217.2532958984375 1.6615143 1.854862 0.6900329 9.959158 1.0754331 24.813255 2.6219794750213623 0.221548929810524
Cyclist 0.0 0 2.298011302947998 871.022216796875 161.9369659423828 924.6434326171875 217.58258056640625 1.8227249 1.86687 0.6784837 9.981442 1.0870167 24.82273 2.6803343296051025 0.531518280506134
Car 0.0 0 -1.5347131490707397 711.1741943359375 178.64590454101562 765.7179565429688 229.161376953125 3.768429 1.6171426 1.7327483 4.574102 1.4079565 25.03529 -1.354000210762024 0.9497809410095215
Car 0.0 0 2.1018214225769043 0.0 210.6985626220703 111.30877685546875 281.16339111328125 3.976032 1.41433 1.7047875 -14.494856 2.1287966 18.028004 1.424634575843811 0.7183640003204346
Car 0.0 0 -1.066023349761963 0.0 190.7244110107422 116.57057189941406 236.53622436523438 4.3719454 1.5200641 1.6984462 -20.355963 1.7432398 26.684965 -1.717682123184204 0.6693668961524963
Car 0.0 0 2.161010503768921 0.0 209.8336181640625 94.1558609008789 355.1081848144531 3.95432 1.4269611 1.6114658 -9.0597925 1.8362948 9.838593 1.4167989492416382 0.6573542356491089
Car 0.0 0 -1.359234094619751 789.5745849609375 178.8968048095703 825.4125366210938 200.41773986816406 4.1289606 1.4963187 1.6787554 14.520599 1.0581068 52.195362 -1.0878980159759521 0.6231732964515686
Car 0.0 0 -1.3184908628463745 121.01521301269531 198.62689208984375 180.61236572265625 231.9744873046875 3.7311146 1.4814564 1.6087294 -22.567474 2.184194 35.580563 -1.883724331855774 0.560087263584137
Car 0.0 0 1.719989538192749 320.9931335449219 185.7848663330078 360.4375915527344 213.58009338378906 4.017889 1.5393972 1.5829462 -15.581274 1.5754906 42.02447 1.3649353981018066 0.44322919845581055
Car 0.0 0 -1.4271245002746582 352.08404541015625 183.558837890625 382.856201171875 205.651123046875 3.5377555 1.4858193 1.550258 -16.768734 1.3755188 50.221413 -1.749381422996521 0.42825064063072205
Car 0.0 0 1.505454421043396 150.89047241210938 204.73228454589844 207.31849670410156 248.08370971679688 4.20602 1.5351608 1.7189897 -17.778759 2.4021063 29.668324 0.9655861854553223 0.38173189759254456
