Pedestrian 0.0 0 2.7010931968688965 684.3645629882812 152.47396850585938 727.533203125 230.4258270263672 0.7745864 1.7641097 0.68719715 2.1748378 1.3032521 16.771973 2.8300445079803467 0.5042088627815247
Pedestrian 0.0 0 -0.8105332255363464 0.0 176.6151580810547 39.244178771972656 242.83560180664062 0.6446317 1.7272531 0.61452 -15.804181 1.8294991 19.199877 -1.499225378036499 0.4856940805912018
Pedestrian 0.0 0 -1.0366089344024658 229.2783966064453 183.31483459472656 256.6991271972656 225.60340881347656 0.8049323 1.7464913 0.7224021 -15.513996 2.194222 30.430538 -1.5080790519714355 0.3730427026748657
Pedestrian 0.0 0 -2.0531511306762695 711.4671020507812 156.9963836669922 753.5512084960938 233.37843322753906 0.969017 1.80919 0.63568366 2.9371586 1.4339433 17.64715 -1.888224720954895 0.2963947355747223
Pedestrian 0.0 0 0.18257571756839752 311.6338195800781 182.25253295898438 323.269287109375 210.74081420898438 0.55463195 1.7011346 0.59352255 -17.732758 2.2747219 43.658146 -0.2032407969236374 0.2890563905239105
Pedestrian 0.0 0 -1.6155234575271606 678.2445678710938 169.0105743408203 705.0853271484375 238.65615844726562 1.408326 1.723827 0.6191038 2.0411777 1.6290547 18.579039 -1.5060977935791016 0.14395327866077423
Cyclist 0.0 0 1.506473422050476 677.95849609375 167.8812255859375 706.32080078125 242.10838317871094 1.735661 1.8182379 0.60741216 2.046497 1.696785 18.552502 1.6163376569747925 0.5311278700828552
Cyclist 0.0 0 -2.5078837871551514 700.6812744140625 156.19268798828125 783.5404663085938 244.90939331054688 1.7481655 1.7617425 0.5019335 2.6940405 1.431239 15.131684 -2.3316903114318848 0.4430837035179138
Cyclist 0.0 0 -2.6424460411071777 705.0785522460938 157.48739624023438 754.1027221679688 233.5774383544922 1.0179708 1.8091298 0.6128688 2.883854 1.4441288 17.706934 -2.4809978008270264 0.16974486410617828
Car 0.0 0 -1.2948750257492065 253.09962463378906 177.09744262695312 488.6159362792969 341.3404846191406 4.1283474 1.6084452 1.7120374 -2.781264 1.6754298 9.248465 -1.5869988203048706 0.9437844157218933
Car 0.0 0 2.288731575012207 0.0 201.0196990966797 96.92818450927734 298.57183837890625 3.9582002 1.4760822 1.6675385 -12.274236 2.1017897 14.037643 1.570252776145935 0.7570741772651672
Car 0.0 0 -1.6089341640472412 590.0809326171875 174.89926147460938 618.4242553710938 199.99227905273438 4.1422434 1.5464312 1.6776603 -0.44477773 1.6857626 46.916584 -1.618414044380188 0.6942653656005859
Car 0.0 0 1.6629438400268555 452.77215576171875 180.05609130859375 480.83843994140625 201.55787658691406 4.068404 1.449971 1.6248598 -10.341682 1.9921591 52.173023 1.4672614336013794 0.43805357813835144
Car 0.0 0 2.0872745513916016 124.49223327636719 184.3055877685547 229.9870147705078 229.58692932128906 3.9818356 1.5162135 1.6524454 -16.2005 1.9798713 27.180834 1.5497819185256958 0.35650861263275146
Car 0.0 0 1.7976936101913452 147.52987670898438 187.93556213378906 185.01522827148438 209.40347290039062 4.065055 1.5529417 1.6725082 -35.309624 2.800348 57.46602 1.2467215061187744 0.2670133411884308
