Pedestrian 0.0 0 -2.6609597206115723 568.5768432617188 157.83389282226562 627.0879516601562 267.89508056640625 0.71610564 1.7294657 0.7018899 -0.09554472 1.3588818 11.760517 -2.669083833694458 0.7815314531326294
Pedestrian 0.0 0 -1.7652064561843872 492.6712646484375 164.54209899902344 552.3446655273438 297.75732421875 0.9100526 1.6352398 0.6010349 -1.0868838 1.4284182 9.340119 -1.8810526132583618 0.7724761962890625
Pedestrian 0.0 0 -1.7288615703582764 554.8392333984375 160.36776733398438 577.5111083984375 212.89663696289062 0.82901335 1.7371583 0.6393427 -1.219062 1.0393901 24.224783 -1.7791420221328735 0.7325495481491089
Pedestrian 0.0 0 -1.4702093601226807 617.1913452148438 155.76380920410156 658.6242065429688 255.85484313964844 0.5956498 1.738827 0.6844932 0.6170882 1.2930036 12.821865 -1.4221186637878418 0.6860769391059875
Pedestrian 0.0 0 -2.1339900493621826 845.9804077148438 152.85317993164062 985.1103515625 374.0 0.7601085 1.5139415 0.6141746 2.2082617 1.3232882 5.2385745 -1.735054850578308 0.6668968796730042
Pedestrian 0.0 0 0.17434564232826233 612.6781005859375 161.57843017578125 709.578369140625 328.14239501953125 0.9597867 1.6933599 0.5046216 0.5969203 1.492194 7.66431 0.2520718574523926 0.6581026315689087
Pedestrian 0.0 0 3.4334170818328857 124.96004486083984 148.5289764404297 190.4306640625 251.12045288085938 0.8928427 1.8210956 0.5754004 -8.1427555 1.2371017 13.14233 2.87872314453125 0.6101685762405396
Pedestrian 0.0 0 3.035719156265259 645.7074584960938 161.30050659179688 718.6757202148438 302.66497802734375 0.83191293 1.6763018 0.5243976 0.9268348 1.4381206 8.777889 3.1409168243408203 0.4937163293361664
Pedestrian 0.0 0 1.332924485206604 696.2761840820312 157.15927124023438 717.7938232421875 204.8339080810547 0.687031 1.9612004 0.7447863 4.3786283 0.9608788 29.92413 1.4782177209854126 0.4712940454483032
Pedestrian 0.0 0 -0.19885742664337158 701.5670776367188 163.09962463378906 780.245361328125 287.5654296875 0.9338708 1.6504055 0.73020446 1.8564603 1.4077457 9.893757 -0.013374648988246918 0.45017364621162415
Pedestrian 0.0 0 0.769101619720459 787.7437744140625 161.13450622558594 898.1123657226562 342.9384460449219 0.8703289 1.5970961 0.52446425 2.2220135 1.4195733 6.8150306 1.0842792987823486 0.40477144718170166
Pedestrian 0.0 0 1.488569736480713 611.140625 161.1579132080078 630.530029296875 211.3720703125 1.0514938 1.8261479 0.63278806 0.69240886 1.0874095 26.663923 1.5145318508148193 0.39967456459999084
Pedestrian 0.0 0 1.5308256149291992 499.0556945800781 159.10743713378906 534.6979370117188 252.8021697998047 0.79426706 1.7997038 0.6671562 -1.7240622 1.3708392 14.24061 1.4103453159332275 0.3441700339317322
Pedestrian 0.0 0 1.8141059875488281 708.6343383789062 156.85406494140625 724.2937622070312 196.00096130371094 0.7115523 1.8663951 0.59351146 5.548275 0.69226605 34.688747 1.9727071523666382 0.311497300863266
Pedestrian 0.0 0 -1.1891282796859741 473.143310546875 161.82554626464844 500.0907287597656 217.97340393066406 0.7902453 1.901516 0.67356503 -3.9797695 1.2362925 24.784369 -1.3483449220657349 0.3068641722202301
Pedestrian 0.0 0 2.3882739543914795 668.3924560546875 152.24302673339844 698.980224609375 210.9904022216797 0.6948278 1.8177758 0.6627061 2.571283 0.91361135 22.697577 2.50107741355896 0.2646401524543762
Cyclist 0.0 0 3.653064012527466 117.6081314086914 147.58595275878906 196.87710571289062 251.61618041992188 1.0955322 1.854656 0.56393135 -8.131897 1.2513065 13.109545 3.097849130630493 0.13206321001052856
Cyclist 0.0 0 0.02343428134918213 689.4113159179688 166.77743530273438 765.875 294.74267578125 0.99610555 1.6756909 0.7218774 1.6877052 1.48423 9.853696 0.19306468963623047 0.12931019067764282
Cyclist 0.0 0 1.488569736480713 611.140625 161.1579132080078 630.530029296875 211.3720703125 1.0514938 1.8261479 0.63278806 0.69240886 1.0874095 26.663923 1.5145318508148193 0.12319475412368774
Car 0.0 0 1.7319018840789795 463.4117736816406 172.60719299316406 549.1151123046875 235.7864532470703 4.166787 1.5190414 1.6332941 -2.4767785 1.3064249 19.378506 1.6047805547714233 0.8859321475028992
