Pedestrian 0.0 0 -1.777388572692871 754.4739990234375 148.16355895996094 777.3818969726562 201.57098388671875 0.9095222 1.8031273 0.59411895 5.3110166 0.96989346 24.813648 -1.5665339231491089 0.479266494512558
Car 0.0 0 -1.7153278589248657 681.8641967773438 177.6026611328125 781.5967407226562 254.21495056152344 4.228583 1.532152 1.6530336 2.6407871 1.6571603 16.813826 -1.559540033340454 0.9593504071235657
Car 0.0 0 -1.880059003829956 767.8646850585938 186.10572814941406 979.8638916015625 329.255126953125 3.3080885 1.4234618 1.5096283 3.0460799 1.6223421 9.143301 -1.5584745407104492 0.9496051669120789
Car 0.0 0 1.738549828529358 428.44140625 180.2267608642578 500.178466796875 232.3030548095703 3.8983846 1.5083909 1.6504548 -4.678469 1.7683204 23.427725 1.5414446592330933 0.9371038675308228
Car 0.0 0 -1.6661278009414673 669.4589233398438 177.20748901367188 731.6994018554688 230.18405151367188 3.5914416 1.5322292 1.6121362 2.7609746 1.6822003 22.97912 -1.5465495586395264 0.9278267621994019
Car 0.0 0 -2.143341541290283 854.9853515625 192.7740478515625 1242.0 375.0 3.4685447 1.4886322 1.5496991 2.9448066 1.668305 4.74507 -1.5879101753234863 0.8850061893463135
Car 0.0 0 2.2585368156433105 0.0 188.75086975097656 237.5078582763672 375.0 3.5557315 1.4852426 1.5571498 -4.3731446 1.6380551 5.124871 1.552119493484497 0.8574258089065552
Car 0.0 0 1.7176001071929932 464.5173034667969 171.2502899169922 519.88427734375 222.20684814453125 4.053247 1.9042964 1.6188586 -4.698895 1.8447225 28.999447 1.556962251663208 0.760402500629425
Car 0.0 0 -1.6393805742263794 654.7326049804688 176.21449279785156 696.728759765625 212.950927734375 3.6044137 1.4895172 1.564524 2.7673798 1.6446034 31.402159 -1.5514806509017944 0.6941413283348083
Car 0.0 0 0.5105106830596924 152.01547241210938 178.3620147705078 334.4739685058594 237.00314331054688 3.9671237 1.4398308 1.5676848 -9.487932 1.589896 18.742306 0.041890859603881836 0.6483747959136963
