Pedestrian 0.0 0 -2.0072743892669678 876.1883544921875 163.21185302734375 919.6210327148438 234.65139770507812 1.1397129 1.7283463 0.5762822 7.1931834 1.1971357 17.972631 -1.6265698671340942 0.27795952558517456
Pedestrian 0.0 0 -0.4305779039859772 749.8414306640625 190.9172821044922 776.5429077148438 234.92283630371094 0.8601247 1.779452 0.70173407 6.3626866 2.0189493 29.613445 -0.2189374417066574 0.27256008982658386
Cyclist 0.0 0 -2.0072743892669678 876.1883544921875 163.21185302734375 919.6210327148438 234.65139770507812 1.1397129 1.7283463 0.5762822 7.1931834 1.1971357 17.972631 -1.6265698671340942 0.13134656846523285
Car 0.0 0 -1.3809716701507568 345.5706481933594 188.65560913085938 421.1856994628906 238.41842651367188 3.8817513 1.4067558 1.5605215 -6.995101 1.5257479 22.611198 -1.680997371673584 0.9559823274612427
Car 0.0 0 -1.2617881298065186 212.26849365234375 187.13861083984375 362.6968994140625 278.8614807128906 3.9193828 1.6115903 1.6803211 -6.4071665 1.6576196 14.746313 -1.6716716289520264 0.9528688788414001
Car 0.0 0 -1.5277764797210693 661.6654663085938 182.57638549804688 723.4207763671875 241.01930236816406 3.4086063 1.6303557 1.7200111 2.603494 1.5578593 21.870234 -1.4092912673950195 0.9419588446617126
Car 0.0 0 1.776228666305542 744.5829467773438 182.05992126464844 780.1112060546875 204.68966674804688 3.917753 1.5042008 1.648078 10.747757 1.2955683 49.903362 1.988359808921814 0.49666205048561096
Car 0.0 0 2.2672853469848633 0.0 35.16279220581055 200.769287109375 376.0 4.2231345 1.7210609 1.6888882 -4.8440304 1.1176695 5.0560126 1.5032960176467896 0.3363008201122284
Car 0.0 0 1.8918555974960327 208.00059509277344 183.99818420410156 278.23712158203125 220.45716857910156 3.6510882 1.466534 1.6160612 -15.585049 1.4186921 30.835812 1.4238810539245605 0.33384525775909424
Car 0.0 0 1.7235389947891235 442.1669006347656 183.8529052734375 487.5370788574219 215.7091827392578 3.9981782 1.5069871 1.6416674 -7.1317635 1.4436506 36.034554 1.5281494855880737 0.279664546251297
Car 0.0 0 -0.9973019361495972 817.7003784179688 162.94171142578125 886.8267211914062 193.9845733642578 3.508995 1.444437 1.5436108 11.944139 0.4091509 35.13905 -0.6696435213088989 0.2527313232421875
