Car 0.0 0 -1.3624347448349 421.500732421875 180.26153564453125 508.78204345703125 242.09506225585938 3.6609082 1.5672431 1.6607586 -3.9143114 1.4428054 20.059694 -1.555146336555481 0.969943642616272
Car 0.0 0 -1.2350066900253296 307.0701599121094 177.06881713867188 399.659423828125 229.78453063964844 3.8473732 1.559826 1.6331109 -8.126211 1.319896 23.19142 -1.5720354318618774 0.9341145157814026
Car 0.0 0 -1.1176098585128784 0.0 195.39622497558594 411.6317443847656 376.0 4.3431525 1.4195292 1.5782628 -3.1344945 1.5406612 6.290957 -1.579859733581543 0.9327843189239502
Car 0.0 0 -1.5614973306655884 569.27734375 178.2330780029297 612.2003173828125 219.26182556152344 3.736543 1.6307883 1.7064497 -0.74199355 1.3543786 30.449821 -1.585860252380371 0.9210522770881653
Car 0.0 0 -1.4905190467834473 389.3043518066406 183.5081329345703 433.42926025390625 221.3376922607422 3.442686 1.474099 1.4965783 -8.133005 1.4086925 29.837744 -1.7566287517547607 0.5597565770149231
Car 0.0 0 2.006194591522217 140.8346710205078 186.85446166992188 292.36138916015625 259.43890380859375 3.7482288 1.4464134 1.5714782 -8.729104 1.4891288 16.322512 1.5151044130325317 0.5036004781723022
Car 0.0 0 -0.9398702383041382 0.0 189.31527709960938 201.89988708496094 304.1023254394531 3.6574676 1.432976 1.5905312 -8.047269 1.5069224 10.932679 -1.574399471282959 0.48631516098976135
Car 0.0 0 1.6857397556304932 499.3094177246094 176.03382873535156 543.17333984375 210.00608825683594 3.9770865 1.4323318 1.5107591 -3.861174 1.0463393 32.296085 1.566749095916748 0.42236328125
Car 0.0 0 2.2067441940307617 7.254848957061768 187.95567321777344 189.68136596679688 254.6593475341797 3.9664822 1.4318191 1.5834877 -12.26581 1.5076697 17.595392 1.5979647636413574 0.38632795214653015
Car 0.0 0 2.0593833923339844 197.12069702148438 181.2728271484375 297.99609375 225.00323486328125 3.758087 1.4141037 1.5697349 -12.509352 1.2877353 25.141232 1.5976872444152832 0.37862250208854675
