Pedestrian 0.0 0 -1.6502530574798584 1048.7919921875 171.80502319335938 1077.105712890625 237.60162353515625 0.6474332 1.6715908 0.5718792 11.713818 1.6452996 18.747305 -1.09177827835083 0.3245864510536194
Pedestrian 0.0 0 -3.201584815979004 745.7052001953125 177.9741668701172 761.7924194335938 214.60958862304688 0.71448356 1.723865 0.6378012 6.8139997 1.9710419 34.414948 -3.006117582321167 0.23522834479808807
Cyclist 0.0 0 -1.6585923433303833 655.3588256835938 165.55369567871094 666.618896484375 197.49232482910156 1.6196164 1.7274281 0.47737864 2.7735012 1.3329427 39.836285 -1.5890820026397705 0.28517457842826843
Cyclist 0.0 0 -0.7698178887367249 636.9251708984375 183.17572021484375 659.898681640625 209.3602294921875 1.6192939 1.8054646 0.6671114 2.6990256 2.5487752 51.149693 -0.7170996069908142 0.17974551022052765
Car 0.0 0 -3.27508544921875 1015.1536254882812 177.3363800048828 1242.0 258.9124450683594 3.926125 1.5376313 1.6934054 10.901248 1.6442268 15.439184 -2.660292863845825 0.8814558386802673
Car 0.0 0 -0.8690482974052429 687.4674072265625 195.8898162841797 766.0386352539062 234.89553833007812 3.4112973 1.494677 1.5288254 5.0587745 2.5494628 31.333813 -0.7089816927909851 0.8545417189598083
Car 0.0 0 -0.001376911997795105 492.190185546875 184.2974395751953 546.5354614257812 206.2947998046875 4.057482 1.6119722 1.7296671 -6.9460316 2.504635 55.14517 -0.1266760677099228 0.24551525712013245
Car 0.0 0 -1.6948893070220947 591.5361328125 175.0192413330078 638.4541015625 218.59194946289062 4.717426 2.0750582 1.8237374 0.14673792 2.1939726 37.05355 -1.6909291744232178 0.24445874989032745
Car 0.0 0 -1.7902241945266724 650.7911376953125 158.10879516601562 690.391357421875 189.11961364746094 4.177174 1.9557846 1.7318051 3.9208126 1.0261943 47.69057 -1.7081950902938843 0.21208299696445465
Car 0.0 0 -0.21216823160648346 589.1727905273438 173.8625030517578 630.4535522460938 190.3607940673828 3.6663797 1.5343482 1.5572368 -0.04647671 1.6319034 68.38926 -0.21284782886505127 0.1669120192527771
Car 0.0 0 0.5658825039863586 267.8770751953125 205.5262908935547 382.4924011230469 244.4861297607422 4.499046 1.5338914 1.6598431 -12.53236 3.0269136 31.722294 0.1896378993988037 0.1483796089887619
