Car 0.0 0 -1.7534669637680054 670.357421875 173.4577178955078 766.2911987304688 246.28514099121094 4.2867284 1.6804601 1.6890585 2.643693 1.6984239 18.860521 -1.6142035722732544 0.9359253644943237
Car 0.0 0 -2.656912326812744 136.9423370361328 181.4220733642578 383.6177978515625 264.57568359375 3.8636274 1.4391744 1.613635 -6.4928246 1.6108521 13.545423 -3.103893518447876 0.9287505745887756
Car 0.0 0 -1.6519113779067993 652.4248046875 179.42327880859375 698.2560424804688 219.39151000976562 3.643538 1.5082186 1.5720007 2.585665 1.7951941 29.651525 -1.5649296045303345 0.8319188356399536
Car 0.0 0 3.3154149055480957 335.22552490234375 177.21754455566406 464.1829833984375 229.75686645507812 3.7139266 1.587002 1.6495377 -6.653546 1.7325289 22.981571 3.0336034297943115 0.8211581707000732
Car 0.0 0 -2.678730010986328 273.9471435546875 187.0227508544922 439.21600341796875 248.2251739501953 3.650375 1.4285816 1.5415454 -6.4130507 1.8077149 18.292778 -3.0159199237823486 0.8070279955863953
Car 0.0 0 -1.6873589754104614 634.4500732421875 178.43894958496094 669.7000732421875 206.6666259765625 3.8902874 1.5293013 1.5909505 2.3609047 1.8691299 41.865067 -1.6310254335403442 0.7470155358314514
Car 0.0 0 -2.7577037811279297 219.9684600830078 188.30482482910156 434.87591552734375 262.03900146484375 4.093708 1.5008903 1.631369 -6.154469 1.859514 15.883183 -3.127373695373535 0.7395014762878418
Car 0.0 0 3.436727523803711 307.0264587402344 180.97409057617188 446.67889404296875 234.95347595214844 3.556244 1.4877045 1.5615119 -6.7345896 1.7328117 20.935997 3.1255056858062744 0.5465180277824402
Car 0.0 0 3.197288990020752 473.1080322265625 174.55638122558594 534.7697143554688 200.674072265625 3.7096786 1.5842886 1.6734871 -6.589497 1.6929398 44.895966 3.0515568256378174 0.47770464420318604
Car 0.0 0 0.21782717108726501 338.6249694824219 167.57345581054688 472.2622375488281 218.14866638183594 4.26307 1.7133485 1.6893148 -7.158221 1.5348158 25.405281 -0.05681389570236206 0.4641212821006775
Car 0.0 0 -2.9557301998138428 444.7171630859375 180.68650817871094 527.3949584960938 208.68087768554688 4.295819 1.5032564 1.6596638 -6.8768787 1.9482167 40.09033 -3.1256115436553955 0.4640829861164093
Car 0.0 0 -1.2767642736434937 433.2461242675781 168.71072387695312 500.1002197265625 211.94960021972656 3.7099612 1.6070205 1.6037829 -5.6698065 1.4533889 28.739307 -1.47154700756073 0.44204890727996826
Car 0.0 0 -1.7370400428771973 661.8705444335938 183.16624450683594 729.5878295898438 236.64378356933594 3.8385909 1.581577 1.6073116 2.72493 1.9537258 24.051628 -1.6242260932922363 0.42015719413757324
