Pedestrian 0.0 0 1.8699074983596802 310.4713134765625 132.23680114746094 347.10760498046875 203.48187255859375 0.7881727 1.8484797 0.70601606 -7.4970036 0.7950096 19.137009 1.4965296983718872 0.44133737683296204
Pedestrian 0.0 0 -1.9473209381103516 405.2490234375 159.25807189941406 422.505859375 197.66600036621094 0.50993454 1.9573523 0.72119546 -10.146052 1.2648323 37.188637 -2.21366548538208 0.2771490812301636
Pedestrian 0.0 0 -1.6487255096435547 348.2966613769531 171.79879760742188 368.8412780761719 227.4337615966797 0.75455487 1.6898122 0.5426839 -7.844749 1.6581204 22.367346 -1.9860445261001587 0.2625344395637512
Car 0.0 0 1.858074426651001 333.4147644042969 177.23988342285156 485.0823669433594 287.2868957519531 3.2844152 1.538583 1.5144836 -3.1876612 1.6212543 11.878239 1.5958904027938843 0.9608707427978516
Car 0.0 0 1.36911141872406 693.6224975585938 187.0589141845703 803.8723754882812 261.88909912109375 4.0681334 1.4211453 1.6541264 2.9760797 1.7874572 16.532854 1.5472140312194824 0.9498351812362671
Car 0.0 0 1.769858717918396 441.93133544921875 178.3964385986328 532.8748168945312 241.58041381835938 3.9946427 1.4650643 1.6048697 -3.171027 1.6277564 19.106695 1.605393648147583 0.8775261044502258
Car 0.0 0 -1.6881113052368164 651.6761474609375 178.7520751953125 693.6715087890625 212.6735076904297 3.9152749 1.6012713 1.671608 3.0972898 1.9181306 36.73199 -1.6039890050888062 0.8648473620414734
Car 0.0 0 2.2990918159484863 0.0 178.59962463378906 272.474853515625 375.0 3.8395634 1.5494503 1.5968958 -3.2239966 1.5916475 3.2970507 1.5248960256576538 0.8257118463516235
Car 0.0 0 -2.404449462890625 879.7018432617188 191.127685546875 1242.0 375.0 3.9243846 1.4625744 1.5767182 2.8015 1.5938215 3.1320457 -1.6747015714645386 0.7605087161064148
Car 0.0 0 -1.6792985200881958 645.7453002929688 179.76226806640625 680.5081176757812 208.77430725097656 3.6562936 1.5745714 1.61833 3.0076132 1.9938815 41.89823 -1.607637643814087 0.3844051659107208
