Pedestrian 0.0 0 1.1133570671081543 77.7457275390625 177.72528076171875 132.57461547851562 261.5726013183594 0.83295816 1.7016611 0.6356512 -10.519922 1.646975 14.822173 0.4961225986480713 0.7827662825584412
Pedestrian 0.0 0 -2.5671563148498535 127.44415283203125 178.9676971435547 172.09927368164062 252.0228729248047 0.66802675 1.6743162 0.58149606 -10.650425 1.6408067 16.490618 -3.1406068801879883 0.7822526097297668
Pedestrian 0.0 0 3.3430144786834717 228.58859252929688 166.01536560058594 274.2696228027344 244.94345092773438 0.8383803 1.7841955 0.6393445 -8.227204 1.4583765 16.395973 2.8779423236846924 0.767687976360321
Pedestrian 0.0 0 -1.485329508781433 159.41482543945312 178.3189697265625 189.43984985351562 249.066650390625 0.8035579 1.759963 0.59131783 -11.037043 1.7073022 18.075523 -2.0335118770599365 0.607670783996582
Pedestrian 0.0 0 1.1970164775848389 389.9232482910156 153.82472229003906 440.8467712402344 247.3953094482422 0.83607656 1.731857 0.68811774 -3.701969 1.2397739 13.62224 0.9316656589508057 0.563722550868988
Pedestrian 0.0 0 0.12086363881826401 592.5791015625 158.34051513671875 642.7117919921875 240.49435424804688 1.0619184 1.8161741 0.7122537 0.25749382 1.3279086 16.051012 0.13690447807312012 0.5017759203910828
Pedestrian 0.0 0 -0.7165603637695312 298.8648681640625 162.82460021972656 353.3616638183594 252.69967651367188 0.6526927 1.7876523 0.83817834 -5.775137 1.4377102 14.540665 -1.0946259498596191 0.4926729202270508
Pedestrian 0.0 0 -1.8459019660949707 367.19586181640625 171.70193481445312 398.51580810546875 233.59619140625 0.6626554 1.7322432 0.7015013 -6.400703 1.4875857 20.252811 -2.1520087718963623 0.45894140005111694
Pedestrian 0.0 0 -0.028171181678771973 1118.4075927734375 124.89047241210938 1165.35498046875 215.05685424804688 0.7553502 1.8053776 0.4916865 11.012824 0.69355065 14.571449 0.6190195083618164 0.41123539209365845
Pedestrian 0.0 0 -2.1628308296203613 181.98716735839844 153.51951599121094 202.35101318359375 188.0102081298828 0.806701 1.9496428 0.6700079 -23.620625 0.42591298 40.439262 -2.6914780139923096 0.3268797993659973
Cyclist 0.0 0 -1.5317068099975586 906.213134765625 148.7802276611328 924.1912841796875 202.32382202148438 1.9364151 1.7565653 0.4905335 10.58636 0.71750116 24.168783 -1.1188616752624512 0.7384088635444641
Cyclist 0.0 0 2.5001211166381836 892.5697631835938 149.76998901367188 949.6654052734375 193.0784454345703 1.9558934 1.6727158 0.8213752 12.453189 0.48732615 27.91947 2.9196767807006836 0.6617036461830139
Cyclist 0.0 0 -1.173617959022522 1185.253662109375 145.16485595703125 1224.0 215.59275817871094 1.8307154 1.6384795 0.49835578 14.757865 0.8180268 17.074528 -0.46086859703063965 0.5872599482536316
Cyclist 0.0 0 1.338805913925171 389.84710693359375 153.00502014160156 440.150146484375 250.30953979492188 1.0983814 1.7826339 0.69645464 -3.7092435 1.2805607 13.59711 1.0724895000457764 0.15752752125263214
Cyclist 0.0 0 0.9273462891578674 73.33030700683594 177.90675354003906 134.3119354248047 260.9940490722656 0.87726784 1.6908044 0.64620376 -10.545272 1.6396581 14.824489 0.309049129486084 0.13475604355335236
Cyclist 0.0 0 3.3888003826141357 225.57382202148438 166.45005798339844 277.43121337890625 245.98472595214844 0.95495474 1.7993158 0.61877227 -8.224074 1.4830742 16.39584 2.923877477645874 0.12130452692508698
Car 0.0 0 -1.2034754753112793 213.19869995117188 185.35140991210938 451.2755126953125 323.3088684082031 3.6932254 1.3920306 1.58154 -3.263226 1.4691318 9.125314 -1.5469061136245728 0.9730375409126282
Car 0.0 0 1.6400201320648193 463.7611999511719 166.38201904296875 490.46978759765625 189.56320190429688 3.7576854 1.5552704 1.5819768 -8.892777 0.6093848 49.386024 1.461862564086914 0.7509649991989136
