Pedestrian 0.0 0 -2.209195137023926 0.0 144.49652099609375 23.032255172729492 197.0691680908203 0.61335516 1.992269 0.7441281 -23.259787 0.91800535 27.773605 -2.906374454498291 0.4919589161872864
Pedestrian 0.0 0 1.656741738319397 729.70263671875 153.634765625 761.3878784179688 238.96823120117188 0.9323266 1.8762045 0.6325775 3.0386035 1.4539942 16.39501 1.8399994373321533 0.23775522410869598
Pedestrian 0.0 0 -2.8033854961395264 399.1211853027344 169.4376983642578 415.08624267578125 202.8028106689453 0.74529964 1.874906 0.50285625 -11.511068 1.683289 40.817566 -3.0782594680786133 0.13499420881271362
Pedestrian 0.0 0 1.6757769584655762 242.98391723632812 158.33787536621094 266.2295837402344 211.71482849121094 0.79953414 1.8041133 0.6400491 -12.28827 1.3138334 24.87076 1.2168725728988647 0.12002585828304291
Pedestrian 0.0 0 -0.5859453082084656 900.4235229492188 162.3746795654297 914.5059814453125 189.6002197265625 0.6676111 1.8906955 0.6408326 20.782495 1.1633104 50.484055 -0.1954239159822464 0.11148983985185623
Pedestrian 0.0 0 -2.4566359519958496 322.4630126953125 163.69070434570312 362.0000305175781 224.5651092529297 0.99431294 1.9189674 0.66849697 -8.659222 1.6304675 23.21916 -2.813594341278076 0.10758769512176514
Pedestrian 0.0 0 -1.145449161529541 308.8854064941406 162.49246215820312 334.670166015625 212.7296905517578 0.6836643 1.8816956 0.6887751 -10.975483 1.4939497 27.38 -1.5266947746276855 0.10281416028738022
Cyclist 0.0 0 -0.8686578273773193 342.38702392578125 178.58877563476562 375.2358093261719 219.10365295410156 1.5039889 1.777566 0.57027316 -11.406215 2.0441275 32.686195 -1.204406976699829 0.11750195175409317
Car 0.0 0 -0.11234425008296967 567.4716186523438 190.74989318847656 645.637939453125 218.4664306640625 4.2019978 1.4531282 1.6362209 -0.25801668 2.4783714 40.25794 -0.11875325441360474 0.7482868432998657
Car 0.0 0 1.6649526357650757 556.7872314453125 190.39537048339844 581.487548828125 209.32638549804688 4.1300197 1.5010775 1.7811459 -3.5654514 3.088778 63.193047 1.608590841293335 0.1600911021232605
Car 0.0 0 -3.4501583576202393 972.853515625 159.30628967285156 1033.403564453125 180.51519775390625 3.7139144 1.5724481 1.5988795 29.690992 0.568365 54.627293 -2.9523043632507324 0.14932462573051453
Car 0.0 0 -3.5102124214172363 1117.5223388671875 181.9180145263672 1239.2703857421875 216.66676330566406 4.038066 1.4788289 1.5941826 25.655268 1.9077258 32.76 -2.8458445072174072 0.13638880848884583
Car 0.0 0 -1.7173223495483398 866.895751953125 159.00021362304688 894.7588500976562 180.84938049316406 4.144246 1.8709911 1.7211436 23.95641 0.68501854 63.990723 -1.359101414680481 0.11665896326303482
Car 0.0 0 1.2794654369354248 657.9812622070312 172.42877197265625 705.6367797851562 200.53126525878906 4.080585 1.5548092 1.6534394 4.0930705 1.5316403 42.078865 1.3764318227767944 0.10993804782629013
