Pedestrian 0.0 0 0.7046523094177246 268.6128845214844 181.81491088867188 328.72723388671875 278.98828125 0.70367754 1.726218 0.7516031 -5.8075223 1.8982878 13.361821 0.2946486473083496 0.4697808623313904
Pedestrian 0.0 0 2.8053836822509766 564.4200439453125 177.37290954589844 577.6258544921875 200.99098205566406 0.9047017 1.7987378 0.4853241 -3.02452 2.149171 55.497524 2.75093936920166 0.43367448449134827
Pedestrian 0.0 0 2.4483509063720703 726.0770874023438 124.52082824707031 772.0753173828125 211.18484497070312 0.7518751 1.8241594 0.6272644 2.9621348 0.8071699 15.641194 2.635514736175537 0.38586968183517456
Cyclist 0.0 0 -1.9142239093780518 705.3287353515625 176.4986114501953 725.444580078125 211.7559051513672 1.6791928 1.7488507 0.47592735 5.3326426 1.9396896 36.83735 -1.7704607248306274 0.34779927134513855
Car 0.0 0 -1.1457569599151611 93.99242401123047 214.7819061279297 378.705322265625 375.0 3.6891077 1.3875868 1.5406352 -4.122167 1.993814 8.561385 -1.5944820642471313 0.9642977118492126
Car 0.0 0 -1.7934517860412598 707.0111083984375 184.9115753173828 842.5357666015625 286.8421630859375 3.2727935 1.4770224 1.5571053 2.6478457 1.7136551 12.489256 -1.5845353603363037 0.9620301127433777
Car 0.0 0 -1.6811840534210205 657.0289916992188 180.2693328857422 706.8799438476562 221.62051391601562 3.5152714 1.481155 1.5501132 2.7140627 1.7899971 28.24508 -1.585388422012329 0.9352325797080994
Car 0.0 0 -1.3051658868789673 365.7367248535156 183.13539123535156 482.8410339355469 266.24285888671875 4.18066 1.7447484 1.7375838 -4.456174 2.028436 17.773788 -1.5508183240890503 0.9011803865432739
Car 0.0 0 1.6917396783828735 474.2797546386719 183.47244262695312 523.415771484375 228.13002014160156 3.9779108 1.779475 1.6665798 -4.858765 2.276315 31.720005 1.5397443771362305 0.8820754289627075
Car 0.0 0 -2.4969301223754883 979.3656005859375 210.04299926757812 1242.0 375.0 3.6113524 1.5239395 1.5579289 2.8364384 1.734585 2.2516892 -1.5971096754074097 0.7109352946281433
Car 0.0 0 1.7599080801010132 517.369140625 184.9371795654297 552.6347045898438 211.03863525390625 3.8359394 1.5717939 1.60639 -4.8985515 2.3967872 47.259995 1.656625747680664 0.4446239471435547
Car 0.0 0 1.6485085487365723 545.40576171875 185.77520751953125 566.2002563476562 203.62258911132812 3.9219515 1.5212951 1.6079146 -4.971822 2.7442665 66.30647 1.5736660957336426 0.39905112981796265
