Pedestrian 0.0 0 -1.8321038484573364 672.9025268554688 149.11782836914062 698.989990234375 206.60052490234375 1.0531553 1.8391231 0.596107 2.4355876 1.0800571 23.64946 -1.7294785976409912 0.16129837930202484
Pedestrian 0.0 0 2.2154126167297363 1020.888427734375 134.42063903808594 1120.24365234375 278.61602783203125 0.86970097 1.7925613 0.72145855 5.9726596 1.3151357 9.458649 2.7786364555358887 0.1378096044063568
Pedestrian 0.0 0 -3.1580381393432617 635.174560546875 183.8584747314453 656.725830078125 221.1903533935547 0.92987835 1.6062772 0.5569038 1.5250643 2.091702 31.508797 -3.1096746921539307 0.12310495227575302
Cyclist 0.0 0 -2.3582887649536133 786.8178100585938 167.62808227539062 833.3974609375 221.71939086914062 1.4855679 1.6540123 0.518202 6.2708554 1.4945716 22.83396 -2.090268135070801 0.14654549956321716
Car 0.0 0 -0.9300299882888794 712.1007690429688 194.2151641845703 834.1387329101562 255.09457397460938 3.430668 1.4274441 1.5165547 4.473206 2.0639427 19.79347 -0.7077696323394775 0.9046012759208679
Car 0.0 0 -1.6736888885498047 568.4614868164062 157.9616241455078 632.047607421875 219.7696990966797 4.792061 1.9765868 1.7405128 -0.48956916 1.5006952 25.55577 -1.6928434371948242 0.42417702078819275
Car 0.0 0 -1.3591872453689575 1008.36181640625 143.1044464111328 1200.2769775390625 282.178955078125 3.737108 1.6949687 1.5788382 7.336794 1.3327543 10.647065 -0.7558205127716064 0.262910932302475
Car 0.0 0 1.2745730876922607 650.3698120117188 152.44728088378906 706.8009643554688 192.97216796875 4.014144 1.9148908 1.7118708 3.3363595 0.95098615 36.230545 1.3664010763168335 0.1810465157032013
Car 0.0 0 1.6005674600601196 551.7943725585938 161.51161193847656 574.133544921875 183.3706512451172 4.167367 1.7524468 1.7310848 -3.8991523 0.84348065 59.95606 1.5356254577636719 0.17886853218078613
Car 0.0 0 -0.8397226929664612 498.2040710449219 157.44984436035156 555.5765380859375 184.5081787109375 4.746679 2.0552392 1.8200142 -6.5651283 0.88555974 57.2646 -0.9538698196411133 0.11685486882925034
