Pedestrian 0.0 0 -1.8519287109375 708.6729125976562 163.29196166992188 733.3458251953125 213.08160400390625 0.9617786 1.7661903 0.6388595 3.9662437 1.4273535 26.11073 -1.7011802196502686 0.8153696656227112
Pedestrian 0.0 0 -0.06163507699966431 966.8970336914062 83.08706665039062 1115.7889404296875 375.0 0.77860296 1.7282768 0.4569357 2.6475668 1.2048033 4.585791 0.4619569778442383 0.43501850962638855
Pedestrian 0.0 0 3.24526309967041 349.9072265625 150.9700164794922 368.0614929199219 201.90882873535156 0.5471222 1.756257 0.5391308 -8.808013 1.0021038 25.199625 2.9090075492858887 0.3105080723762512
Cyclist 0.0 0 1.7951676845550537 365.2886047363281 171.5400848388672 441.9755554199219 314.3662109375 2.052704 1.8563612 0.62474215 -2.9783125 1.8396416 10.417076 1.5166901350021362 0.8730690479278564
Cyclist 0.0 0 1.880561351776123 298.1923522949219 186.01715087890625 389.173828125 322.91876220703125 2.046697 1.6516649 0.5788976 -3.656944 1.852218 9.936142 1.527902364730835 0.8676955103874207
Cyclist 0.0 0 1.6687257289886475 492.812744140625 174.1382598876953 515.4495239257812 231.05320739746094 1.8717784 1.8257996 0.572387 -3.5719306 1.8708096 24.135376 1.5217965841293335 0.83970707654953
Car 0.0 0 1.8735871315002441 340.739501953125 190.0251007080078 454.9851379394531 257.7057800292969 4.2625856 1.4921603 1.6972069 -5.5107975 1.9993763 19.145788 1.5933293104171753 0.9040936827659607
Car 0.0 0 1.81184983253479 484.2152404785156 180.23956298828125 535.3409423828125 215.5045166015625 4.178143 1.699697 1.7076422 -5.2236886 2.1096606 37.84761 1.6746973991394043 0.8233059048652649
Car 0.0 0 -1.5279507637023926 639.8655395507812 177.55615234375 672.8317260742188 207.57351684570312 3.7961435 1.5555036 1.6637067 2.5741513 1.8293188 39.98268 -1.4636578559875488 0.6705633401870728
Car 0.0 0 1.8510258197784424 656.5132446289062 172.68751525878906 695.931884765625 197.9421844482422 4.071491 1.6811535 1.6728743 4.624596 1.6704282 50.22913 1.9428369998931885 0.3286975026130676
