Pedestrian 0.0 0 0.01474858820438385 483.8404235839844 174.2404022216797 491.3919372558594 197.01402282714844 0.57465565 1.7720993 0.6607126 -9.616982 1.8818475 56.55828 -0.15367722511291504 0.2700417637825012
Pedestrian 0.0 0 2.043468475341797 829.8341064453125 178.98519897460938 859.4281616210938 241.1690673828125 0.59173626 1.5785588 0.52124673 6.0615296 1.7419066 18.784847 2.355602264404297 0.2540281414985657
Pedestrian 0.0 0 -2.187535285949707 59.79298400878906 157.83544921875 89.16336822509766 212.49488830566406 0.4255877 1.9011294 0.7205951 -18.967968 1.3791219 25.50177 -2.82705020904541 0.21871140599250793
Pedestrian 0.0 0 -1.737290859222412 811.2467651367188 151.192138671875 837.6260375976562 213.28346252441406 0.8035831 1.7744181 0.61101097 6.2025385 1.155733 21.052515 -1.4507750272750854 0.19981157779693604
Pedestrian 0.0 0 1.8416905403137207 489.65509033203125 174.236572265625 504.69805908203125 201.1166229248047 1.605551 1.7359211 0.57147694 -7.45222 1.8289115 47.5101 1.6861027479171753 0.10077504068613052
Cyclist 0.0 0 1.90316641330719 487.9520568847656 173.0104217529297 505.3172912597656 200.55703735351562 1.6659695 1.7756089 0.6186173 -7.4679523 1.7864304 47.390594 1.7468687295913696 0.42029041051864624
Car 0.0 0 1.79280686378479 410.233642578125 182.97071838378906 509.53204345703125 248.4332275390625 3.8656456 1.4213271 1.6310046 -3.707315 1.7044635 18.215658 1.592025637626648 0.9542832970619202
Car 0.0 0 1.9051676988601685 52.62111282348633 192.12831115722656 105.17483520507812 220.39874267578125 3.4782972 1.5887736 1.5884339 -33.109516 2.842696 45.028618 1.271141529083252 0.5127684473991394
Car 0.0 0 -1.7282354831695557 518.3579711914062 173.90383911132812 547.69091796875 195.0902862548828 3.9384952 1.5234388 1.5869684 -5.843394 1.6057253 54.19761 -1.835637092590332 0.1815696805715561
Car 0.0 0 -0.4629189372062683 674.4876098632812 172.79795837402344 734.810791015625 195.9680938720703 4.0448256 1.6456462 1.6783692 6.8800163 1.6420236 52.698425 -0.3330986797809601 0.1518290638923645
Car 0.0 0 1.8393880128860474 489.00323486328125 186.74822998046875 538.6963500976562 220.27755737304688 3.7111678 1.5500985 1.5928105 -4.897301 2.2988496 36.915028 1.7074940204620361 0.1471802294254303
