Pedestrian 0.0 0 -0.4036690592765808 737.630126953125 165.2233123779297 752.007568359375 194.0641326904297 0.7188076 1.8078712 0.5896531 8.485357 1.329904 45.59252 -0.2196613997220993 0.28862565755844116
Pedestrian 0.0 0 0.7059911489486694 333.470703125 169.05506896972656 356.7830810546875 203.4378662109375 1.0218374 1.7995907 0.58801955 -14.064487 1.6011136 38.21507 0.35334062576293945 0.2564977705478668
Pedestrian 0.0 0 -2.7643840312957764 407.14501953125 158.25692749023438 423.79010009765625 195.99203491210938 0.6533637 1.9331166 0.6082156 -10.091028 1.1856875 37.29962 -3.0285987854003906 0.2305232435464859
Pedestrian 0.0 0 0.0216255784034729 157.27215576171875 123.20404815673828 263.2872314453125 332.3357849121094 0.7573854 1.6557784 0.67998785 -3.466171 1.2630382 6.1879835 -0.4889734983444214 0.223391592502594
Pedestrian 0.0 0 3.1322460174560547 474.7112731933594 159.90174865722656 504.16314697265625 224.68829345703125 0.80942756 1.7984917 0.6112621 -3.4588044 1.439292 20.399559 2.9642903804779053 0.1949286311864853
Pedestrian 0.0 0 -1.6681103706359863 201.58828735351562 168.1405792236328 219.46592712402344 205.66319274902344 0.5368234 1.7835249 0.7032757 -19.25952 1.5598447 34.71399 -2.174635648727417 0.19011172652244568
Pedestrian 0.0 0 -2.6989450454711914 340.3409729003906 162.27542114257812 359.87744140625 196.5750274658203 0.852549 1.8342941 0.51473504 -14.038782 1.2689242 38.88114 -3.0454468727111816 0.18579190969467163
Car 0.0 0 3.126103639602661 383.2926025390625 171.7808074951172 470.6548767089844 206.7257843017578 3.8179655 1.5509299 1.5860492 -8.466853 1.5036573 33.285213 2.877013683319092 0.8172597289085388
Car 0.0 0 1.1847858428955078 679.9747924804688 165.31822204589844 725.0712280273438 192.02279663085938 4.017487 1.7548932 1.6767845 6.2732368 1.2600362 49.57 1.3106697797775269 0.5622714757919312
Car 0.0 0 -2.3599860668182373 959.1930541992188 161.3350830078125 1015.5527954101562 183.77410888671875 3.6369443 1.6172698 1.6351805 28.149937 0.7874137 53.982216 -1.8793128728866577 0.5166122317314148
Car 0.0 0 -1.9768084287643433 715.2620849609375 167.36892700195312 756.0491333007812 191.10226440429688 3.577724 1.6121237 1.5432104 8.796775 1.2398994 50.928185 -1.8057670593261719 0.344040185213089
Car 0.0 0 -1.8991913795471191 929.2759399414062 166.19375610351562 970.9195556640625 187.3214569091797 3.9385622 1.502227 1.59353 25.059464 1.0290254 53.345467 -1.4600286483764648 0.2739528715610504
Car 0.0 0 -0.4012952446937561 584.43212890625 182.48329162597656 694.4917602539062 221.59950256347656 4.2592587 1.4975222 1.6212238 1.1781421 1.9168211 29.877071 -0.36188268661499023 0.26349514722824097
Car 0.0 0 1.3193504810333252 1075.1934814453125 166.0117645263672 1117.34619140625 187.48193359375 4.3511934 1.6066563 1.6928513 37.867493 1.0949954 56.32475 1.9112473726272583 0.24234648048877716
Car 0.0 0 2.1243860721588135 52.56133270263672 173.93853759765625 121.3626480102539 200.30784606933594 4.233009 1.640844 1.6713562 -34.17743 1.7154834 47.245533 1.4981272220611572 0.18196909129619598
