Car 0.0 0 2.1240456104278564 22.975547790527344 203.3665771484375 294.32177734375 339.8438415527344 3.6786642 1.4474585 1.5468404 -6.1718984 1.9629197 10.327603 1.5853838920593262 0.9604790806770325
Car 0.0 0 -1.733181118965149 692.9734497070312 179.61929321289062 791.4064331054688 250.99786376953125 4.055679 1.4378674 1.5979269 2.9179444 1.6162691 16.95192 -1.5627208948135376 0.9421723484992981
Car 0.0 0 -1.3000043630599976 353.623779296875 184.2984619140625 448.271484375 247.33164978027344 4.093203 1.6309409 1.6596317 -6.131902 2.0043576 21.464695 -1.5782666206359863 0.8389950394630432
Car 0.0 0 -0.6884832382202148 1018.1566772460938 156.2371368408203 1242.0 279.59063720703125 4.1613646 1.5226704 1.6701745 8.010488 1.3179102 9.7393465 -0.00018022023141384125 0.8065243363380432
Car 0.0 0 1.779494285583496 448.21270751953125 183.08628845214844 502.5909118652344 220.4384765625 4.051016 1.5228064 1.6080865 -6.0423794 2.0142212 32.57927 1.5961110591888428 0.7732802629470825
Car 0.0 0 -3.5401973724365234 829.7808227539062 155.7285919189453 1023.7366333007812 222.1673126220703 4.375428 1.6756761 1.7018722 8.205303 1.2441078 19.063505 -3.1337454319000244 0.624442458152771
Car 0.0 0 -3.6813714504241943 922.8692016601562 137.97488403320312 1236.919189453125 248.1477508544922 4.4951215 1.8352175 1.6841002 8.163784 1.254572 12.912145 -3.1175711154937744 0.5790854692459106
Car 0.0 0 1.6945667266845703 489.9895935058594 181.1620635986328 525.202392578125 208.57696533203125 3.8361118 1.5114473 1.6119912 -6.072562 2.0278056 42.879375 1.5538825988769531 0.49933624267578125
Car 0.0 0 1.6050922870635986 475.6141052246094 178.63746643066406 509.0435485839844 209.86712646484375 3.8815112 1.5226717 1.6050103 -6.1800065 1.8435249 37.954967 1.4436839818954468 0.4229632318019867
Car 0.0 0 1.7522597312927246 412.8982849121094 178.76815795898438 451.26434326171875 205.1884765625 3.6218555 1.3981948 1.4816077 -10.062472 1.7486954 40.863155 1.5108153820037842 0.35894033312797546
Car 0.0 0 1.6822922229766846 506.0874938964844 180.90380859375 536.7852783203125 205.9295196533203 4.174553 1.5656176 1.5984201 -5.948837 2.1313684 48.5804 1.5604454278945923 0.3483649790287018
