Pedestrian 0.0 0 1.8916873931884766 420.56768798828125 163.1575164794922 434.98004150390625 197.4303741455078 0.8958441 1.986223 0.5661655 -10.708399 1.4246383 42.280067 1.6436306238174438 0.23062926530838013
Pedestrian 0.0 0 0.14347735047340393 318.0066223144531 179.2482147216797 329.76544189453125 202.89730834960938 0.73485386 1.7303458 0.57029146 -21.18016 2.2067177 53.349228 -0.23444852232933044 0.19870983064174652
Cyclist 0.0 0 -2.2143452167510986 1052.2576904296875 128.63055419921875 1242.0 321.5926513671875 1.8737981 1.7767296 0.6090483 5.4864597 1.3698931 7.582928 -1.5880025625228882 0.7845138907432556
Cyclist 0.0 0 -1.6593232154846191 753.501220703125 168.33615112304688 764.0277709960938 199.50428771972656 1.6140404 1.7544718 0.44877285 8.504031 1.5005181 41.440296 -1.4569214582443237 0.22411048412322998
Car 0.0 0 1.8856875896453857 307.11920166015625 189.3809051513672 371.3338623046875 223.6497802734375 4.339336 1.4710857 1.6773148 -13.188411 2.330529 35.300034 1.528136968612671 0.9285281300544739
Car 0.0 0 -1.6424680948257446 569.3392333984375 174.94503784179688 615.162109375 212.96209716796875 4.5695057 1.5952159 1.7484035 -0.91841084 1.697748 32.89335 -1.6703816652297974 0.8361156582832336
Car 0.0 0 -1.6124948263168335 661.2343139648438 176.5267791748047 686.361083984375 198.59597778320312 3.923674 1.5406076 1.6705846 4.6267776 1.8210765 53.029003 -1.5254652500152588 0.3815046548843384
Car 0.0 0 0.6833952069282532 1043.105712890625 182.17543029785156 1106.761962890625 203.78660583496094 3.8448985 1.5029169 1.6216007 34.732418 2.2284145 54.04847 1.2545621395111084 0.22210943698883057
Car 0.0 0 -1.5861620903015137 687.4395751953125 179.27137756347656 710.870849609375 202.1033935546875 3.8481245 1.5350424 1.5982666 6.318998 2.0123842 51.628925 -1.4643752574920654 0.17882588505744934
Car 0.0 0 1.1967169046401978 625.5798950195312 178.294189453125 655.8989868164062 195.4226531982422 3.550651 1.4371945 1.473874 2.6617444 1.9321401 63.676502 1.2384936809539795 0.15619730949401855
Car 0.0 0 1.9154345989227295 270.6986999511719 181.0489959716797 313.4671630859375 204.73516845703125 3.849467 1.5688646 1.5658015 -22.499624 2.1723964 51.129787 1.5008864402770996 0.15121211111545563
