Pedestrian 0.0 0 0.40115535259246826 463.4644470214844 134.40721130371094 561.968017578125 291.34503173828125 0.96910936 1.7409903 0.6500118 -1.1181134 1.2313467 8.279981 0.26692914962768555 0.727898120880127
Pedestrian 0.0 0 2.995443344116211 452.6732482910156 154.91282653808594 544.9901123046875 306.0055847167969 1.1164955 1.8637269 0.48690984 -1.4223362 1.5497882 9.114456 2.840639114379883 0.7147326469421387
Pedestrian 0.0 0 -3.0645439624786377 805.9553833007812 142.7161102294922 892.0717163085938 277.2304992675781 1.0714339 1.7547405 0.8707658 3.3580234 1.2635236 9.830116 -2.7353668212890625 0.7068772315979004
Pedestrian 0.0 0 -2.106894016265869 282.08807373046875 176.32762145996094 330.4610900878906 255.9923553466797 0.792961 1.6213391 0.618195 -6.3246546 1.5380484 14.8686 -2.509078025817871 0.5190736651420593
Pedestrian 0.0 0 2.230792999267578 148.62940979003906 109.84858703613281 214.8017578125 239.89791870117188 0.58967227 1.8265061 0.58609176 -6.1758647 0.83589447 10.25257 1.6886309385299683 0.4581206738948822
Pedestrian 0.0 0 -1.4860646724700928 123.33733367919922 150.92431640625 139.118408203125 190.69107055664062 0.94096386 1.9413633 0.5740488 -23.506691 0.4989525 35.062927 -2.076657295227051 0.42926889657974243
Pedestrian 0.0 0 -2.201176881790161 80.42607879638672 170.99136352539062 145.42361450195312 270.37799072265625 0.5731162 1.6664878 0.730733 -8.589085 1.5086992 12.289199 -2.8111732006073 0.41698113083839417
Pedestrian 0.0 0 0.4570603370666504 980.125 127.86344909667969 1048.70166015625 257.43597412109375 0.66066605 1.7833508 0.5924796 5.8368483 1.0605652 10.16584 0.9782652854919434 0.3744356632232666
Pedestrian 0.0 0 1.689209222793579 0.14809666574001312 183.05320739746094 25.784923553466797 225.8890838623047 0.7165565 1.6944933 0.7145403 -23.898092 1.8007716 28.518627 0.9917337894439697 0.3337078094482422
Cyclist 0.0 0 -0.2303067445755005 518.8195190429688 153.13272094726562 637.6673583984375 265.6130676269531 1.7451655 1.6801759 0.76256907 -0.47950384 1.2730383 11.159189 -0.2732497453689575 0.8263229131698608
Cyclist 0.0 0 -3.047168016433716 808.2225952148438 140.75814819335938 894.6168823242188 277.2407531738281 1.0643144 1.7823567 0.81331545 3.3852735 1.265033 9.81889 -2.715158700942993 0.14241555333137512
Car 0.0 0 -0.8712265491485596 0.0 192.54364013671875 323.5343017578125 370.0 3.914338 1.4835253 1.5973783 -3.1989582 1.5850431 3.888751 -1.5596078634262085 0.872852623462677
Car 0.0 0 1.7613863945007324 448.44866943359375 168.33724975585938 485.02874755859375 194.1128692626953 3.62596 1.5475764 1.5910614 -8.612039 0.8186847 44.260708 1.5692123174667358 0.8182961940765381
Car 0.0 0 1.679396629333496 775.6264038085938 182.92803955078125 838.3660888671875 230.79835510253906 3.7068925 1.393476 1.5509276 6.5442634 1.480179 22.789116 1.9590380191802979 0.36682450771331787
Car 0.0 0 -0.8494709134101868 1163.5411376953125 143.4478759765625 1224.0 180.95738220214844 3.9286952 1.484789 1.6035784 25.395544 0.019603137 29.034292 -0.13082550466060638 0.3461587131023407
