Pedestrian 0.0 0 -3.13830828666687 693.4603271484375 169.09378051757812 707.0558471679688 193.756591796875 0.9434539 1.7228827 0.48758373 6.3140206 1.4605602 50.703735 -3.014418363571167 0.556043267250061
Pedestrian 0.0 0 -0.7851448059082031 1085.4969482421875 141.41038513183594 1149.6292724609375 239.58241271972656 0.778979 1.7117412 0.5496208 9.027077 1.1638438 12.916569 -0.17517372965812683 0.13981834053993225
Cyclist 0.0 0 1.9578938484191895 0.0 188.70736694335938 23.828655242919922 226.3082733154297 1.4907417 1.6088414 0.5791577 -27.01317 2.3373802 32.341015 1.2620192766189575 0.18243466317653656
Cyclist 0.0 0 -2.017320156097412 1053.5985107421875 187.6230926513672 1083.13232421875 228.5859832763672 1.4484128 1.7480114 0.53316987 20.324898 2.4204183 32.07931 -1.4525727033615112 0.1338912695646286
Car 0.0 0 2.0519561767578125 192.65634155273438 190.8972625732422 273.6737976074219 231.3907470703125 3.5389004 1.5499622 1.6274666 -16.114424 2.3689644 30.963762 1.5720996856689453 0.9387814998626709
Car 0.0 0 2.247675657272339 0.0 203.39260864257812 64.16963195800781 259.0735778808594 3.7958949 1.438092 1.6219301 -19.397116 2.4791317 22.66332 1.5397770404815674 0.51207035779953
Car 0.0 0 0.4391134977340698 814.013427734375 152.7008819580078 873.387451171875 177.9280548095703 3.840002 1.8228675 1.7845589 17.468563 0.36699948 54.096966 0.7514557838439941 0.25046443939208984
Car 0.0 0 1.870466709136963 72.50180053710938 177.3146514892578 138.7090606689453 210.74874877929688 4.2046022 1.6162468 1.6695181 -26.314785 1.8638628 37.73608 1.2615299224853516 0.16014835238456726
Car 0.0 0 -3.639190912246704 1041.6334228515625 167.6168975830078 1167.628173828125 204.6061553955078 4.0152235 1.4804899 1.6282262 20.360903 1.2712338 29.887987 -3.0411665439605713 0.1488850712776184
Car 0.0 0 1.87468421459198 388.2369384765625 180.70703125 425.1664123535156 202.611572265625 4.3980784 1.6490785 1.6230792 -16.34905 2.3063638 58.13366 1.600533366203308 0.1393837034702301
