Pedestrian 0.0 0 -2.564167022705078 999.2968139648438 99.17742919921875 1095.1837158203125 264.08172607421875 0.7097854 1.831252 0.67769855 5.0728803 1.0134362 8.477454 -2.0249271392822266 0.2970385253429413
Pedestrian 0.0 0 -1.7174513339996338 415.4908752441406 155.6127471923828 433.1289367675781 196.665771484375 0.59715927 1.9330668 0.7341287 -8.8916025 1.1215849 34.39023 -1.9704610109329224 0.240421324968338
Pedestrian 0.0 0 -1.7265390157699585 687.4065551757812 162.30499267578125 701.1847534179688 199.04278564453125 0.37808406 1.8728077 0.6501974 4.281863 1.3354018 36.98161 -1.6112687587738037 0.14680525660514832
Pedestrian 0.0 0 -1.9205632209777832 727.3507690429688 139.2355194091797 757.0298461914062 201.1227264404297 0.8570028 1.8674958 0.6437323 4.022519 0.8533894 22.247229 -1.7416858673095703 0.13139791786670685
Pedestrian 0.0 0 1.8201600313186646 266.62384033203125 160.4420928955078 295.5452575683594 218.63638305664062 0.69113445 1.740048 0.6522108 -10.054814 1.3692816 21.970036 1.3909540176391602 0.11726565659046173
Car 0.0 0 1.8124184608459473 427.143310546875 176.3314208984375 531.96630859375 249.25379943847656 3.989636 1.6071372 1.6732653 -3.1885166 1.7048038 18.141241 1.6384347677230835 0.8825103640556335
Car 0.0 0 -1.6750867366790771 532.655517578125 171.86659240722656 561.0451049804688 195.26121520996094 3.51896 1.518542 1.5452086 -4.3242993 1.4548078 48.707157 -1.7636362314224243 0.45067769289016724
Car 0.0 0 -0.019730165600776672 443.144775390625 171.5792694091797 506.1696472167969 199.1516876220703 3.5852869 1.5813223 1.5885487 -8.011666 1.5085727 42.522694 -0.20595628023147583 0.4131110906600952
Car 0.0 0 1.598429799079895 550.9019775390625 171.42941284179688 573.3667602539062 192.56126403808594 4.077013 1.5669345 1.6164198 -3.6801631 1.4616578 55.567642 1.5322978496551514 0.1807004064321518
Car 0.0 0 1.6671819686889648 519.55322265625 174.44613647460938 541.8515014648438 192.20689392089844 4.1429563 1.5423433 1.6107947 -7.143909 1.6909719 65.110435 1.5578992366790771 0.13476991653442383
