Pedestrian 0.0 0 1.981192946434021 290.9070739746094 161.37596130371094 383.8822021484375 313.560302734375 0.7458823 1.6727574 0.7758849 -3.0719972 1.4529163 8.286921 1.626193642616272 0.7806028723716736
Pedestrian 0.0 0 -1.5264281034469604 691.9216918945312 182.43017578125 728.0878295898438 283.4627685546875 0.70974183 1.6245778 0.5672689 1.7727523 1.6418658 11.957717 -1.3792483806610107 0.7316820621490479
Pedestrian 0.0 0 1.2944810390472412 771.77978515625 169.97174072265625 854.1510620117188 324.244384765625 0.6575243 1.6108707 0.704309 2.238521 1.4918581 7.827579 1.573025107383728 0.6506337523460388
Pedestrian 0.0 0 2.521956205368042 711.7776489257812 179.26121520996094 767.795166015625 289.69793701171875 0.61938184 1.5512074 0.50886965 1.9643581 1.5210791 10.448239 2.7077953815460205 0.635588526725769
Pedestrian 0.0 0 -2.327873706817627 664.7503662109375 178.13534545898438 691.2816772460938 222.7270965576172 0.8088476 1.6671724 0.6177401 2.8950193 1.5424103 27.362986 -2.2224652767181396 0.6148449182510376
Pedestrian 0.0 0 0.9939210414886475 962.572509765625 167.64767456054688 1073.8763427734375 340.34942626953125 0.6678481 1.6473535 0.71526605 4.1077347 1.5165932 7.203687 1.5121606588363647 0.553278923034668
Pedestrian 0.0 0 2.7660274505615234 758.2354125976562 183.300537109375 832.5736083984375 324.17864990234375 0.71997815 1.6825734 0.5988205 2.3507698 1.7071347 8.9251375 3.0235657691955566 0.5208311080932617
Pedestrian 0.0 0 -1.472164511680603 631.9093627929688 178.65760803222656 668.31201171875 250.38052368164062 1.4113339 1.6917123 0.76292205 1.1815746 1.6258712 17.699406 -1.4055055379867554 0.5047627687454224
Pedestrian 0.0 0 2.8435378074645996 733.166259765625 174.92567443847656 791.9825439453125 283.5738525390625 0.795797 1.6909863 0.5251102 2.5214927 1.5899636 11.471606 3.0599000453948975 0.4803665280342102
Pedestrian 0.0 0 1.3620691299438477 795.6727294921875 168.0913848876953 830.297119140625 250.94290161132812 0.74889505 1.8010212 0.59535223 4.669207 1.5107698 16.008228 1.6458712816238403 0.40385812520980835
Pedestrian 0.0 0 2.0222394466400146 740.4580078125 176.61366271972656 782.2119750976562 259.6143493652344 0.6963183 1.7034377 0.6224841 3.350125 1.6043934 15.206021 2.239090919494629 0.39794671535491943
Pedestrian 0.0 0 2.5804622173309326 113.94744873046875 183.2484893798828 162.87901306152344 263.7633056640625 0.6707241 1.7012612 0.614962 -10.106298 1.7415805 15.628156 2.006429672241211 0.38788729906082153
Pedestrian 0.0 0 1.48588228225708 181.96531677246094 172.16009521484375 257.6916809082031 320.8641052246094 0.9111916 1.6502501 0.71622163 -4.598667 1.5479541 8.54641 0.9922354221343994 0.38055676221847534
Pedestrian 0.0 0 0.24067412316799164 377.35345458984375 171.87777709960938 456.03460693359375 289.8126220703125 1.0467157 1.7654066 0.68388546 -2.8796568 1.6226752 11.099194 -0.013176247477531433 0.36374884843826294
Pedestrian 0.0 0 0.9531660079956055 687.2909545898438 179.09486389160156 712.9737548828125 224.29029846191406 0.7607704 1.698303 0.6526786 3.7527547 1.6089567 27.47848 1.0888969898223877 0.34923064708709717
Pedestrian 0.0 0 0.2022436112165451 729.7119140625 172.3900604248047 786.3729858398438 270.57110595703125 0.90727675 1.7249129 0.59935147 2.813894 1.5661383 13.074512 0.4142298698425293 0.3028102517127991
Pedestrian 0.0 0 -1.5752112865447998 729.6643676757812 179.12261962890625 744.9718017578125 226.38333129882812 0.7928413 1.6314613 0.5200665 4.7471104 1.5504616 25.231493 -1.3892430067062378 0.2955757677555084
Pedestrian 0.0 0 3.32496976852417 87.7527847290039 186.05567932128906 129.8625030517578 262.968017578125 0.6628865 1.6499616 0.6477231 -10.9223385 1.7546903 15.88902 2.722740650177002 0.2637917697429657
Cyclist 0.0 0 -1.545367956161499 634.0958251953125 179.06863403320312 665.9219970703125 252.2502899169922 1.4635324 1.7215686 0.7472723 1.1756048 1.6655743 17.658895 -1.4788930416107178 0.30831071734428406
Cyclist 0.0 0 0.9466780424118042 157.5810546875 172.73841857910156 280.6004638671875 319.87896728515625 1.1552376 1.6336926 0.7629863 -4.6020436 1.5377673 8.569123 0.45383191108703613 0.2883942425251007
Cyclist 0.0 0 0.24067412316799164 377.35345458984375 171.87777709960938 456.03460693359375 289.8126220703125 1.0467157 1.7654066 0.68388546 -2.8796568 1.6226752 11.099194 -0.013176247477531433 0.11124459654092789
Cyclist 0.0 0 1.448594093322754 1046.8370361328125 161.6352996826172 1144.672119140625 345.51263427734375 0.698195 1.6276629 0.6796564 4.6144753 1.4532042 6.8215256 2.043344736099243 0.1057572215795517
Car 0.0 0 1.66538405418396 545.1624755859375 182.65481567382812 594.931640625 222.44232177734375 4.1960254 1.533641 1.6830128 -1.2538439 1.5861754 29.948513 1.6235418319702148 0.9387122988700867
Car 0.0 0 1.455533504486084 552.501220703125 170.2777557373047 585.3270874023438 196.92967224121094 4.1904206 1.6291875 1.62493 -2.1243775 0.94393355 46.106518 1.4094905853271484 0.27670401334762573
