Pedestrian 0.0 0 0.11113053560256958 991.8366088867188 131.7097930908203 1050.1904296875 246.6055908203125 0.7553198 1.7800305 0.63367635 6.5886464 1.142959 11.653719 0.6256964206695557 0.1876874715089798
Pedestrian 0.0 0 -1.1191884279251099 102.1412582397461 177.37457275390625 129.55831909179688 217.87290954589844 0.77574193 1.7831141 0.75019693 -22.157005 1.9886305 32.303608 -1.7203876972198486 0.16499076783657074
Cyclist 0.0 0 0.6319783329963684 909.9285888671875 184.1212921142578 949.7959594726562 221.8208465576172 1.8361102 1.8054197 0.5724037 15.926856 2.3834283 36.05067 1.0479846000671387 0.2114209681749344
Car 0.0 0 -1.5532138347625732 581.486328125 181.60719299316406 614.127685546875 211.6019287109375 3.6282244 1.405989 1.5779879 -0.62710106 1.8735207 36.692524 -1.5703028440475464 0.9136446118354797
Car 0.0 0 -1.5259565114974976 532.3353271484375 181.00816345214844 561.347900390625 205.64389038085938 3.8080738 1.4651135 1.6806328 -4.0307336 2.0087063 46.128616 -1.6131154298782349 0.785175621509552
Car 0.0 0 2.098698854446411 223.86122131347656 189.0443878173828 277.1033935546875 212.67689514160156 3.9897265 1.538753 1.636396 -25.780312 2.7479193 51.8241 1.6370868682861328 0.36708343029022217
Car 0.0 0 -1.589551329612732 593.861572265625 171.58816528320312 614.127197265625 192.672119140625 2.9620876 1.6489896 1.5677947 -0.52715415 1.5503457 57.931503 -1.5986506938934326 0.2461819350719452
Car 0.0 0 0.7728045582771301 1093.931640625 190.7681427001953 1242.0 244.1753692626953 3.8400524 1.458837 1.6664698 17.730087 2.0824184 23.080006 1.427852988243103 0.22890843451023102
Car 0.0 0 1.8991107940673828 402.9840087890625 183.0612030029297 435.68487548828125 202.2362823486328 3.8006892 1.5501579 1.593306 -16.458664 2.4602973 62.357357 1.6410547494888306 0.21875256299972534
Car 0.0 0 1.4025070667266846 669.6056518554688 187.95863342285156 694.0746459960938 206.0518035888672 3.5440385 1.4811964 1.5816903 6.3158727 2.8581243 63.93225 1.500977635383606 0.19653913378715515
Car 0.0 0 0.3978809714317322 27.491405487060547 174.1476593017578 142.37132263183594 208.71829223632812 3.862569 1.4991279 1.6536019 -23.684072 1.560217 32.624763 -0.23005209863185883 0.18929198384284973
Car 0.0 0 -1.3352662324905396 507.83770751953125 166.337646484375 540.511962890625 188.76531982421875 4.162684 1.7338059 1.6818265 -6.8723297 1.2304068 57.94242 -1.453320860862732 0.18570564687252045
Car 0.0 0 1.2169989347457886 767.5985717773438 188.91773986816406 821.428955078125 218.32398986816406 4.1698422 1.5414174 1.7120825 10.721716 2.5327747 42.346447 1.4649780988693237 0.1741637885570526
Car 0.0 0 0.22219663858413696 172.41763305664062 192.2137451171875 255.87774658203125 224.41476440429688 3.6369867 1.5948902 1.6734928 -21.143831 2.6662495 38.60852 -0.2788380980491638 0.17198169231414795
Car 0.0 0 1.9294965267181396 286.7308349609375 178.1259765625 333.9906921386719 204.47930908203125 3.911024 1.6520662 1.6355358 -19.902357 2.0176837 48.005383 1.5364797115325928 0.1710478663444519
