Pedestrian 0.0 0 -0.8762463927268982 663.9456787109375 171.8055877685547 697.1288452148438 234.45848083496094 0.71714514 1.6972075 0.595184 1.9094442 1.669165 20.006811 -0.7810949087142944 0.4731074571609497
Pedestrian 0.0 0 -0.6484000086784363 29.40200424194336 181.79861450195312 73.57049560546875 245.74436950683594 0.6868823 1.760311 0.729294 -15.837269 2.018945 20.405405 -1.3084163665771484 0.4719269871711731
Pedestrian 0.0 0 2.7564961910247803 678.4434204101562 167.95318603515625 725.6612548828125 239.44171142578125 1.026242 1.754592 0.5995475 2.259234 1.6346662 18.128525 2.8804800510406494 0.44027066230773926
Pedestrian 0.0 0 3.3661468029022217 319.0771789550781 184.28875732421875 331.9364929199219 213.14468383789062 0.64652944 1.7761556 0.5196159 -17.756971 2.493878 44.95763 2.989983081817627 0.32146334648132324
Pedestrian 0.0 0 1.8752961158752441 244.5150604248047 188.867919921875 268.45648193359375 229.4362030029297 0.73517936 1.7382253 0.75901127 -15.549455 2.4507825 31.66593 1.4188367128372192 0.3061574101448059
Pedestrian 0.0 0 -2.162956953048706 692.8107299804688 161.31614685058594 745.4292602539062 229.10317993164062 1.5903739 1.721429 0.59084964 2.8291726 1.4287871 19.165325 -2.0163960456848145 0.10979481041431427
Cyclist 0.0 0 -2.437248468399048 692.9317626953125 160.21572875976562 769.2327270507812 240.01612854003906 1.7535331 1.7299235 0.5883098 2.6938891 1.4563074 16.497364 -2.2753849029541016 0.6902620196342468
Cyclist 0.0 0 -2.1536672115325928 692.2023315429688 161.58905029296875 746.0114135742188 229.9116668701172 1.6757256 1.7315911 0.58265084 2.826821 1.4464467 19.166618 -2.0072362422943115 0.4927949011325836
Cyclist 0.0 0 2.7564961910247803 678.4434204101562 167.95318603515625 725.6612548828125 239.44171142578125 1.026242 1.754592 0.5995475 2.259234 1.6346662 18.128525 2.8804800510406494 0.18093566596508026
Car 0.0 0 2.1989293098449707 0.0 201.09478759765625 167.04730224609375 282.467529296875 3.8175743 1.5317584 1.5974345 -12.339358 2.2653985 16.819628 1.5659886598587036 0.9459629058837891
Car 0.0 0 -1.3258767127990723 308.17242431640625 174.50033569335938 498.2491455078125 309.0057678222656 4.118489 1.5783263 1.6666116 -2.8152752 1.607572 10.586217 -1.5857985019683838 0.9440687894821167
Car 0.0 0 -1.6003707647323608 589.0965576171875 176.6242218017578 615.6622924804688 202.13954162597656 3.6751263 1.5667492 1.6051325 -0.55800956 1.8210361 46.72445 -1.6123127937316895 0.7068829536437988
Car 0.0 0 1.7412030696868896 458.896484375 184.85675048828125 489.4815673828125 205.9835205078125 4.0306735 1.4818566 1.630152 -10.324554 2.4298842 54.938248 1.5554395914077759 0.5245474576950073
Car 0.0 0 2.17564058303833 51.031715393066406 165.1382293701172 132.8452606201172 195.521240234375 4.4206553 1.722116 1.7706928 -30.868505 1.2851424 43.118797 1.5543267726898193 0.3883414566516876
