Car 0.0 0 3.570690631866455 0.0 168.49359130859375 256.2207946777344 277.4609680175781 3.7668211 1.5723597 1.6613139 -7.9911804 1.5097985 11.556214 2.965688943862915 0.915851891040802
Car 0.0 0 -0.6191328763961792 855.3675537109375 194.68771362304688 1242.0 361.8703918457031 3.7468498 1.4499835 1.5780598 4.607655 1.7015195 7.3945384 -0.06188955903053284 0.8582546710968018
Car 0.0 0 -1.8483476638793945 461.3810729980469 176.36102294921875 505.428466796875 203.62168884277344 3.9225578 1.5714964 1.6423196 -7.8418145 1.7973151 44.26086 -2.023700714111328 0.8509581685066223
Car 0.0 0 -0.8265137076377869 982.370361328125 189.44911193847656 1242.0 375.0 3.951572 1.4493599 1.5877851 4.8867483 1.5848863 4.9812546 -0.05069231614470482 0.7977242469787598
Car 0.0 0 3.751217842102051 0.0 169.06362915039062 171.4999542236328 306.3965759277344 3.5940788 1.5452673 1.5943712 -7.8832192 1.502976 9.096192 3.0371363162994385 0.7530875205993652
Car 0.0 0 3.339071273803711 188.8115692138672 157.47654724121094 347.5145568847656 223.617431640625 3.7825117 1.7486064 1.710466 -9.551253 1.3424217 20.355297 2.900343656539917 0.7191768288612366
Car 0.0 0 -2.3354575634002686 1099.12158203125 184.15884399414062 1184.903076171875 214.80787658691406 3.7210972 1.5363808 1.66941 29.03355 2.1872432 39.562054 -1.7023574113845825 0.7007744312286377
Car 0.0 0 3.915370464324951 0.0 183.44610595703125 111.99127960205078 375.0 4.044732 1.5273181 1.6409606 -7.1670985 1.637043 6.507447 3.081770181655884 0.6697226166725159
Car 0.0 0 0.36475974321365356 71.88676452636719 167.64308166503906 307.1995849609375 259.62457275390625 3.640919 1.6586554 1.5848302 -8.080632 1.5650474 14.074708 -0.1564161777496338 0.5151593685150146
Car 0.0 0 3.4950761795043945 202.49603271484375 176.26499938964844 357.2720031738281 224.37869262695312 4.1795897 1.4564749 1.5932654 -10.432593 1.5696898 22.921951 3.067959785461426 0.4494025409221649
