Pedestrian 0.0 0 0.48351341485977173 45.444820404052734 139.57864379882812 115.37313079833984 261.0438537597656 0.66362655 1.7986549 0.59109664 -8.129983 1.3062718 11.024132 -0.15192115306854248 0.15035276114940643
Pedestrian 0.0 0 2.2872393131256104 908.491455078125 210.2527618408203 972.0390625 302.9853820800781 1.0927876 1.7642783 0.6039314 6.6451316 2.5491204 14.63086 2.713568925857544 0.14548185467720032
Pedestrian 0.0 0 -1.448127031326294 240.6056671142578 179.48837280273438 258.3022766113281 215.26119995117188 0.92272633 1.7214123 0.6715735 -17.756023 2.0529492 35.46826 -1.9122684001922607 0.11846135556697845
Pedestrian 0.0 0 -0.1848699152469635 808.294677734375 168.44886779785156 848.8040161132812 255.21420288085938 0.6914087 1.714411 0.55059606 4.3526454 1.6277273 14.564424 0.10553574562072754 0.10080704092979431
Cyclist 0.0 0 -1.619133472442627 928.5577392578125 207.71485900878906 964.2241821289062 306.3326110839844 1.6428359 1.8258404 0.579021 6.848172 2.5854156 14.84121 -1.1868155002593994 0.35913705825805664
Cyclist 0.0 0 1.4004758596420288 723.2771606445312 125.29940032958984 759.0266723632812 203.0626983642578 1.4680564 1.753044 0.58233577 3.0226305 0.6813629 16.99878 1.5764511823654175 0.12524430453777313
Cyclist 0.0 0 -0.0333501398563385 718.9072265625 187.71646118164062 746.5645751953125 217.65554809570312 1.7118113 1.8673227 0.6897363 7.7692704 2.8227942 45.909504 0.1342916488647461 0.11295972764492035
Cyclist 0.0 0 -1.0383827686309814 0.0 145.73985290527344 108.73418426513672 319.4213562011719 1.8583382 1.7146995 0.55273277 -6.4766326 1.4473684 8.079866 -1.714084267616272 0.10862244665622711
Car 0.0 0 1.2436128854751587 708.813232421875 191.48670959472656 755.6478881835938 217.86888122558594 3.8827586 1.4628412 1.7122955 7.526651 2.6773238 44.959682 1.4094836711883545 0.26711219549179077
Car 0.0 0 1.3222312927246094 311.6415100097656 176.24314880371094 351.89105224609375 201.1688995361328 3.8320994 1.5836352 1.6226801 -18.73464 1.8210015 48.423912 0.9530789852142334 0.135473370552063
Car 0.0 0 -2.203828811645508 0.0 154.59628295898438 97.88995361328125 303.96270751953125 4.297539 1.5368062 1.6287416 -8.710099 1.3493136 8.531301 -2.9995968341827393 0.12067677825689316
Car 0.0 0 -1.2751346826553345 569.1093139648438 163.88446044921875 620.7589111328125 195.47311401367188 3.715767 1.5432057 1.6563227 -0.7592049 1.1053731 37.259697 -1.2955079078674316 0.1002759113907814
