Pedestrian 0.0 0 1.3881288766860962 789.2260131835938 142.07994079589844 813.6948852539062 197.5289764404297 0.91199505 1.8799686 0.6608154 6.5658264 0.8369492 24.939993 1.6455527544021606 0.539294421672821
Pedestrian 0.0 0 2.2549021244049072 0.0 140.85452270507812 65.60905456542969 283.7342834472656 0.59419453 1.7526562 0.6325444 -7.496973 1.3604875 9.146004 1.5682642459869385 0.2714044451713562
Pedestrian 0.0 0 1.909064769744873 348.9410095214844 149.88772583007812 391.315673828125 214.4857635498047 1.7656682 1.7656835 0.59901965 -6.873071 1.1382955 20.606934 1.5871354341506958 0.10017150640487671
Cyclist 0.0 0 1.909064769744873 348.9410095214844 149.88772583007812 391.315673828125 214.4857635498047 1.7656682 1.7656835 0.59901965 -6.873071 1.1382955 20.606934 1.5871354341506958 0.2776172459125519
Car 0.0 0 1.4081958532333374 665.3860473632812 181.21363830566406 750.4572143554688 241.61444091796875 4.1612763 1.4850643 1.7028345 2.6050074 1.7466122 20.431335 1.5350122451782227 0.9554437398910522
Car 0.0 0 -2.1271965503692627 826.3185424804688 198.19851684570312 1242.0 375.0 3.863782 1.4389572 1.5783838 2.9338448 1.6901956 5.1771193 -1.6116265058517456 0.9438657760620117
Car 0.0 0 1.8566434383392334 288.8058776855469 188.6148223876953 469.3990173339844 297.7593078613281 4.3889904 1.346863 1.562135 -3.5339146 1.6516832 11.736056 1.564163088798523 0.914208710193634
Car 0.0 0 1.7397387027740479 440.1336975097656 174.34832763671875 519.3447265625 236.70594787597656 3.6051388 1.5447277 1.5454857 -3.517417 1.5897716 19.765957 1.563628911972046 0.9039191007614136
Car 0.0 0 -1.6922264099121094 649.58984375 183.5354766845703 697.838134765625 222.1809844970703 3.623549 1.415189 1.5084214 2.483676 1.8761706 29.274271 -1.607587456703186 0.8417522311210632
Car 0.0 0 1.6880615949630737 499.5134582519531 178.5865020751953 548.418701171875 217.16282653808594 3.8025055 1.419585 1.5182197 -3.4378228 1.6656041 29.01635 1.5701324939727783 0.7658366560935974
Car 0.0 0 1.4298769235610962 635.0980834960938 178.50144958496094 672.9039916992188 209.83053588867188 3.87966 1.6075622 1.5387515 2.3388507 1.9345875 39.73704 1.4886672496795654 0.5522184371948242
