Pedestrian 0.0 0 -2.844064235687256 437.3919677734375 179.185302734375 452.9169616699219 215.66575622558594 0.5300495 1.7128036 0.7273561 -7.750321 1.4308012 34.129757 -3.067361354827881 0.17326760292053223
Pedestrian 0.0 0 -0.7604103088378906 1020.0462646484375 148.1917724609375 1160.9542236328125 347.477294921875 0.8636249 1.7455668 0.6760586 4.4230957 1.4224008 6.701562 -0.17703059315681458 0.1456691324710846
Pedestrian 0.0 0 2.648336410522461 883.212158203125 149.84523010253906 989.9857788085938 299.0282287597656 1.0208751 1.7537293 0.6067824 3.94788 1.3390607 8.785582 3.0706570148468018 0.14283537864685059
Pedestrian 0.0 0 1.64029860496521 426.1909484863281 185.86941528320312 465.61273193359375 296.73150634765625 0.98876995 1.726682 0.56415194 -2.678239 1.7389678 11.730707 1.4158357381820679 0.1388641893863678
Pedestrian 0.0 0 1.7499525547027588 563.9190673828125 169.7891082763672 573.5432739257812 195.11599731445312 0.6970061 1.7545179 0.55622417 -2.7426302 0.6869737 50.17523 1.6953458786010742 0.1318901777267456
Pedestrian 0.0 0 0.2190760374069214 442.73260498046875 162.32565307617188 478.8780517578125 222.98838806152344 0.9860968 1.833089 0.5652346 -4.535658 1.1425358 22.008787 0.015837430953979492 0.12999805808067322
Cyclist 0.0 0 -1.6308643817901611 660.7672729492188 182.08535766601562 673.6922607421875 229.61293029785156 1.5282842 1.6182572 0.35727268 2.0414605 1.5128044 25.240072 -1.5501583814620972 0.43645063042640686
Cyclist 0.0 0 1.50266432762146 703.1456298828125 174.45147705078125 718.542724609375 214.80064392089844 1.3232206 1.6491052 0.5456576 4.267112 1.2102934 30.056211 1.6436928510665894 0.13390344381332397
Car 0.0 0 -1.6097322702407837 582.1334228515625 178.05975341796875 620.2941284179688 211.9554901123047 3.2195778 1.5151078 1.6597162 -0.38248187 1.1963756 33.77786 -1.621055245399475 0.8246890306472778
Car 0.0 0 -0.8561882972717285 0.0 202.22308349609375 137.3019256591797 376.0 4.0454426 1.4510183 1.6207743 -7.6412525 1.6990005 8.388191 -1.595022201538086 0.5966535806655884
Car 0.0 0 -1.0235286951065063 0.0 184.8728485107422 182.5057830810547 258.5100402832031 4.025856 1.4148432 1.6583573 -11.343291 1.4093868 15.876231 -1.6439085006713867 0.5687482953071594
Car 0.0 0 -1.3224470615386963 630.27099609375 170.86688232421875 669.11376953125 196.10440063476562 3.8826523 1.5563325 1.599902 2.7280622 0.67261034 46.418503 -1.2637436389923096 0.2816663086414337
Car 0.0 0 1.7551054954528809 491.9169616699219 182.27720642089844 544.4046020507812 219.4541015625 3.8001308 1.4673777 1.5253879 -3.747188 1.3525263 30.312798 1.6321121454238892 0.14870111644268036
Car 0.0 0 -1.3041539192199707 668.0665283203125 166.66783142089844 708.585693359375 192.166015625 3.6859865 1.5145602 1.5903016 5.0257063 0.4139719 44.701756 -1.1921966075897217 0.12301363795995712
