Cyclist 0.0 0 1.6283830404281616 501.33843994140625 175.97158813476562 522.0960083007812 229.9193115234375 1.7453786 1.7257253 0.59022015 -3.3119872 1.8339773 24.074942 1.4916713237762451 0.8986614346504211
Car 0.0 0 -0.41225191950798035 754.74560546875 187.39527893066406 952.1728515625 256.9410095214844 3.9570136 1.4524909 1.6081232 5.4228816 1.8046211 16.465763 -0.0940970778465271 0.9326059818267822
Car 0.0 0 -1.7293835878372192 629.974609375 180.33433532714844 680.4508056640625 216.0611572265625 4.01187 1.4378442 1.6049305 1.8967856 1.7912999 31.980713 -1.670142650604248 0.9185870885848999
Car 0.0 0 3.5660598278045654 53.312259674072266 178.67564392089844 341.14935302734375 280.80902099609375 3.9623713 1.5976986 1.6647679 -6.947149 1.7061822 12.398441 3.0553245544433594 0.9134178161621094
Car 0.0 0 -2.872567653656006 352.3897705078125 183.7204132080078 482.3011169433594 223.79193115234375 4.2793818 1.3824929 1.5997052 -6.9576387 1.7891115 26.154133 -3.132570266723633 0.8944756388664246
Car 0.0 0 -0.6288610696792603 932.7046508789062 191.36492919921875 1242.0 334.3900451660156 3.715845 1.4897829 1.5968077 5.989873 1.7311897 8.560757 -0.018343418836593628 0.8938027620315552
Car 0.0 0 -0.5941046476364136 882.443603515625 185.94821166992188 1171.7806396484375 294.1784973144531 3.5789292 1.489147 1.6012732 6.2340603 1.7081211 11.0987 -0.08232855796813965 0.8894954919815063
Car 0.0 0 2.673603057861328 802.8405151367188 188.8424072265625 1060.723876953125 285.31451416015625 4.1368184 1.6466802 1.6449915 5.8764524 1.9686956 13.5696125 3.082280397415161 0.8019132614135742
Car 0.0 0 2.833143472671509 754.7974243164062 173.67990112304688 910.0718383789062 232.60060119628906 3.5604029 1.4680495 1.5529634 5.668086 1.4908524 18.801645 3.125946044921875 0.7622725963592529
Car 0.0 0 -2.426192283630371 0.0 186.08157348632812 227.8037109375 344.8221740722656 4.0364904 1.5048437 1.622404 -6.637655 1.6636931 7.809434 -3.130659341812134 0.7520442605018616
Car 0.0 0 -0.797134280204773 1087.1815185546875 197.22830200195312 1242.0 375.0 4.0206714 1.4825361 1.6089976 6.237925 1.7033439 5.64206 0.03837895393371582 0.7398224472999573
Car 0.0 0 3.905522108078003 0.0 192.6963348388672 97.57774353027344 375.0 4.054146 1.4872696 1.5827259 -6.4851503 1.6623099 5.321552 3.0218870639801025 0.6972950100898743
