Pedestrian 0.0 0 -0.2774580121040344 909.604248046875 138.92178344726562 980.2272338867188 264.63275146484375 0.81393856 1.8135861 0.62757003 4.9327807 1.3244162 10.778312 0.15174603462219238 0.4855729043483734
Pedestrian 0.0 0 1.1246132850646973 804.755859375 139.09523010253906 865.77099609375 262.9571838378906 0.8727047 1.8057534 0.5622078 3.3622143 1.3139502 10.989686 1.4215131998062134 0.2229292392730713
Pedestrian 0.0 0 -3.43416166305542 1177.4505615234375 115.18315124511719 1242.0 213.4893798828125 0.94525814 1.9103432 0.68812156 12.06561 0.7900077 14.519775 -2.7408151626586914 0.19297459721565247
Pedestrian 0.0 0 -3.0409746170043945 729.1875610351562 160.25494384765625 768.2423706054688 199.22109985351562 1.7240217 1.7793041 0.66238743 6.4049945 1.2043543 33.508175 -2.8521056175231934 0.13999377191066742
Cyclist 0.0 0 -0.4059401750564575 1111.1798095703125 127.8395004272461 1242.0 256.5243835449219 1.8109962 1.7121274 0.61094886 8.151308 1.1135759 10.134243 0.271437406539917 0.5250614285469055
Cyclist 0.0 0 -3.044938802719116 728.6181640625 156.7427978515625 768.1989135742188 196.7671661376953 1.7505723 1.8282326 0.6662546 6.393415 1.0926639 33.521523 -2.8564765453338623 0.479563444852829
Cyclist 0.0 0 -0.9460632801055908 1049.95458984375 153.49118041992188 1242.0 375.0 1.6562153 1.6434393 0.6231824 4.174394 1.5124614 5.4270205 -0.2903951108455658 0.45200932025909424
Cyclist 0.0 0 -2.0049633979797363 751.5319213867188 126.73509979248047 815.7665405273438 223.6798095703125 1.7142854 1.774337 0.5409446 3.3072479 0.93060064 14.0973835 -1.774530291557312 0.19898299872875214
Cyclist 0.0 0 -3.43416166305542 1177.4505615234375 115.18315124511719 1242.0 213.4893798828125 0.94525814 1.9103432 0.68812156 12.06561 0.7900077 14.519775 -2.7408151626586914 0.12480634450912476
Cyclist 0.0 0 -3.400007724761963 901.654541015625 140.22268676757812 985.318359375 268.0213928222656 1.0074008 1.8399225 0.6185165 4.905385 1.3704863 10.774747 -2.972782611846924 0.11842824518680573
Car 0.0 0 2.052532434463501 0.0 149.30972290039062 330.1585388183594 375.0 4.112721 1.6972147 1.6727597 -3.7353282 1.5801427 5.723386 1.4743013381958008 0.8407536149024963
Car 0.0 0 1.9018875360488892 233.70809936523438 166.91268920898438 450.8029479980469 312.2960510253906 4.252813 1.7845448 1.7397951 -3.809329 1.7119746 10.98276 1.5680251121520996 0.761408269405365
Car 0.0 0 -1.411049485206604 657.3788452148438 167.21652221679688 703.4813842773438 200.28762817382812 3.6030765 1.5061865 1.662911 3.4086902 1.2497921 34.812706 -1.3134454488754272 0.650080144405365
Car 0.0 0 1.7248080968856812 614.56689453125 168.8470458984375 646.1527709960938 190.42520141601562 4.1898613 1.4584492 1.6081723 1.4515356 1.187979 50.971455 1.7532777786254883 0.3074951767921448
Car 0.0 0 1.8137907981872559 702.0291137695312 164.46420288085938 747.6494140625 192.9839324951172 4.0435987 1.5308154 1.6299614 6.5248785 1.0808456 40.905792 1.971968173980713 0.20542709529399872
