Pedestrian 0.0 0 1.7513428926467896 0.0 145.25387573242188 50.64861297607422 294.27252197265625 0.9312169 1.7361767 0.5545097 -7.424324 1.4149728 8.945436 1.058600664138794 0.19443655014038086
Pedestrian 0.0 0 2.74796724319458 521.2162475585938 175.7032470703125 543.3989868164062 212.43312072753906 0.8923254 1.7423149 0.6231806 -3.7855835 1.8819809 34.78756 2.639573812484741 0.18484970927238464
Pedestrian 0.0 0 1.1865098476409912 692.240234375 166.98353576660156 744.4345092773438 277.7226867675781 0.8193014 1.8334553 0.6236658 1.8006009 1.7366186 12.415498 1.3305342197418213 0.18140234053134918
Pedestrian 0.0 0 3.000237226486206 513.4254150390625 182.7372283935547 532.4775390625 219.68246459960938 0.84368294 1.7753013 0.63581926 -4.300899 2.265033 35.308098 2.879023790359497 0.138298898935318
Cyclist 0.0 0 3.2630910873413086 492.6351318359375 188.42417907714844 524.3829956054688 220.90289306640625 1.8390657 1.9363067 0.64831156 -6.1703787 2.8867204 43.68242 3.1227641105651855 0.17370672523975372
Cyclist 0.0 0 0.12422347068786621 240.14971923828125 158.49078369140625 284.055419921875 200.6715850830078 1.6548859 1.8098915 0.7177493 -15.241314 1.1939535 31.561687 -0.3256552815437317 0.16424746811389923
Cyclist 0.0 0 1.7875487804412842 514.298583984375 181.99412536621094 530.166748046875 218.8806915283203 0.8951381 1.7605178 0.5897867 -4.3088717 2.2120814 35.142807 1.6655473709106445 0.10117419064044952
Car 0.0 0 1.6981956958770752 230.168701171875 190.18215942382812 332.6513977050781 272.4841003417969 3.7239494 1.515229 1.6131371 -7.2611 1.9518325 16.14625 1.2755844593048096 0.9177594780921936
Car 0.0 0 1.8169097900390625 15.226856231689453 189.51412963867188 252.89093017578125 345.29803466796875 3.8955777 1.4986515 1.6414818 -5.972258 1.7669502 9.495291 1.2554603815078735 0.9131383895874023
Car 0.0 0 -1.5466578006744385 337.2530212402344 190.76168823242188 375.8883972167969 227.4649658203125 3.7455704 1.5771669 1.6808699 -12.29013 2.4977455 35.034184 -1.884048581123352 0.7913534641265869
Car 0.0 0 1.5127912759780884 494.78131103515625 186.0229034423828 525.8161010742188 215.4263458251953 3.8449564 1.6897192 1.7046953 -6.336151 2.5553024 45.351795 1.373978614807129 0.19713103771209717
Car 0.0 0 -0.22015416622161865 292.5542907714844 192.05950927734375 349.95391845703125 215.1112060546875 3.8625216 1.635003 1.6468248 -22.379179 3.1704032 55.896652 -0.6009769439697266 0.18295828998088837
Car 0.0 0 -1.8096988201141357 253.25823974609375 170.82525634765625 289.0035400390625 192.27565002441406 3.9536667 1.5850384 1.5877824 -26.048655 1.4354858 55.351086 -2.2495574951171875 0.1762535125017166
Car 0.0 0 -1.6707130670547485 483.76470947265625 175.22215270996094 512.4842529296875 199.1656494140625 4.2308607 1.7164017 1.7208804 -8.503361 1.9028519 54.43294 -1.825677752494812 0.15937969088554382
Car 0.0 0 1.8309645652770996 143.9987335205078 182.31686401367188 248.1548614501953 241.6710205078125 4.11675 1.502679 1.6347325 -12.030934 1.809468 21.164003 1.314057469367981 0.14145630598068237
