Pedestrian 0.0 0 1.2999775409698486 155.08473205566406 152.85264587402344 189.3035888671875 219.13934326171875 0.83248395 1.9380618 0.6778325 -13.170655 1.3536291 21.625183 0.7529356479644775 0.24533909559249878
Pedestrian 0.0 0 -1.3254892826080322 0.0 146.10983276367188 64.94186401367188 278.41094970703125 1.675503 1.7526469 0.5185741 -8.466657 1.3987138 10.424541 -2.0076160430908203 0.10797024518251419
Cyclist 0.0 0 0.4989739656448364 428.6087951660156 185.14764404296875 467.6192626953125 221.62977600097656 1.7808455 1.772296 0.7037018 -8.11833 2.3964005 36.02397 0.27731776237487793 0.30895334482192993
Cyclist 0.0 0 -1.3513357639312744 0.0 142.90870666503906 56.62416458129883 278.9364013671875 1.7002727 1.7726158 0.52113837 -8.456161 1.3827478 10.275919 -2.039891242980957 0.22600987553596497
Cyclist 0.0 0 2.9658353328704834 181.43772888183594 186.37115478515625 217.7175750732422 220.67616271972656 1.8066603 1.9763583 0.5755442 -24.48195 2.7971737 42.994118 2.4482004642486572 0.17572064697742462
Car 0.0 0 1.65824294090271 168.81137084960938 197.3060760498047 263.2928161621094 280.6161804199219 3.7018712 1.5798848 1.6127337 -9.13753 2.2209532 16.884533 1.1621984243392944 0.9143140912055969
Car 0.0 0 1.716719150543213 2.4999630451202393 200.02540588378906 191.27943420410156 346.52435302734375 3.782137 1.5277804 1.6263584 -7.139775 1.9950378 10.340111 1.1124022006988525 0.8573356866836548
Car 0.0 0 -3.3353867530822754 1110.2288818359375 141.8453826904297 1242.0 182.16246032714844 4.1286874 1.5700673 1.6165956 23.209227 0.36285767 29.74977 -2.672868251800537 0.24512706696987152
Car 0.0 0 -1.1590088605880737 435.9162902832031 184.15879821777344 493.79168701171875 215.12664794921875 3.7505646 1.4628073 1.5834138 -7.522619 2.082738 37.54135 -1.3567719459533691 0.22198009490966797
Car 0.0 0 1.220529317855835 398.8542785644531 179.7782440185547 438.4591369628906 203.5904083251953 4.0236015 1.6938447 1.612764 -14.555197 2.2390382 54.660995 0.9602868556976318 0.20369170606136322
Car 0.0 0 1.6808552742004395 254.0308380126953 201.1060791015625 300.4351806640625 239.30650329589844 3.8015077 1.586953 1.6416391 -16.154615 3.0419824 35.085777 1.2493600845336914 0.18932195007801056
Car 0.0 0 1.4339561462402344 168.85501098632812 175.20257568359375 202.5381317138672 197.9680633544922 4.019496 1.6244656 1.636076 -31.806833 1.8073741 53.99739 0.9016315937042236 0.1799921840429306
Car 0.0 0 -0.26174962520599365 1116.255615234375 149.17886352539062 1242.0 192.2072296142578 3.8762474 1.5496752 1.6141198 21.76822 0.6973685 27.493317 0.40794920921325684 0.1647489368915558
Car 0.0 0 2.9379262924194336 138.06887817382812 190.04457092285156 221.16671752929688 220.3786163330078 3.9672186 1.6216592 1.7157389 -25.511065 2.6882617 42.778378 2.4001917839050293 0.15489642322063446
