Pedestrian 0.0 0 -3.3538434505462646 772.1011352539062 135.3804931640625 881.94970703125 293.1481628417969 1.183823 1.8594459 0.5983931 2.649824 1.3293508 8.676182 -3.057427406311035 0.7104974985122681
Pedestrian 0.0 0 1.17618727684021 836.3843383789062 170.1938018798828 872.6431884765625 239.5796661376953 0.8010053 1.7093251 0.5984566 6.2468667 1.4570285 17.830297 1.5131750106811523 0.4071676433086395
Pedestrian 0.0 0 0.5376004576683044 54.65459060668945 187.62237548828125 100.62500762939453 252.09640502929688 0.84977037 1.8211933 0.65494764 -15.254948 2.0322177 20.418465 -0.10405191034078598 0.29706117510795593
Pedestrian 0.0 0 -0.1701015830039978 819.2183837890625 184.2083282470703 867.7101440429688 273.4888916015625 0.8130088 1.7179904 0.62944216 4.669705 1.7950441 14.003939 0.15175986289978027 0.20332477986812592
Pedestrian 0.0 0 -3.5497071743011475 1100.92041015625 185.6804962158203 1224.0 370.0 0.8378276 1.6990417 0.6127451 4.293473 1.7427903 5.3259044 -2.871227979660034 0.19897383451461792
Pedestrian 0.0 0 -0.6148127317428589 960.8128051757812 184.64022827148438 1099.755859375 370.0 0.6710719 1.6915323 0.5923034 3.1042118 1.72613 5.288567 -0.084031842648983 0.16903473436832428
Pedestrian 0.0 0 0.7979487776756287 1140.9825439453125 161.7353515625 1224.0 265.4223327636719 1.4601886 1.6833788 0.4795354 10.061364 1.3803841 12.221758 1.4866969585418701 0.11488509178161621
Cyclist 0.0 0 0.7623332738876343 1134.592041015625 157.41384887695312 1224.0 263.48760986328125 1.6431209 1.711901 0.4825332 10.063691 1.3409722 12.250573 1.4500396251678467 0.3130696713924408
Cyclist 0.0 0 1.923130989074707 630.1809692382812 168.8297119140625 694.0175170898438 273.95233154296875 1.7426672 1.7881925 0.6038461 1.0317729 1.5913225 12.940015 2.002697706222534 0.2504653036594391
Cyclist 0.0 0 -1.0828843116760254 1103.3980712890625 203.89239501953125 1224.0 370.0 1.7064862 1.6635205 0.63338685 5.317989 1.8958137 6.35053 -0.38574573397636414 0.2482668161392212
Cyclist 0.0 0 -3.268738031387329 791.71337890625 171.42141723632812 878.4362182617188 262.303955078125 1.5547671 1.7354318 0.65965617 4.4740324 1.5637071 13.962116 -2.9586353302001953 0.20382848381996155
Cyclist 0.0 0 0.8538187146186829 0.0 162.894287109375 90.50785827636719 257.4906921386719 1.7000303 1.8459914 0.6471946 -11.439072 1.5040578 14.261491 0.17780160903930664 0.19140246510505676
Cyclist 0.0 0 -1.668830394744873 859.3980102539062 188.6237335205078 913.4523315429688 315.573974609375 1.6959165 1.6811279 0.5603112 4.04616 1.812172 10.364283 -1.2966318130493164 0.18323300778865814
Cyclist 0.0 0 -0.35222291946411133 1093.4263916015625 129.07325744628906 1211.9307861328125 240.1391143798828 1.4173353 1.7495143 0.61043924 8.928758 0.94109416 11.634871 0.30233001708984375 0.1317453682422638
Cyclist 0.0 0 -1.9322646856307983 836.1165771484375 167.813232421875 872.1896362304688 237.42225646972656 0.87017107 1.7215255 0.59070736 6.2696857 1.4093611 17.923637 -1.5957682132720947 0.10721507668495178
Car 0.0 0 -2.7809505462646484 540.7240600585938 154.54977416992188 606.1471557617188 177.1605682373047 4.485512 1.5925245 1.6561378 -2.298148 -0.250037 51.717735 -2.825357675552368 0.19440284371376038
Car 0.0 0 -2.641472816467285 167.64967346191406 202.92813110351562 348.8080749511719 263.82135009765625 3.909025 1.4420748 1.6451561 -8.932495 2.054016 18.32409 -3.095048427581787 0.16664929687976837
Car 0.0 0 2.0261757373809814 547.1577758789062 158.51593017578125 621.569580078125 198.6185302734375 4.0536757 1.6619654 1.7028878 -0.86046857 0.7523693 31.494555 1.9988614320755005 0.15173977613449097
