Pedestrian 0.0 0 1.23414945602417 839.799072265625 176.40480041503906 886.408935546875 266.30877685546875 0.99724627 1.632934 0.5280336 4.7186475 1.7028966 13.64165 1.567167043685913 0.14543123543262482
Pedestrian 0.0 0 0.992030680179596 857.3021850585938 163.70989990234375 895.5772094726562 214.76278686523438 1.6624591 1.7612326 0.44045854 9.444777 1.4461358 25.748474 1.343601107597351 0.10461470484733582
Pedestrian 0.0 0 -1.520384430885315 915.2984619140625 157.7807159423828 938.2701416015625 220.76162719726562 1.6664287 1.7536368 0.53060734 9.162797 1.334295 20.951729 -1.1081175804138184 0.10369007289409637
Cyclist 0.0 0 -1.980271577835083 802.74755859375 161.90846252441406 828.9603271484375 202.44456481933594 1.7993565 1.8069311 0.4755888 9.384254 1.3193823 33.08367 -1.703879475593567 0.2703182101249695
Cyclist 0.0 0 -2.1841423511505127 858.2005004882812 165.1106719970703 894.9921264648438 215.23532104492188 1.5391425 1.7341954 0.4198532 9.45665 1.4666522 25.758442 -1.8322908878326416 0.24648551642894745
Cyclist 0.0 0 -1.7628707885742188 857.3492431640625 148.4794921875 877.2242431640625 193.35748291015625 1.6924876 1.7747095 0.44443902 10.4307575 0.81117284 29.400457 -1.4219419956207275 0.22969003021717072
Cyclist 0.0 0 -1.536745309829712 916.0263061523438 159.98190307617188 936.5048828125 221.42015075683594 1.5250453 1.7177517 0.49635094 9.152149 1.3582189 20.96575 -1.125150442123413 0.18814313411712646
Cyclist 0.0 0 -1.9658329486846924 944.2515869140625 157.99966430664062 1003.2306518554688 229.4588623046875 1.6814373 1.6703036 0.6946429 8.852661 1.323453 17.725061 -1.5026309490203857 0.16629581153392792
Cyclist 0.0 0 1.2122209072113037 835.4043579101562 175.3385009765625 889.9249267578125 268.1365051269531 1.320826 1.6720295 0.542391 4.722571 1.7218721 13.701022 1.5441551208496094 0.14836770296096802
Cyclist 0.0 0 -1.9052000045776367 774.2044067382812 191.19834899902344 812.3108520507812 258.53399658203125 1.4581077 1.6349286 0.50021285 4.676164 2.1291146 18.672571 -1.659817099571228 0.14776407182216644
Cyclist 0.0 0 -3.534140110015869 980.8487548828125 142.74783325195312 1091.517578125 221.1560821533203 2.0067158 1.6969658 0.713406 9.425791 1.0457451 16.103674 -3.0045852661132812 0.13971157371997833
Cyclist 0.0 0 -1.8258787393569946 707.9212646484375 182.17274475097656 726.6314086914062 221.8560791015625 1.5329467 1.6846286 0.4397051 4.675776 2.1056485 31.78273 -1.6798096895217896 0.13777990639209747
Car 0.0 0 1.5817540884017944 405.13726806640625 181.32083129882812 427.26751708984375 202.35389709472656 3.887651 1.532508 1.6132253 -15.132085 2.2183506 56.330566 1.319319486618042 0.41086509823799133
Car 0.0 0 -1.6340407133102417 648.8980102539062 171.91294860839844 673.4863891601562 192.1551513671875 4.1719723 1.544955 1.6759204 3.9949825 1.4734895 57.158974 -1.5642616748809814 0.28158608078956604
Car 0.0 0 -1.6846444606781006 697.806396484375 176.7372283935547 740.3318481445312 209.66319274902344 3.907071 1.5025241 1.6157376 5.250425 1.703907 35.369907 -1.537277340888977 0.17363177239894867
Car 0.0 0 1.4336246252059937 662.0560302734375 174.01687622070312 693.8785400390625 198.48899841308594 4.0655627 1.5945858 1.6149514 4.5681586 1.6776937 49.275406 1.5260670185089111 0.14874152839183807
Car 0.0 0 -0.6012368202209473 803.3901977539062 173.1223602294922 893.4915161132812 209.35057067871094 3.6593714 1.6021063 1.6302737 10.922157 1.6153027 33.21926 -0.2835809588432312 0.14696961641311646
