Pedestrian 0.0 0 1.2695741653442383 556.9614868164062 160.19418334960938 587.3087158203125 227.4998779296875 0.7886573 1.8173001 0.6310216 -1.1006619 1.4758344 19.958885 1.2144834995269775 0.5025725364685059
Pedestrian 0.0 0 1.2115778923034668 180.07431030273438 173.74014282226562 211.5202178955078 230.43057250976562 0.77132595 1.8597105 0.68652314 -13.934431 1.8904104 24.193151 0.6890180110931396 0.4932931065559387
Pedestrian 0.0 0 1.136205792427063 535.4602661132812 124.38785552978516 592.5206298828125 234.5579071044922 0.84394276 1.8502412 0.70690966 -0.8671431 1.0366387 12.655147 1.0677917003631592 0.3608453571796417
Pedestrian 0.0 0 2.6698591709136963 719.9105224609375 175.19163513183594 751.3096313476562 233.06959533691406 0.7764563 1.8044461 0.6417155 3.945457 1.8805267 22.94817 2.8401236534118652 0.264665424823761
Pedestrian 0.0 0 -2.03782057762146 215.23939514160156 157.78997802734375 248.398681640625 215.74147033691406 0.6007959 1.8529562 0.7708774 -12.390211 1.3716531 23.556116 -2.522041082382202 0.1982574462890625
Pedestrian 0.0 0 3.092931032180786 547.5153198242188 180.28945922851562 561.6488037109375 212.90013122558594 0.7401547 1.7621951 0.6544878 -3.0745847 2.1737423 39.52781 3.0153045654296875 0.18633101880550385
Pedestrian 0.0 0 -3.422257423400879 1014.882080078125 158.8941192626953 1038.3536376953125 195.69615173339844 0.9603781 1.9466674 0.58849895 22.225899 1.2086092 38.564285 -2.899421453475952 0.16851402819156647
Cyclist 0.0 0 0.08790421485900879 628.454833984375 181.3356475830078 661.9598388671875 216.05789184570312 1.8320866 1.9195132 0.6375779 1.9476514 2.4016235 40.540184 0.1359097957611084 0.5374904274940491
Cyclist 0.0 0 -3.0661568641662598 737.4970092773438 175.4053192138672 807.0023193359375 239.9728546142578 1.8112601 1.7102865 0.67004114 4.3942814 1.782514 19.739153 -2.847111225128174 0.263294517993927
Cyclist 0.0 0 0.29261258244514465 521.7227783203125 129.9951629638672 595.5677490234375 239.78636169433594 1.1519383 1.8597709 0.6651907 -0.94376945 1.1341358 12.668915 0.21825504302978516 0.23614943027496338
Cyclist 0.0 0 -2.0118160247802734 1009.2891235351562 154.22796630859375 1031.9305419921875 190.23513793945312 1.3057022 1.9191427 0.56205237 22.221079 0.9267535 39.1266 -1.4953129291534424 0.16209867596626282
Car 0.0 0 -0.10434341430664062 408.99493408203125 193.81016540527344 480.4382019042969 224.63900756835938 3.923913 1.6614609 1.6344086 -9.71034 2.9287498 42.209126 -0.3304622173309326 0.4943373501300812
Car 0.0 0 1.302269697189331 1012.1787109375 169.75283813476562 1069.097412109375 200.31715393066406 4.1410685 1.6026108 1.6635841 23.780285 1.4403625 40.04711 1.8381235599517822 0.2544071674346924
Car 0.0 0 -0.24880582094192505 622.163818359375 179.7759552001953 694.8984375 208.79698181152344 3.8763583 1.5981596 1.6760529 2.731205 2.0076675 41.469845 -0.1830407828092575 0.16136682033538818
Car 0.0 0 1.606752872467041 407.4790954589844 192.77609252929688 428.9490051269531 212.22622680664062 4.001535 1.5556295 1.70635 -17.06209 3.3885972 64.23052 1.3471107482910156 0.156134232878685
