Pedestrian 0.0 0 0.21953007578849792 330.4084777832031 144.2188720703125 437.9105529785156 318.7801513671875 0.9861026 1.7583561 0.54491967 -2.349562 1.3945898 7.4312563 -0.08669739216566086 0.5536453127861023
Pedestrian 0.0 0 1.2201342582702637 836.5679321289062 170.42880249023438 871.0730590820312 239.13348388671875 0.7601327 1.694596 0.5934313 6.2259173 1.4477878 17.81868 1.5562779903411865 0.48772066831588745
Pedestrian 0.0 0 3.51422119140625 53.407196044921875 186.38619995117188 98.1521987915039 252.03558349609375 0.8528426 1.8482176 0.66247654 -15.301611 2.0233545 20.41126 2.87093448638916 0.39041128754615784
Pedestrian 0.0 0 -0.608839213848114 958.58251953125 179.39657592773438 1098.088134765625 370.0 0.6839971 1.695443 0.5841764 3.0918145 1.6893874 5.2918825 -0.08007659018039703 0.1904377043247223
Pedestrian 0.0 0 -2.417365312576294 1101.141845703125 190.03253173828125 1224.0 370.0 0.79454577 1.6667513 0.5832303 4.3122783 1.7468461 5.368447 -1.7406374216079712 0.15157243609428406
Pedestrian 0.0 0 -2.5778086185455322 1130.324951171875 154.89910888671875 1224.0 257.5570983886719 1.5635931 1.6711185 0.40223482 10.048262 1.256027 12.309963 -1.893225073814392 0.12069839239120483
Cyclist 0.0 0 -2.5778086185455322 1130.324951171875 154.89910888671875 1224.0 257.5570983886719 1.5635931 1.6711185 0.40223482 10.048262 1.256027 12.309963 -1.893225073814392 0.3598564565181732
Cyclist 0.0 0 0.6235162019729614 0.0 166.46600341796875 90.15784454345703 256.83056640625 1.6304662 1.7747072 0.6871078 -11.512845 1.5007181 14.269202 -0.055376552045345306 0.3590455949306488
Cyclist 0.0 0 2.6193153858184814 625.2199096679688 167.16403198242188 726.4166259765625 269.1212463378906 1.8156989 1.8128946 0.625211 1.2883914 1.5774114 13.226258 2.7164206504821777 0.25831931829452515
Cyclist 0.0 0 -3.175377130508423 791.9042358398438 171.01206970214844 875.7882080078125 260.3218688964844 1.5367215 1.6926687 0.70714784 4.4455667 1.5144811 13.944393 -2.8667569160461426 0.18016557395458221
Cyclist 0.0 0 -3.6091723442077637 1020.9544067382812 198.86085510253906 1141.509521484375 290.2706604003906 1.7911922 1.6779543 0.7310577 9.103717 2.046001 13.634156 -3.0204451084136963 0.17057615518569946
Cyclist 0.0 0 -1.6445603370666504 1179.936767578125 184.34400939941406 1224.0 370.0 1.6223034 1.7235883 0.52964324 5.6515107 1.7652218 6.5327997 -0.9313662052154541 0.15086323022842407
Cyclist 0.0 0 0.4807850122451782 389.474609375 155.26351928710938 472.6602783203125 244.20315551757812 1.6427318 1.8438238 0.5894404 -3.7590978 1.322265 15.132534 0.23730182647705078 0.14955565333366394
Cyclist 0.0 0 -1.848722219467163 837.5029296875 168.86138916015625 871.2127075195312 238.3213348388672 0.87373894 1.714946 0.5853549 6.268448 1.429189 17.90519 -1.5119662284851074 0.11773189157247543
Car 0.0 0 -1.5873314142227173 782.8985595703125 185.9519500732422 866.1294555664062 262.9940185546875 3.7484431 1.4767641 1.5800403 4.8248425 1.6162034 15.852677 -1.291883945465088 0.2774810492992401
Car 0.0 0 -2.6933047771453857 543.0009155273438 160.3516082763672 607.396728515625 182.48568725585938 4.4272738 1.567662 1.6503162 -2.1780941 0.14192955 51.70493 -2.735405445098877 0.2229078859090805
