Pedestrian 0.0 0 -0.22489365935325623 561.5947265625 172.17868041992188 589.8474731445312 232.8143768310547 0.7203501 1.7846375 0.64094424 -1.0789536 1.7651194 21.639801 -0.27471208572387695 0.3309999704360962
Pedestrian 0.0 0 1.5058252811431885 653.88427734375 157.33334350585938 667.2479858398438 196.48825073242188 0.6814682 1.8381103 0.587932 2.355645 1.1098574 34.21138 1.5745723247528076 0.22425086796283722
Pedestrian 0.0 0 0.4561443328857422 539.8976440429688 163.65138244628906 565.91943359375 220.00856018066406 0.6307242 1.8358685 0.6696056 -1.9352847 1.5364457 23.92888 0.3754434585571289 0.20195455849170685
Pedestrian 0.0 0 -1.3949604034423828 721.9446411132812 158.03598022460938 741.364990234375 201.08448791503906 1.4639155 1.8159223 0.5836877 5.2317357 1.1912094 31.221428 -1.2289341688156128 0.14586392045021057
Cyclist 0.0 0 -3.446873664855957 1068.89599609375 181.74017333984375 1194.2677001953125 270.3900146484375 1.7778784 1.5623746 0.6391772 9.593538 1.735056 13.409757 -2.8258769512176514 0.5581695437431335
Cyclist 0.0 0 -0.2111903429031372 978.77978515625 153.28717041015625 1055.085693359375 220.10955810546875 1.7177362 1.7732304 0.6407765 11.036683 1.2543536 19.703773 0.29939723014831543 0.20924703776836395
Cyclist 0.0 0 -1.7457950115203857 716.7656860351562 157.864501953125 736.2928466796875 200.75880432128906 1.5337417 1.8098644 0.5725541 4.9902844 1.1777617 31.212994 -1.5872583389282227 0.19804805517196655
Cyclist 0.0 0 -0.16388821601867676 557.60498046875 176.1451416015625 594.137939453125 234.7603759765625 0.98974395 1.7178723 0.71709657 -1.0770191 1.8190724 21.65022 -0.21359357237815857 0.10033674538135529
Car 0.0 0 -2.30850887298584 0.0 172.63946533203125 164.73654174804688 266.7407531738281 3.94971 1.5575293 1.6475083 -10.504491 1.5543365 13.059927 -2.985884428024292 0.8384678363800049
Car 0.0 0 1.5208815336227417 155.3173370361328 177.73658752441406 221.09654235839844 230.75987243652344 3.73989 1.477428 1.5702823 -13.230427 1.6432989 22.462769 0.9885942935943604 0.718399703502655
Car 0.0 0 1.4400513172149658 244.7879638671875 178.25704956054688 317.61920166015625 230.7364044189453 3.818769 1.4710275 1.5837289 -10.442279 1.6564941 22.679539 1.0085599422454834 0.6250997185707092
Car 0.0 0 0.47807997465133667 330.4910888671875 145.2099609375 433.9402160644531 182.54782104492188 4.0699363 1.590456 1.6208766 -10.072936 0.4132796 31.878948 0.17203283309936523 0.32643836736679077
Car 0.0 0 -1.429343819618225 732.4597778320312 167.6107940673828 776.7623901367188 201.04322814941406 3.5826075 1.5013701 1.5801581 6.8903 1.2662683 34.35192 -1.2313908338546753 0.25508978962898254
Car 0.0 0 1.1436421871185303 229.6465301513672 156.6043243408203 308.08428955078125 192.8667449951172 4.214096 1.5574592 1.6343657 -15.6684 0.8598994 32.969475 0.6999983787536621 0.24235859513282776
Car 0.0 0 -3.1517674922943115 737.7164916992188 166.86383056640625 840.820068359375 204.9969482421875 4.214058 1.5805829 1.6445246 7.662575 1.332654 31.186697 -2.910839796066284 0.19656017422676086
