Pedestrian 0.0 0 -1.2989987134933472 277.4415588378906 172.6740264892578 344.8180236816406 310.056884765625 0.77649325 1.6632642 0.6094471 -3.7114155 1.5577517 9.114728 -1.6856869459152222 0.7543656826019287
Pedestrian 0.0 0 -3.208521842956543 818.1795043945312 155.5133514404297 857.6176147460938 238.7041473388672 0.7663932 1.7545002 0.6600772 5.0748734 1.207672 15.561223 -2.8932745456695557 0.6408812999725342
Pedestrian 0.0 0 2.9853432178497314 484.0145263671875 168.8134765625 503.7812805175781 211.39039611816406 0.7794514 1.8503067 0.57565653 -4.74789 1.2999357 31.606459 2.8362390995025635 0.5261272192001343
Pedestrian 0.0 0 0.9624444246292114 248.39312744140625 165.8864288330078 318.5533142089844 280.7403259277344 0.85672504 1.8152871 0.6946715 -5.293805 1.5698082 11.869499 0.5429213047027588 0.49582505226135254
Pedestrian 0.0 0 -1.5566751956939697 830.8963623046875 154.30194091796875 908.868408203125 341.8935852050781 0.6186827 1.5964628 0.6327551 2.3801765 1.3663846 6.5124407 -1.2062755823135376 0.45532727241516113
Pedestrian 0.0 0 -2.599515199661255 367.8332214355469 193.00033569335938 454.3255615234375 308.4654541015625 1.0035852 1.664876 0.8161791 -2.941966 1.8506882 10.991715 -2.8610382080078125 0.4087091088294983
Pedestrian 0.0 0 0.5327057838439941 404.03717041015625 152.43994140625 443.6543884277344 211.02880859375 1.0705608 1.8629298 0.6413905 -5.7820783 0.9400187 23.29817 0.2894432544708252 0.3609847128391266
Pedestrian 0.0 0 -1.8929481506347656 736.1354370117188 159.81997680664062 807.7631225585938 280.5672302246094 1.623445 1.6346251 0.524885 2.4227238 1.3424542 10.555138 -1.6673258543014526 0.19017690420150757
Cyclist 0.0 0 -1.8929481506347656 736.1354370117188 159.81997680664062 807.7631225585938 280.5672302246094 1.623445 1.6346251 0.524885 2.4227238 1.3424542 10.555138 -1.6673258543014526 0.6620948314666748
Cyclist 0.0 0 0.37310561537742615 398.8298645019531 155.9547576904297 449.1255798339844 214.36154174804688 1.4516307 1.8617157 0.63998914 -5.776124 1.0485619 23.3058 0.13016033172607422 0.41631799936294556
Cyclist 0.0 0 -1.6051353216171265 719.3455200195312 168.75546264648438 763.1892700195312 257.8222351074219 1.8694994 1.7039667 0.8076773 2.7986217 1.4614029 14.725598 -1.4173237085342407 0.3720322251319885
Cyclist 0.0 0 0.01846069097518921 524.7803955078125 175.24427795410156 565.958740234375 215.85340881347656 1.7857953 1.7630099 0.64295536 -2.470109 1.492383 31.557413 -0.05965353548526764 0.3705681562423706
Cyclist 0.0 0 1.709317922592163 478.7729797363281 168.77166748046875 495.9342041015625 209.10104370117188 1.5724709 1.7813427 0.557944 -5.1676116 1.2200848 32.51756 1.5517182350158691 0.2795075476169586
Cyclist 0.0 0 0.9292428493499756 61.99907302856445 150.69125366210938 148.45693969726562 237.7363739013672 1.7321925 1.7528646 0.5584144 -10.403614 1.1336995 15.002425 0.322918176651001 0.25095871090888977
Cyclist 0.0 0 -1.464545726776123 380.45343017578125 188.2367706298828 442.1737365722656 309.4835510253906 1.1144614 1.7360929 0.80044717 -2.9197505 1.8459636 10.962914 -1.7248334884643555 0.16187705099582672
Cyclist 0.0 0 -1.3452732563018799 254.9933319091797 166.79408264160156 312.4406433105469 283.20489501953125 1.0103097 1.8370336 0.6636053 -5.2812366 1.606262 11.892428 -1.763196587562561 0.10329492390155792
Car 0.0 0 -1.6702046394348145 655.369873046875 169.27383422851562 706.7304077148438 209.94461059570312 3.7295187 1.5032839 1.6419067 3.0648732 1.0524156 28.419947 -1.5627775192260742 0.846871018409729
Car 0.0 0 -1.6508466005325317 637.1571655273438 172.23428344726562 669.8786010742188 200.2425537109375 3.4964252 1.5216554 1.5699075 2.9167912 1.0190867 40.77859 -1.579440712928772 0.42976734042167664
Car 0.0 0 -1.7158677577972412 632.261962890625 177.52438354492188 697.6087036132812 226.16725158691406 3.544214 1.4127753 1.5388715 1.8997829 1.2984438 22.676626 -1.6322858333587646 0.36094069480895996
