Pedestrian 0.0 0 -1.622514247894287 946.794677734375 131.9348907470703 984.1708374023438 222.9891815185547 0.6657082 1.9194239 0.6913676 7.6494794 1.0572071 15.649009 -1.1678541898727417 0.3951112627983093
Pedestrian 0.0 0 -0.7722843885421753 929.0147705078125 147.28335571289062 955.6021728515625 199.70899963378906 0.6458435 1.9692996 0.656716 12.628334 1.0091305 27.518513 -0.34205126762390137 0.3729771375656128
Car 0.0 0 3.564812183380127 3.09043288230896 168.0322723388672 285.1065368652344 262.5880126953125 3.9359074 1.5607318 1.6723877 -8.239592 1.4815023 13.011888 3.000312566757202 0.8345438838005066
Car 0.0 0 -0.5119983553886414 811.1871337890625 175.60389709472656 1198.2208251953125 314.69195556640625 3.8172364 1.5106406 1.6388649 4.532989 1.5477374 8.752979 -0.03414963185787201 0.780838131904602
Car 0.0 0 3.7004740238189697 0.0 173.18344116210938 215.6383514404297 288.7168273925781 3.7280629 1.5044712 1.6188811 -8.049279 1.5100272 10.390627 3.0413718223571777 0.7583827376365662
Car 0.0 0 -0.6194213032722473 891.7887573242188 178.5827178955078 1242.0 369.7221984863281 3.609999 1.4245661 1.5760645 4.487182 1.4806702 6.2206335 0.005482673645019531 0.7573208212852478
Car 0.0 0 -1.746982216835022 464.1220397949219 178.35760498046875 500.6839904785156 204.8002166748047 3.858929 1.5628668 1.6171309 -8.135749 1.9270294 45.603104 -1.9235281944274902 0.7375227212905884
Car 0.0 0 0.7327225208282471 0.0 173.00665283203125 176.638427734375 324.1958312988281 3.742287 1.494526 1.6043919 -7.177544 1.4967345 7.938073 -0.0024038907140493393 0.7235910296440125
Car 0.0 0 -2.3166961669921875 1071.4111328125 179.0543975830078 1155.2662353515625 208.52647399902344 3.9561272 1.5596004 1.6743195 28.55039 1.931236 41.12763 -1.7098801136016846 0.6808213591575623
Car 0.0 0 -1.6731877326965332 355.1510314941406 173.88076782226562 393.7690734863281 203.7450408935547 3.5988533 1.5044701 1.5895014 -12.623758 1.5623446 38.448483 -1.9904277324676514 0.562321662902832
Car 0.0 0 3.4025585651397705 190.5916748046875 160.5269012451172 354.33502197265625 221.918701171875 4.1320586 1.7355443 1.7426414 -10.019063 1.3874156 21.60939 2.968416452407837 0.5126746296882629
