Pedestrian 0.0 0 -2.119051456451416 784.3001098632812 174.42904663085938 812.9263305664062 230.61505126953125 0.69207126 1.6799414 0.566192 5.702232 1.7292482 22.007494 -1.8655226230621338 0.5924894213676453
Pedestrian 0.0 0 0.10664665699005127 1122.531982421875 151.57093811035156 1242.0 271.4267272949219 1.4840436 1.7767901 0.59311366 9.020532 1.4616393 11.424687 0.7749922275543213 0.3029474914073944
Pedestrian 0.0 0 2.7590184211730957 870.51171875 159.9424285888672 907.8270874023438 220.2347412109375 0.91474974 1.8810266 0.6772958 8.788934 1.4785638 22.853785 3.126154661178589 0.2483762502670288
Pedestrian 0.0 0 -1.4100326299667358 710.3709106445312 163.31536865234375 729.0135498046875 203.5365753173828 1.7531083 1.907074 0.6273086 5.313631 1.4551611 35.139183 -1.2599530220031738 0.13110920786857605
Cyclist 0.0 0 -3.1876606941223145 1120.5550537109375 153.00079345703125 1242.0 272.88848876953125 1.6991547 1.7714815 0.53756773 9.041419 1.4784849 11.374179 -2.5160326957702637 0.43233928084373474
Cyclist 0.0 0 -1.5777933597564697 713.3301391601562 164.61483764648438 725.41015625 204.34420776367188 1.7802432 1.885903 0.5663896 5.285226 1.4951586 35.169003 -1.4286288022994995 0.35702669620513916
Cyclist 0.0 0 -1.5787831544876099 678.2852783203125 172.68165588378906 686.5244140625 200.4502716064453 1.8924325 1.8812354 0.5488051 4.9673424 1.8699168 49.846466 -1.479458212852478 0.2708134651184082
Cyclist 0.0 0 -2.1330084800720215 851.908447265625 195.17184448242188 895.2207641601562 256.1913757324219 1.4967535 1.6344234 0.43018186 7.483311 2.2982202 20.669245 -1.7856389284133911 0.22853755950927734
Cyclist 0.0 0 -1.7970765829086304 776.6922607421875 187.93194580078125 794.9957275390625 228.3179473876953 1.5738177 1.59812 0.39128375 7.2426515 2.2404191 29.927544 -1.5596355199813843 0.1840796321630478
Cyclist 0.0 0 -0.37596678733825684 869.0165405273438 161.10157775878906 907.5424194335938 220.42196655273438 0.9561169 1.8516569 0.6777235 8.764067 1.4851688 22.863285 -0.00991760566830635 0.1307840198278427
Car 0.0 0 2.2132880687713623 0.0 183.70619201660156 144.88040161132812 250.79063415527344 3.9946654 1.5158665 1.6227753 -14.355486 1.8314085 18.951128 1.5650039911270142 0.856558084487915
Car 0.0 0 -1.3778551816940308 775.1196899414062 164.2995147705078 824.6710815429688 196.94676208496094 4.0011077 1.5100381 1.6229687 9.361776 1.114724 35.52492 -1.1201863288879395 0.24295870959758759
Car 0.0 0 0.9144775867462158 1082.6429443359375 178.78952026367188 1145.009521484375 202.7899627685547 4.114004 1.7096689 1.702828 37.96348 2.1758468 54.528008 1.5226620435714722 0.21982476115226746
Car 0.0 0 -3.4640908241271973 1024.0950927734375 181.92152404785156 1114.09326171875 212.82958984375 4.0306854 1.6870914 1.6977234 26.263205 2.2248938 41.45637 -2.8993923664093018 0.196841299533844
Car 0.0 0 -0.9921227097511292 718.427001953125 160.2439727783203 764.0757446289062 181.84719848632812 4.0980587 1.6980313 1.6943846 10.697651 0.70722973 58.78062 -0.8121001720428467 0.17006529867649078
