Pedestrian 0.0 0 1.9222623109817505 137.8306121826172 128.80413818359375 186.740234375 216.7733154296875 0.92838854 1.8581537 0.62805235 -9.811356 0.9280561 15.756634 1.3653323650360107 0.3286112844944
Cyclist 0.0 0 -1.9392468929290771 895.0692138671875 153.89328002929688 961.3900756835938 252.86776733398438 1.8048799 1.8035321 0.5609929 6.108405 1.4583839 14.0585375 -1.5293591022491455 0.2731230854988098
Cyclist 0.0 0 -1.9300594329833984 957.582763671875 139.58753967285156 1036.987060546875 260.6887512207031 1.6937495 1.7541562 0.5256513 5.9775805 1.2726479 11.322027 -1.4442945718765259 0.2340267151594162
Cyclist 0.0 0 1.9222623109817505 137.8306121826172 128.80413818359375 186.740234375 216.7733154296875 0.92838854 1.8581537 0.62805235 -9.811356 0.9280561 15.756634 1.3653323650360107 0.12435082346200943
Car 0.0 0 -1.6977119445800781 692.2880859375 175.50885009765625 785.8704223632812 249.16429138183594 3.5642116 1.5006485 1.6528416 2.8104389 1.5689266 16.642578 -1.5304198265075684 0.8927064538002014
Car 0.0 0 -2.276536226272583 886.5523681640625 166.39476013183594 1242.0 375.0 3.7469041 1.4870105 1.5839509 2.960035 1.4706557 3.7676616 -1.6106113195419312 0.7423000335693359
Car 0.0 0 -0.8205592036247253 0.0 212.17384338378906 279.0923767089844 375.0 3.8087935 1.4947867 1.6057872 -3.1543028 1.7743729 3.194472 -1.599630355834961 0.5795542597770691
Car 0.0 0 -1.6589502096176147 630.031494140625 174.1075439453125 666.09423828125 203.86329650878906 4.3308463 1.642779 1.7212867 2.1396842 1.7202953 42.21367 -1.6083065271377563 0.4850330650806427
Car 0.0 0 1.6028627157211304 553.8738403320312 176.41754150390625 573.3992309570312 194.0540008544922 4.17237 1.5491309 1.6606861 -4.2537017 1.8875705 66.33983 1.5388305187225342 0.38965046405792236
Car 0.0 0 -1.8182196617126465 614.4181518554688 179.4105224609375 652.7905883789062 203.84674072265625 3.954828 1.5091102 1.613254 1.4861149 1.9628863 47.791077 -1.7871335744857788 0.36452987790107727
