Pedestrian 0.0 0 -0.5068560242652893 108.24978637695312 178.57164001464844 157.7144317626953 261.6351013183594 0.61527675 1.6346122 0.6194613 -9.746236 1.7545274 14.669231 -1.093287706375122 0.43239668011665344
Pedestrian 0.0 0 2.583986282348633 952.3096923828125 187.07301330566406 1058.421142578125 307.0509338378906 1.354634 1.8679008 0.68139 6.3392277 2.1064465 11.702534 3.080432415008545 0.3003949224948883
Pedestrian 0.0 0 -1.2744853496551514 392.2591247558594 176.3931884765625 414.3126525878906 213.9181671142578 1.7001306 1.706541 0.52240855 -9.718011 1.8770239 33.826393 -1.5542418956756592 0.1469738632440567
Pedestrian 0.0 0 -1.372107982635498 156.71240234375 175.0337677001953 182.43209838867188 222.54942321777344 1.5999923 1.756104 0.53612626 -16.867537 1.8423522 27.584942 -1.9209232330322266 0.13067513704299927
Cyclist 0.0 0 -0.8126667141914368 943.7703247070312 188.50259399414062 1062.4959716796875 310.9994812011719 1.7388802 1.8655792 0.6941864 6.341009 2.1336653 11.740731 -0.3174665570259094 0.5155494809150696
Cyclist 0.0 0 1.6440037488937378 469.3265075683594 175.1829833984375 478.02081298828125 199.20542907714844 1.7447302 1.740193 0.50703925 -10.099404 1.9156044 53.33481 1.456860899925232 0.41965895891189575
Cyclist 0.0 0 -1.383962869644165 394.33465576171875 175.65553283691406 412.3467712402344 212.80545043945312 1.5763813 1.6939839 0.530488 -9.719244 1.8288467 33.82983 -1.6637260913848877 0.4101337790489197
Cyclist 0.0 0 -1.372107982635498 156.71240234375 175.0337677001953 182.43209838867188 222.54942321777344 1.5999923 1.756104 0.53612626 -16.867537 1.8423522 27.584942 -1.9209232330322266 0.23034369945526123
Cyclist 0.0 0 -3.6941142082214355 1010.2443237304688 19.220075607299805 1242.0 318.1760559082031 1.6278192 1.7706368 0.6035 3.5142078 0.8610617 4.648194 -3.046760320663452 0.19369079172611237
Car 0.0 0 1.8086447715759277 420.2024841308594 178.574951171875 474.9166259765625 213.36659240722656 4.070621 1.5557711 1.6752427 -7.8388762 1.8497988 34.985783 1.5882261991500854 0.8841038346290588
Car 0.0 0 1.9516609907150269 314.4443359375 178.7571563720703 376.15240478515625 210.37811279296875 4.3162627 1.587074 1.6612195 -14.329848 1.9260921 39.208942 1.60126793384552 0.33569416403770447
Car 0.0 0 -1.9675889015197754 892.0194702148438 213.32894897460938 1071.733642578125 319.9237365722656 3.6215045 1.4818832 1.6235962 6.571329 2.3324828 13.2965975 -1.5085829496383667 0.2284310907125473
Car 0.0 0 1.2906713485717773 65.80322265625 174.5727996826172 131.50453186035156 207.28363037109375 4.084692 1.589166 1.6951941 -26.42331 1.6827347 37.19041 0.6729416847229004 0.21992404758930206
Car 0.0 0 -2.2212138175964355 798.03955078125 154.517333984375 1242.0 375.0 3.4463692 1.5112048 1.5975107 2.812224 1.4226737 5.325759 -1.7353852987289429 0.20229452848434448
Car 0.0 0 1.0827757120132446 0.0 191.7050018310547 64.7061538696289 235.36524963378906 3.9251814 1.56661 1.6925004 -23.925316 2.3575773 28.732002 0.38840770721435547 0.19457517564296722
Car 0.0 0 1.369189977645874 652.01806640625 177.38787841796875 716.6946411132812 221.31201171875 4.1968055 1.5293448 1.6464106 2.7263765 1.7176809 27.740425 1.4671571254730225 0.15938518941402435
