Car 0.0 0 -1.0965873003005981 78.42921447753906 188.2205352783203 377.3672790527344 340.9849548339844 3.9297519 1.4928933 1.6469631 -4.4471292 1.5402672 9.079104 -1.5520579814910889 0.9110138416290283
Car 0.0 0 -1.2194654941558838 319.36322021484375 183.3100128173828 445.1643981933594 253.81935119628906 3.7359993 1.4713855 1.621931 -5.1915154 1.4327488 16.905886 -1.517408013343811 0.8976355791091919
Car 0.0 0 -1.5012041330337524 571.541748046875 174.65817260742188 613.97607421875 209.619873046875 3.4144032 1.5099342 1.7031924 -0.6693004 1.0551046 32.789356 -1.5216134786605835 0.8331538438796997
Car 0.0 0 -1.1190881729125977 235.7104949951172 180.10084533691406 331.0763854980469 223.1070098876953 4.040811 1.4711856 1.6133009 -11.9251795 1.2973453 26.63158 -1.5400972366333008 0.7747473120689392
Car 0.0 0 -1.1153608560562134 330.4794616699219 168.2987060546875 418.3962097167969 211.9419708251953 3.5899146 1.4833486 1.6488184 -8.482822 0.9095051 26.323229 -1.4271090030670166 0.7267837524414062
Car 0.0 0 -1.0679677724838257 148.67642211914062 179.05824279785156 297.5411376953125 245.6712646484375 3.584741 1.4067682 1.5541533 -8.951964 1.2778629 16.983257 -1.5530637502670288 0.5457842350006104
Car 0.0 0 -1.3756980895996094 390.0147705078125 176.88038635253906 438.5028076171875 210.02059936523438 3.4691668 1.4524997 1.5250834 -8.934158 1.0883033 33.28473 -1.6379331350326538 0.5281511545181274
Car 0.0 0 -1.4383137226104736 505.70037841796875 173.1090850830078 540.3107299804688 199.2939910888672 3.8891826 1.5398892 1.6166915 -5.193527 0.8290518 44.227848 -1.5552051067352295 0.4885002374649048
Car 0.0 0 -1.2170389890670776 419.3751220703125 165.15435791015625 469.3179626464844 192.64688110351562 3.6639667 1.4869471 1.59406 -9.243119 0.40305096 40.796295 -1.4398449659347534 0.35764390230178833
Car 0.0 0 2.224780321121216 522.982421875 175.27389526367188 570.7133178710938 195.69979858398438 3.976836 1.5299287 1.6173533 -4.7159295 0.78640604 55.949986 2.140690803527832 0.35483989119529724
