Pedestrian 0.0 0 -2.044085741043091 856.1240234375 160.7279510498047 976.0110473632812 374.6997375488281 0.7553515 1.6102128 0.6095769 2.3883853 1.519318 5.8291097 -1.655216097831726 0.5039677023887634
Pedestrian 0.0 0 3.221318483352661 90.68374633789062 188.91763305664062 125.60794067382812 248.25662231445312 0.8297831 1.7664905 0.7607318 -15.5496855 2.275481 22.305971 2.6125357151031494 0.36938077211380005
Pedestrian 0.0 0 -3.28031325340271 951.2755737304688 87.55705261230469 1179.1214599609375 375.0 0.9672387 1.6572566 0.6363199 2.366034 1.2461584 3.9591694 -2.7416539192199707 0.2916852533817291
Pedestrian 0.0 0 1.2184197902679443 788.3216552734375 170.5358428955078 812.6528930664062 208.6682891845703 1.8586533 1.7894073 0.52224296 9.13587 1.6809834 34.80624 1.4751074314117432 0.10888101160526276
Cyclist 0.0 0 -3.275094985961914 1201.2979736328125 166.39566040039062 1242.0 210.30564880371094 1.7023154 1.7571294 0.74654955 25.403849 1.4990468 29.646873 -2.566619634628296 0.3533298671245575
Cyclist 0.0 0 1.3281536102294922 791.0584106445312 169.91458129882812 812.2611694335938 207.30087280273438 1.9168743 1.7490968 0.53767467 9.169578 1.6119349 34.716496 1.5863838195800781 0.3427470028400421
Cyclist 0.0 0 -3.409559488296509 924.3988647460938 102.32701873779297 1198.1204833984375 375.0 1.1431122 1.6423991 0.65453535 2.351645 1.2979378 3.9903245 -2.8770174980163574 0.2987816035747528
Cyclist 0.0 0 -1.852545142173767 1070.6068115234375 182.1929473876953 1132.7586669921875 282.88983154296875 1.615243 1.6111758 0.453749 8.455946 1.7846718 12.535814 -1.2591094970703125 0.2767505943775177
Cyclist 0.0 0 0.26697584986686707 83.79056549072266 191.03216552734375 132.1498260498047 249.22622680664062 1.0382327 1.7247375 0.86450726 -15.562805 2.30229 22.32633 -0.3417746126651764 0.13388749957084656
Cyclist 0.0 0 -2.259906768798828 850.525146484375 158.76327514648438 1001.01953125 375.0 0.9463665 1.631717 0.6097082 2.3731308 1.5325173 5.635947 -1.8613691329956055 0.10736438632011414
Car 0.0 0 1.93569016456604 316.0111083984375 190.41139221191406 399.7122497558594 236.56857299804688 4.0633044 1.531507 1.6733388 -9.558194 2.2525864 27.559338 1.60184907913208 0.8499635457992554
Car 0.0 0 -1.5525261163711548 603.8751220703125 179.76564025878906 630.3471069335938 204.70692443847656 3.9077039 1.4935632 1.626418 0.45871368 1.9561591 46.276386 -1.5426139831542969 0.6488184928894043
Car 0.0 0 -0.7924236059188843 287.208984375 189.40200805664062 365.94476318359375 222.9362335205078 3.6879544 1.5319184 1.6372765 -14.484293 2.4264219 36.96706 -1.1658551692962646 0.5127272605895996
Car 0.0 0 2.031142473220825 184.25367736816406 187.2076416015625 352.8891906738281 270.0067138671875 3.9863522 1.4316093 1.5764717 -7.007418 1.7741866 15.185669 1.5988080501556396 0.3742244243621826
Car 0.0 0 1.9636627435684204 485.6900939941406 184.6875762939453 519.2515258789062 202.0033721923828 4.1078677 1.5122474 1.6960891 -10.142928 2.6674588 68.21469 1.816053032875061 0.2930751442909241
Car 0.0 0 -1.503016471862793 893.759033203125 171.69488525390625 921.841552734375 193.43824768066406 4.107105 1.5295235 1.6323662 21.858934 1.4483438 52.955967 -1.1115453243255615 0.2827731966972351
Car 0.0 0 -1.7054582834243774 735.6791381835938 168.3475799560547 769.2390747070312 193.7349090576172 3.994753 1.6244357 1.670509 9.440844 1.3364451 48.208565 -1.5120723247528076 0.27470046281814575
Car 0.0 0 1.739145040512085 399.9601745605469 182.98330688476562 458.5366516113281 226.52938842773438 3.7076106 1.4957885 1.5712737 -6.8746514 1.9101183 27.57751 1.4948396682739258 0.23645590245723724
Car 0.0 0 -1.6064209938049316 1205.9918212890625 156.71018981933594 1242.0 187.20042419433594 3.8157208 1.5405883 1.6384267 32.84346 0.72524357 38.458076 -0.8996052742004395 0.2291833907365799
