Pedestrian 0.0 0 1.168583869934082 801.7896728515625 164.18614196777344 836.8851318359375 230.62831115722656 0.8136198 1.7817239 0.6568038 5.6858 1.5496433 19.79 1.4483551979064941 0.6791467070579529
Pedestrian 0.0 0 -3.3474538326263428 850.097412109375 133.93467712402344 914.6266479492188 241.48301696777344 0.9293329 1.8134121 0.68254685 4.675651 1.1575367 12.570346 -2.991352081298828 0.45540669560432434
Pedestrian 0.0 0 -3.6130056381225586 1085.7364501953125 146.96702575683594 1182.8306884765625 262.8155822753906 1.0851429 1.7714721 0.60626525 8.21599 1.3759849 11.412544 -2.9890427589416504 0.367953896522522
Pedestrian 0.0 0 3.304506540298462 206.41635131835938 165.27914428710938 222.62916564941406 197.4467010498047 0.8001327 1.9463335 0.483239 -24.155514 1.4883657 44.015602 2.8025894165039062 0.17505493760108948
Pedestrian 0.0 0 -0.36591556668281555 768.5669555664062 164.30291748046875 789.154541015625 202.66001892089844 0.8098982 1.8580241 0.6268238 8.223338 1.4441664 35.31448 -0.13713234663009644 0.1714547723531723
Pedestrian 0.0 0 -1.9182181358337402 687.0609130859375 164.44973754882812 712.9617919921875 205.0680694580078 1.8293163 1.8142424 0.591135 4.085463 1.4392189 33.182713 -1.7957143783569336 0.11576133221387863
Cyclist 0.0 0 -1.9182181358337402 687.0609130859375 164.44973754882812 712.9617919921875 205.0680694580078 1.8293163 1.8142424 0.591135 4.085463 1.4392189 33.182713 -1.7957143783569336 0.4523725211620331
Cyclist 0.0 0 1.4427846670150757 677.7509765625 169.26695251464844 689.4008178710938 196.90855407714844 1.7461914 1.806012 0.55062926 4.859468 1.5720043 48.020454 1.5436371564865112 0.3603987991809845
Cyclist 0.0 0 -3.59544038772583 1081.0794677734375 147.95391845703125 1190.4989013671875 263.8770751953125 1.263663 1.7690237 0.5994811 8.233943 1.3893982 11.41115 -2.970384120941162 0.31307557225227356
Cyclist 0.0 0 -0.14196309447288513 800.7709350585938 162.324951171875 838.15625 229.35755920410156 0.90675867 1.8040907 0.59999365 5.6847053 1.5210739 19.775948 0.13794565200805664 0.10865028947591782
Car 0.0 0 -0.48770448565483093 938.6378173828125 192.39434814453125 1007.5612182617188 215.9950408935547 4.0195956 1.581324 1.6438713 25.421545 2.976782 50.645145 -0.02249469980597496 0.4327152371406555
Car 0.0 0 -2.230802059173584 1197.8299560546875 146.53395080566406 1242.0 185.04794311523438 4.099899 2.1258144 1.8040686 36.61433 0.67341346 41.921894 -1.5128822326660156 0.35453516244888306
Car 0.0 0 -1.5777182579040527 1167.2469482421875 181.22947692871094 1201.1033935546875 206.6949462890625 3.7131033 1.5387692 1.6669441 37.238617 2.1061678 46.871685 -0.9063522815704346 0.2576029300689697
Car 0.0 0 -2.1822283267974854 38.812442779541016 179.37149047851562 122.74203491210938 212.7099609375 3.576599 1.5828487 1.630024 -26.524761 1.9216901 36.125175 -2.81557035446167 0.24751660227775574
