Pedestrian 0.0 0 -0.07142259180545807 540.3777465820312 144.23069763183594 632.4525146484375 305.7848815917969 1.0031556 1.7573396 0.5200617 -0.27380586 1.364501 7.997567 -0.10564536601305008 0.5547749400138855
Pedestrian 0.0 0 -1.8516515493392944 836.3001708984375 168.8708953857422 868.7296752929688 237.1099395751953 0.7886992 1.6822983 0.57382673 6.198556 1.3972026 17.835089 -1.5171624422073364 0.4704033136367798
Pedestrian 0.0 0 3.433321475982666 53.725624084472656 188.3703155517578 98.38842010498047 253.76242065429688 0.8809108 1.8346397 0.6601356 -15.287645 2.068523 20.404446 2.7903127670288086 0.34728920459747314
Pedestrian 0.0 0 -1.6141337156295776 981.9954833984375 181.30284118652344 1078.0628662109375 370.0 0.64718026 1.6410186 0.58192956 3.1038213 1.6492229 5.295152 -1.0839507579803467 0.17858335375785828
Pedestrian 0.0 0 -0.6640950441360474 829.5638427734375 129.5891571044922 895.3265991210938 235.09226989746094 0.9286869 1.8150266 0.599242 4.534923 0.94082654 12.588665 -0.31832823157310486 0.13208501040935516
Pedestrian 0.0 0 -2.6906158924102783 1139.0263671875 156.077392578125 1224.0 260.2472229003906 1.4146327 1.6853925 0.42824215 10.0568075 1.2919055 12.166842 -1.9998794794082642 0.1312922239303589
Cyclist 0.0 0 0.43286794424057007 0.0 162.1151580810547 92.18862915039062 253.35055541992188 1.6486658 1.7736537 0.7139516 -11.516242 1.4178767 14.287011 -0.24555952847003937 0.2962651252746582
Cyclist 0.0 0 -2.6404831409454346 1131.0794677734375 156.661865234375 1224.0 261.3286437988281 1.4766327 1.709006 0.4191398 10.036026 1.3214277 12.30271 -1.9562076330184937 0.27932512760162354
Cyclist 0.0 0 1.930893898010254 630.9208984375 170.04673767089844 696.0175170898438 274.54437255859375 1.7363527 1.7730421 0.61562043 1.0542405 1.5973268 12.908178 2.012385368347168 0.2703929841518402
Cyclist 0.0 0 -3.2160942554473877 696.8507690429688 149.25515747070312 770.0758056640625 221.21095275878906 1.7989144 1.7987285 0.5915508 3.2244322 1.0192746 18.055634 -3.0393741130828857 0.20621973276138306
Cyclist 0.0 0 -1.5107426643371582 842.0729370117188 144.58839416503906 890.8887329101562 261.7846984863281 1.8304641 1.80285 0.66277957 4.360886 1.2520746 11.842969 -1.1579241752624512 0.17006325721740723
Cyclist 0.0 0 -1.7569489479064941 837.5664672851562 167.13372802734375 868.1911010742188 236.4309844970703 0.8996162 1.7085445 0.5728815 6.234628 1.380592 17.91483 -1.4220436811447144 0.15720494091510773
Cyclist 0.0 0 -3.2050893306732178 790.5263671875 169.36668395996094 878.773681640625 259.8208923339844 1.6094409 1.7150038 0.7054672 4.452938 1.5055519 13.938505 -2.895866870880127 0.15617385506629944
Cyclist 0.0 0 -3.2656168937683105 1090.51953125 128.9041748046875 1221.9041748046875 241.71746826171875 1.6344646 1.7439783 0.61198866 8.941733 0.9480175 11.603817 -2.6090707778930664 0.15348967909812927
Cyclist 0.0 0 -2.215562343597412 202.60472106933594 146.87620544433594 294.4293518066406 243.07101440429688 1.8208723 1.7955284 0.641218 -7.050996 1.169559 13.881279 -2.685549736022949 0.15232738852500916
Cyclist 0.0 0 -1.7002443075180054 491.474609375 163.52684020996094 539.7608032226562 267.6538391113281 1.8021011 1.7819635 0.6460824 -1.7206049 1.4931428 13.048871 -1.8313465118408203 0.13251347839832306
Cyclist 0.0 0 -1.45430326461792 870.6735229492188 178.60374450683594 925.1000366210938 299.2791748046875 1.5542672 1.6230259 0.5617023 4.2509317 1.5991937 10.320207 -1.06357741355896 0.1319281905889511
Car 0.0 0 -3.1052725315093994 502.8794860839844 156.00048828125 665.1498413085938 223.5904083251953 4.035674 1.6794512 1.6886309 -0.555651 1.0722915 18.420273 -3.1354286670684814 0.2037423551082611
Car 0.0 0 -2.7786648273468018 540.7465209960938 154.21864318847656 606.23583984375 176.87884521484375 4.4909024 1.5947446 1.6568896 -2.2945411 -0.271287 51.721832 -2.8229987621307373 0.1966831088066101
Car 0.0 0 0.45163482427597046 163.1100311279297 200.23379516601562 346.6102600097656 260.8151550292969 3.947198 1.4548374 1.6534497 -9.020792 1.9922408 18.356373 -0.005129790864884853 0.15379345417022705
Car 0.0 0 -2.781787872314453 516.1846313476562 148.89080810546875 619.2975463867188 185.06785583496094 4.447999 1.5922941 1.6523125 -1.7265059 0.20251775 32.57439 -2.834740161895752 0.15223337709903717
