Pedestrian 0.0 0 -1.3380218744277954 316.4008483886719 169.78292846679688 343.25958251953125 225.45510864257812 0.76261204 1.741397 0.6408321 -8.794612 1.4077257 22.533274 -1.7101335525512695 0.5645235180854797
Pedestrian 0.0 0 1.4842352867126465 540.2606811523438 162.27081298828125 563.8082885742188 217.1228485107422 1.26535 1.7891253 0.6781599 -1.8175774 1.1960825 23.736376 1.407810926437378 0.5317938327789307
Pedestrian 0.0 0 3.410043478012085 330.3616943359375 175.7812957763672 358.09637451171875 228.40292358398438 0.7545853 1.7772546 0.6223754 -8.955882 1.6194209 24.217419 3.0558292865753174 0.3937336802482605
Pedestrian 0.0 0 -2.134279251098633 402.9924621582031 163.98927307128906 437.9403381347656 224.21810913085938 0.85638887 1.7617705 0.6582404 -5.57105 1.2803773 21.209843 -2.3911404609680176 0.3856153190135956
Pedestrian 0.0 0 -0.9450701475143433 34.28718566894531 151.274658203125 60.88369369506836 196.7545623779297 0.5157462 2.0424616 0.7952443 -25.263025 0.7314403 32.022392 -1.6130168437957764 0.3086574077606201
Pedestrian 0.0 0 2.1066102981567383 393.9351806640625 149.9405517578125 434.1243591308594 206.3677520751953 1.5654829 1.7931656 0.5599156 -6.303574 0.82358515 23.29306 1.8423205614089966 0.19564081728458405
Pedestrian 0.0 0 -0.9666657447814941 229.18399047851562 180.6588134765625 271.0626525878906 230.3970489501953 1.6012535 1.7337266 0.5361691 -12.794053 1.7411495 25.47573 -1.4320762157440186 0.17453132569789886
Pedestrian 0.0 0 0.8306313157081604 103.37049865722656 165.3333282470703 247.3119354248047 308.1314697265625 1.5293237 1.6174453 0.60513407 -5.213464 1.4473408 8.506233 0.2807810306549072 0.17360809445381165
Pedestrian 0.0 0 -2.1650524139404297 1058.1947021484375 145.89987182617188 1099.025146484375 189.31407165527344 1.8682586 1.8354931 0.518761 20.602821 0.37412694 30.823528 -1.575842261314392 0.13353519141674042
Pedestrian 0.0 0 -2.4862704277038574 844.19189453125 137.36575317382812 916.3179931640625 216.64588928222656 1.6023442 1.7409631 0.45673972 6.2889967 0.7953659 16.324453 -2.118543863296509 0.11802007257938385
Cyclist 0.0 0 -0.4993087351322174 280.7656555175781 167.02513122558594 357.8895263671875 233.73782348632812 1.971579 1.823644 0.67673486 -8.207926 1.4568772 20.299452 -0.8835527896881104 0.5845586061477661
Cyclist 0.0 0 -3.255110263824463 921.8197631835938 139.4207000732422 996.7406616210938 204.88742065429688 1.8171482 1.7836255 0.67192787 9.89813 0.6660094 19.884344 -2.793236255645752 0.5719969272613525
Cyclist 0.0 0 -1.6062592267990112 828.1126708984375 158.55091857910156 844.2623901367188 200.85134887695312 1.9281431 1.8348855 0.61573875 10.3282385 0.8842633 31.676615 -1.2910757064819336 0.5682570934295654
Cyclist 0.0 0 2.7461376190185547 855.356201171875 153.45767211914062 916.25244140625 205.8245086669922 1.8822083 1.8167691 0.6586714 9.838213 0.88011724 24.871727 3.1228089332580566 0.5471798181533813
Cyclist 0.0 0 -0.3318479657173157 704.5899047851562 159.65963745117188 743.8593139648438 197.1204376220703 1.756939 1.7795013 0.62206036 5.718903 0.7909677 34.033386 -0.1653653085231781 0.49813345074653625
Cyclist 0.0 0 -2.1650524139404297 1058.1947021484375 145.89987182617188 1099.025146484375 189.31407165527344 1.8682586 1.8354931 0.518761 20.602821 0.37412694 30.823528 -1.575842261314392 0.4582304060459137
Cyclist 0.0 0 -0.8983877301216125 227.46022033691406 177.61537170410156 276.4750671386719 228.14952087402344 1.8643504 1.7587663 0.54584664 -12.767962 1.6599005 25.571371 -1.361480712890625 0.42632725834846497
Cyclist 0.0 0 0.8306313157081604 103.37049865722656 165.3333282470703 247.3119354248047 308.1314697265625 1.5293237 1.6174453 0.60513407 -5.213464 1.4473408 8.506233 0.2807810306549072 0.4189756512641907
Cyclist 0.0 0 1.4842352867126465 540.2606811523438 162.27081298828125 563.8082885742188 217.1228485107422 1.26535 1.7891253 0.6781599 -1.8175774 1.1960825 23.736376 1.407810926437378 0.39221155643463135
Cyclist 0.0 0 2.111934185028076 394.52276611328125 149.30038452148438 435.1217346191406 204.99562072753906 1.5769734 1.7718035 0.5640481 -6.285391 0.780816 23.32362 1.8487014770507812 0.34819328784942627
Cyclist 0.0 0 -2.2425687313079834 844.4892578125 132.57083129882812 910.4555053710938 210.4475860595703 1.7320625 1.7143221 0.4455823 6.267638 0.660859 16.452314 -1.8785849809646606 0.3449951410293579
Cyclist 0.0 0 -1.3643853664398193 316.5912170410156 170.2486572265625 343.19622802734375 226.07559204101562 0.896677 1.7424356 0.62249345 -8.800332 1.4240307 22.556513 -1.736368179321289 0.14076682925224304
Cyclist 0.0 0 -1.659879446029663 412.5896301269531 161.935791015625 438.3321228027344 221.7181396484375 0.9668109 1.7465782 0.6630605 -5.428306 1.2057803 21.218134 -1.910340666770935 0.1157439649105072
Car 0.0 0 -1.3492496013641357 404.84259033203125 178.3941650390625 511.2952880859375 248.681396484375 3.8119633 1.4566272 1.6307665 -3.341657 1.4146093 16.57175 -1.5482290983200073 0.9281731247901917
Car 0.0 0 -0.6196660995483398 1073.027099609375 138.14503479003906 1194.9300537109375 175.21145629882812 4.3248816 1.6509256 1.6967944 24.324718 -0.24937463 32.635265 0.02085280418395996 0.5939934849739075
Car 0.0 0 -0.5623713731765747 982.7036743164062 155.4380340576172 1081.716064453125 189.2751007080078 3.577548 1.5046299 1.5748488 19.423328 0.39166754 32.25909 -0.020406221970915794 0.48099982738494873
Car 0.0 0 1.6132302284240723 480.1615905761719 172.73626708984375 502.1067810058594 192.34600830078125 3.9693239 1.5237826 1.5821311 -9.134627 0.92174536 56.999702 1.4543238878250122 0.35781946778297424
