Pedestrian 0.0 0 -3.6406447887420654 1031.2158203125 160.27902221679688 1063.0048828125 201.77456665039062 0.96865255 1.7916679 0.7040199 19.050554 1.2490711 31.524565 -3.0970635414123535 0.2843323051929474
Pedestrian 0.0 0 -3.2670068740844727 921.2722778320312 159.4053192138672 1056.262939453125 334.25567626953125 1.1713692 1.7124788 0.7335623 3.8891866 1.5811207 7.6081295 -2.7944488525390625 0.19208772480487823
Cyclist 0.0 0 -1.9472085237503052 834.6546020507812 161.19639587402344 873.3690795898438 220.85829162597656 1.8461202 1.7627338 0.48071298 7.454817 1.4186637 22.249884 -1.6239140033721924 0.29808953404426575
Cyclist 0.0 0 -2.258754014968872 899.7642822265625 142.94406127929688 1052.0299072265625 331.15570068359375 1.4832426 1.7839783 0.6273121 3.746965 1.5008326 7.6302037 -1.8022758960723877 0.27591726183891296
Cyclist 0.0 0 -3.6406447887420654 1031.2158203125 160.27902221679688 1063.0048828125 201.77456665039062 0.96865255 1.7916679 0.7040199 19.050554 1.2490711 31.524565 -3.0970635414123535 0.15454928576946259
Car 0.0 0 1.9148198366165161 300.08038330078125 177.3769073486328 389.62353515625 231.39102172851562 4.067253 1.7299002 1.689341 -9.284044 1.9028033 25.485224 1.565470576286316 0.7417541146278381
Car 0.0 0 -1.8303306102752686 574.7001342773438 174.82333374023438 613.8749389648438 199.23350524902344 3.9019787 1.5045975 1.5906276 -1.0975121 1.6387029 46.905094 -1.8537249565124512 0.4855888783931732
Car 0.0 0 -1.4965192079544067 546.3757934570312 179.6195831298828 572.7333374023438 201.72402954101562 4.043792 1.5279521 1.6427449 -3.7058535 2.0455916 53.138706 -1.5661457777023315 0.48398008942604065
Car 0.0 0 1.408095121383667 437.2411804199219 174.92684936523438 470.6416931152344 201.60302734375 4.005559 1.771509 1.6476011 -10.969792 1.9229286 50.41499 1.1938447952270508 0.40994754433631897
Car 0.0 0 -1.1107540130615234 377.96490478515625 179.2873077392578 421.3016662597656 201.18174743652344 3.9033415 1.6152244 1.7038956 -16.450254 2.1379712 56.515633 -1.3940021991729736 0.24939285218715668
