Pedestrian 0.0 0 0.3888646960258484 1045.8668212890625 118.96882629394531 1131.8814697265625 264.85894775390625 0.7193297 1.751609 0.6427578 6.005872 1.1050022 9.138635 0.9702818393707275 0.20769844949245453
Pedestrian 0.0 0 -1.7020455598831177 733.9647827148438 165.72964477539062 760.6820678710938 228.78028869628906 0.9020544 1.8031223 0.65257335 3.960633 1.5997381 21.09986 -1.516495704650879 0.2037162482738495
Pedestrian 0.0 0 1.0785133838653564 924.5772094726562 118.87598419189453 991.3604125976562 217.85198974609375 1.3601896 1.7822598 0.5592398 6.5176024 0.81063616 13.682639 1.5230553150177002 0.1476040631532669
Cyclist 0.0 0 1.0785133838653564 924.5772094726562 118.87598419189453 991.3604125976562 217.85198974609375 1.3601896 1.7822598 0.5592398 6.5176024 0.81063616 13.682639 1.5230553150177002 0.1723722666501999
Cyclist 0.0 0 -1.655199408531189 735.76123046875 159.16807556152344 762.1268310546875 222.9459991455078 0.9711075 1.8220716 0.675825 4.012802 1.4314365 21.128674 -1.467512607574463 0.11589705944061279
Car 0.0 0 -3.0666441917419434 867.9786376953125 176.61451721191406 954.5751953125 210.8417510986328 3.672092 1.5300428 1.6375259 14.217711 1.7165617 34.15549 -2.6721959114074707 0.6486207842826843
Car 0.0 0 1.973393440246582 277.3577575683594 182.8001708984375 329.6064147949219 207.94732666015625 4.3562617 1.5804018 1.7121756 -20.872782 2.289694 49.24685 1.5725057125091553 0.5110918283462524
Car 0.0 0 -1.2418735027313232 332.3592834472656 176.73715209960938 379.2786560058594 202.58697509765625 3.7474842 1.491647 1.5782346 -15.500821 1.7393671 44.07921 -1.5800249576568604 0.41824284195899963
Car 0.0 0 0.3395637571811676 735.4556884765625 172.57565307617188 883.3671264648438 229.69522094726562 3.797938 1.5098062 1.5933813 5.6598516 1.5028068 20.80475 0.6051816940307617 0.21687956154346466
Car 0.0 0 -1.3418384790420532 436.4113464355469 181.55442810058594 490.6874084472656 218.03294372558594 3.465663 1.4537045 1.5650166 -6.338788 1.8532056 31.343555 -1.541382908821106 0.1998874843120575
Car 0.0 0 -1.8093189001083374 706.0308837890625 185.24618530273438 762.3513793945312 223.13731384277344 3.558051 1.4756895 1.5865115 5.250122 2.042135 31.126719 -1.642222285270691 0.1982007622718811
Car 0.0 0 -1.6167187690734863 859.8009033203125 172.96900939941406 906.2229614257812 211.26531982421875 3.7149158 1.4585181 1.5928493 11.05712 1.4638991 29.50153 -1.2581250667572021 0.19561676681041718
Car 0.0 0 1.0665643215179443 701.5838623046875 175.85450744628906 750.118408203125 200.99362182617188 4.1281867 1.7078573 1.641592 8.227916 1.9327271 51.765965 1.2241902351379395 0.1938166469335556
