Car 0.0 0 -1.906018853187561 758.7197265625 183.92784118652344 1065.794921875 375.0 3.751241 1.5113851 1.6601654 2.699948 1.6562654 7.530882 -1.561776876449585 0.9162394404411316
Car 0.0 0 0.5067886114120483 18.51081085205078 159.9937744140625 356.2428894042969 272.9230041503906 4.2098765 1.6069173 1.7067488 -6.376364 1.4242814 11.144758 -0.012893784791231155 0.9161239266395569
Car 0.0 0 -1.6625306606292725 677.5243530273438 181.0463104248047 758.6809692382812 252.99813842773438 3.9416914 1.5948672 1.6646932 2.6041331 1.8276243 18.45696 -1.5223636627197266 0.8922966122627258
Car 0.0 0 -1.6508961915969849 659.412353515625 180.6963348388672 719.7260131835938 231.72613525390625 4.275221 1.5460713 1.6891918 2.5868483 1.8381395 24.678667 -1.5464563369750977 0.8121162056922913
Car 0.0 0 -2.6681885719299316 231.8773651123047 185.1584014892578 423.3363952636719 254.37330627441406 3.6928174 1.4294107 1.587716 -6.320621 1.7231443 16.223412 -3.039696455001831 0.809914231300354
Car 0.0 0 3.429962158203125 277.94677734375 176.9394989013672 452.3302001953125 239.52345275878906 4.000498 1.5451798 1.6768671 -6.332995 1.6573822 18.840288 3.105686664581299 0.7501447796821594
Car 0.0 0 -1.7280542850494385 641.2925415039062 177.84349060058594 688.2024536132812 212.057373046875 3.7706425 1.486527 1.6125042 2.4714246 1.7345155 33.86099 -1.6551960706710815 0.7429309487342834
Car 0.0 0 -2.8662185668945312 357.6727294921875 172.02310180664062 477.305419921875 213.8335723876953 4.1832438 1.5717298 1.6959555 -7.446802 1.5408533 28.001324 -3.1261467933654785 0.7283775210380554
Car 0.0 0 3.3173885345458984 430.06915283203125 169.33177185058594 511.4598388671875 201.1910858154297 3.9016273 1.6095217 1.6713341 -7.189181 1.4319384 37.31306 3.127048969268799 0.568543553352356
Car 0.0 0 -2.223311424255371 0.0 208.9844207763672 166.06484985351562 375.0 3.9996758 1.4898853 1.6361207 -6.3513956 1.8581429 6.2792516 -3.0144214630126953 0.4993836283683777
Car 0.0 0 -0.11698317527770996 732.7293701171875 161.40451049804688 823.0206298828125 196.62152099609375 4.571055 1.8473963 1.7681074 8.962045 1.247143 38.974834 0.10903239250183105 0.4837667942047119
Car 0.0 0 1.7277671098709106 504.0362854003906 177.7132568359375 541.1109619140625 205.07432556152344 3.9596875 1.5532783 1.6303097 -5.276076 1.8613513 43.68058 1.607561707496643 0.4775153696537018
Car 0.0 0 -2.4770731925964355 170.05332946777344 196.5345001220703 402.25 283.4150695800781 3.9329088 1.4459748 1.6244854 -6.264666 1.9457631 13.9539995 -2.899054765701294 0.47096139192581177
