Pedestrian 0.0 0 -2.9022629261016846 666.9107666015625 169.62176513671875 687.1488037109375 205.16542053222656 0.9478847 1.8473958 0.58642435 3.489019 1.6797574 37.930824 -2.810537338256836 0.48319125175476074
Pedestrian 0.0 0 -0.05353899300098419 720.5924682617188 171.68397521972656 737.133056640625 204.11660766601562 0.87667906 1.7884634 0.5848091 6.571069 1.7243018 40.12396 0.10878920555114746 0.2625637352466583
Cyclist 0.0 0 1.1846706867218018 719.1810913085938 169.77268981933594 738.9320678710938 203.57264709472656 1.5166737 1.8409609 0.5502598 6.5720177 1.6734909 40.097267 1.34712815284729 0.27711883187294006
Cyclist 0.0 0 -2.944272041320801 666.4597778320312 168.35533142089844 688.4863891601562 203.4812469482422 1.066944 1.8258524 0.54438484 3.5108752 1.5923686 37.916164 -2.8519396781921387 0.11462753266096115
Car 0.0 0 2.106318473815918 57.0800666809082 188.2849884033203 324.7353515625 326.38726806640625 3.50384 1.4941686 1.5939502 -5.5286756 1.7458642 9.9749565 1.600213885307312 0.901287853717804
Car 0.0 0 -1.8702677488327026 749.6841430664062 179.5527801513672 937.6492309570312 305.78955078125 3.6594758 1.549077 1.6159934 3.23542 1.6675792 10.884628 -1.5813387632369995 0.8972730040550232
Car 0.0 0 1.9583415985107422 240.3241424560547 183.3038787841797 407.2186584472656 278.97088623046875 4.086521 1.5995471 1.6822977 -5.598278 1.8408222 14.571689 1.5915395021438599 0.8811615705490112
Car 0.0 0 -2.1595640182495117 816.1558837890625 181.8661651611328 1242.0 375.0 4.257561 1.5353287 1.6406952 3.1156542 1.6327723 5.5828223 -1.6505393981933594 0.8682223558425903
Car 0.0 0 0.8265312314033508 468.67242431640625 176.63905334472656 532.3318481445312 203.84719848632812 3.9322886 1.5691545 1.5890974 -6.733352 1.8098967 43.97279 0.6745860576629639 0.6467101573944092
Car 0.0 0 1.753269910812378 260.0054931640625 177.30958557128906 316.0379333496094 214.11068725585938 3.86776 1.498738 1.5891627 -14.218033 1.7091578 31.948566 1.3345577716827393 0.5439122319221497
Car 0.0 0 -0.29242396354675293 680.2135009765625 171.63575744628906 733.3602905273438 190.5922393798828 4.120567 1.5630422 1.667853 8.093831 1.4629513 60.642136 -0.15973937511444092 0.33980730175971985
