Car 0.0 0 1.9363240003585815 165.45462036132812 196.46044921875 428.7010192871094 360.4926452636719 4.034736 1.5114886 1.6809285 -3.700928 1.88128 9.2595825 1.5560880899429321 0.9196289777755737
Car 0.0 0 -1.9062711000442505 741.6431274414062 182.40602111816406 1023.7574462890625 363.07421875 3.8415668 1.4744444 1.6175826 2.6082754 1.6067709 8.028259 -1.5921416282653809 0.9147376418113708
Car 0.0 0 -1.7315709590911865 694.8926391601562 180.34814453125 822.2994384765625 275.3919372558594 4.29277 1.5095998 1.6819826 2.6342363 1.6775581 13.9665985 -1.5451511144638062 0.9089211821556091
Car 0.0 0 1.8554399013519287 349.2352294921875 194.03262329101562 488.63275146484375 288.11468505859375 4.0441604 1.5533901 1.6844991 -3.8003225 2.050866 14.883581 1.6054449081420898 0.8981806039810181
Car 0.0 0 -1.6672346591949463 666.4263305664062 176.55767822265625 722.675048828125 223.05909729003906 3.703377 1.5080391 1.6118277 2.8783123 1.6491688 25.557753 -1.5550873279571533 0.8471053242683411
Car 0.0 0 1.7041760683059692 465.0715637207031 182.13864135742188 525.9180297851562 232.7183837890625 3.781888 1.5862873 1.6108311 -3.9691844 1.9359689 25.235603 1.5481690168380737 0.8281492590904236
Car 0.0 0 1.7490171194076538 424.95965576171875 187.42327880859375 503.77264404296875 248.1931915283203 3.6292622 1.4836483 1.5510764 -4.04917 1.9312572 20.3185 1.552309274673462 0.7854087352752686
Car 0.0 0 -2.37109375 924.2656860351562 204.2644805908203 1242.0 375.0 4.233114 1.5294434 1.6617006 3.031169 1.7537106 3.0142722 -1.5829005241394043 0.6732866764068604
Car 0.0 0 -1.7523081302642822 672.2487182617188 177.19329833984375 760.7547607421875 239.7521209716797 4.2413692 1.5342076 1.6715415 2.7988305 1.6687014 20.146372 -1.6142668724060059 0.6282389163970947
Car 0.0 0 -1.4729126691818237 639.4904174804688 176.31419372558594 670.47265625 200.57684326171875 4.18762 1.5046554 1.6387463 2.9764087 1.743684 47.568283 -1.4104228019714355 0.5018540620803833
