Pedestrian 0.0 0 -3.3281989097595215 754.5695190429688 188.70751953125 792.9592895507812 238.9944305419922 1.3066175 1.8794787 0.8076404 6.224165 2.4970007 27.659836 -3.106860399246216 0.25869232416152954
Pedestrian 0.0 0 -0.3911980390548706 456.9560852050781 172.22483825683594 471.0127868652344 198.1859130859375 0.82907456 1.7670323 0.47058722 -10.054046 1.7245649 49.53493 -0.591446578502655 0.15909960865974426
Pedestrian 0.0 0 0.8846673965454102 1079.2601318359375 141.17506408691406 1180.2169189453125 264.3977966308594 1.2848307 1.8524787 0.63187385 8.194358 1.3765887 11.506758 1.503490924835205 0.15543131530284882
Cyclist 0.0 0 -1.843312382698059 832.17333984375 162.89576721191406 897.5726318359375 272.6488952636719 1.8436795 1.9123363 0.6725528 4.678929 1.7391822 13.509908 -1.5099079608917236 0.41490742564201355
Cyclist 0.0 0 -2.176467180252075 638.6500244140625 182.24908447265625 672.1265869140625 222.23072814941406 1.5471511 1.5535803 0.57192665 1.784639 1.9450502 29.224672 -2.1154768466949463 0.27353501319885254
Cyclist 0.0 0 -3.3457746505737305 749.7877197265625 190.80686950683594 795.0164184570312 242.07211303710938 1.5639969 1.9198731 0.80134577 6.1839848 2.620285 27.720276 -3.1262834072113037 0.24014690518379211
Cyclist 0.0 0 -2.2374024391174316 904.4760131835938 164.91221618652344 1019.2442016601562 299.4772033691406 1.8473401 1.982114 0.6446595 5.5379467 1.8654909 11.597225 -1.791897177696228 0.22064544260501862
Cyclist 0.0 0 0.8846673965454102 1079.2601318359375 141.17506408691406 1180.2169189453125 264.3977966308594 1.2848307 1.8524787 0.63187385 8.194358 1.3765887 11.506758 1.503490924835205 0.11327394843101501
Car 0.0 0 1.9761475324630737 243.99713134765625 182.31256103515625 374.5233154296875 247.52438354492188 4.307695 1.536652 1.7294813 -8.106657 1.8249755 19.796453 1.5874780416488647 0.8590753674507141
Car 0.0 0 1.4977426528930664 506.308349609375 176.01043701171875 527.4126586914062 193.8279266357422 4.0282397 1.5387396 1.5966946 -8.463134 1.8336622 65.199356 1.3686604499816895 0.2487625926733017
Car 0.0 0 1.4159082174301147 614.341064453125 177.61058044433594 643.7843627929688 200.54722595214844 3.777892 1.5743017 1.5636011 1.3181444 1.9325631 52.3144 1.4410995244979858 0.2381150871515274
Car 0.0 0 -2.108579397201538 873.74951171875 217.5178985595703 1242.0 375.0 3.9670508 1.4951804 1.6428703 2.6930478 1.8525511 3.7158172 -1.4814335107803345 0.2373361438512802
Car 0.0 0 -1.7659229040145874 250.30516052246094 165.88558959960938 284.7740173339844 188.1437530517578 4.1213408 1.6687111 1.6553364 -26.74708 1.1466413 56.239166 -2.2098567485809326 0.22104725241661072
Car 0.0 0 -1.2211339473724365 648.378173828125 180.19168090820312 715.0036010742188 218.2869415283203 3.8301582 1.4599497 1.5876173 3.0548315 1.7917202 30.516317 -1.121361494064331 0.19419199228286743
Car 0.0 0 -1.9072378873825073 740.0195922851562 193.94859313964844 811.6585083007812 237.56454467773438 3.694916 1.5342523 1.6840479 6.5787 2.444216 29.178518 -1.6854820251464844 0.1886095404624939
