Pedestrian 0.0 0 1.029694676399231 1047.53564453125 180.75633239746094 1090.8721923828125 240.9939727783203 1.1255543 1.7817861 0.62565255 13.977386 2.0300136 22.0594 1.5944721698760986 0.22560420632362366
Pedestrian 0.0 0 -1.7622874975204468 239.72157287597656 142.80856323242188 282.17059326171875 233.27099609375 0.77168715 1.8747993 0.6828413 -7.5358996 1.252477 15.464436 -2.2157278060913086 0.2246864140033722
Pedestrian 0.0 0 -0.2242516279220581 325.0907897949219 188.43621826171875 346.2471008300781 223.5241241455078 0.9470026 1.841956 0.6376464 -14.816348 2.6932445 38.87173 -0.5884118676185608 0.13164763152599335
Cyclist 0.0 0 0.30306777358055115 340.32794189453125 183.49969482421875 402.1465148925781 233.29710388183594 1.7814586 1.6213893 0.88714844 -8.016347 1.9848113 24.145678 -0.017481612041592598 0.33105432987213135
Cyclist 0.0 0 -0.06977689266204834 896.9468383789062 191.54344177246094 944.3422241210938 239.1591033935547 1.7602948 1.9037522 0.73589337 12.847069 2.6972878 29.982353 0.33504414558410645 0.28181979060173035
Cyclist 0.0 0 -1.8384006023406982 43.064796447753906 180.7775421142578 88.88423919677734 250.2324981689453 1.4851305 1.6919509 0.557518 -13.932274 1.9018084 18.40133 -2.4864518642425537 0.17348481714725494
Cyclist 0.0 0 1.6603201627731323 1209.840087890625 172.53955078125 1242.0 256.75634765625 1.6261607 1.9869629 0.64881796 15.2985735 1.9799023 17.820385 2.369720935821533 0.14972077310085297
Cyclist 0.0 0 -1.830643653869629 1047.4864501953125 185.7854461669922 1080.4525146484375 245.7601776123047 1.3084015 1.7723087 0.5427077 13.987882 2.1855285 22.3286 -1.2709981203079224 0.13860225677490234
Cyclist 0.0 0 2.047950029373169 0.0 185.29806518554688 36.18467330932617 235.886474609375 1.8988862 1.8389115 0.5727772 -22.93781 2.3341072 27.700508 1.3563292026519775 0.1265781968832016
Car 0.0 0 -1.733538031578064 339.131591796875 181.5428924560547 401.9617004394531 228.55419921875 3.562726 1.478938 1.5246552 -8.50816 1.8077464 25.34114 -2.057457447052002 0.31775417923927307
Car 0.0 0 -1.6774773597717285 790.9482421875 179.9308624267578 827.3067016601562 208.62380981445312 3.81185 1.5621514 1.6486439 11.586207 1.9970338 42.286903 -1.4100499153137207 0.1750650554895401
Car 0.0 0 2.1428751945495605 77.86781311035156 173.95697021484375 183.8361358642578 216.4048309326172 4.5801854 1.79169 1.8282919 -21.702297 1.845819 32.87272 1.55936861038208 0.16366887092590332
Car 0.0 0 -0.538076639175415 878.7156372070312 194.50894165039062 977.2034301757812 232.65773010253906 3.5145576 1.5180777 1.6496899 13.547452 2.4778185 30.925861 -0.12519440054893494 0.14117291569709778
Car 0.0 0 1.5775275230407715 1162.981689453125 163.31988525390625 1202.8890380859375 193.42559814453125 3.9527974 1.5374156 1.6175007 30.848228 1.0508931 38.891155 2.2481045722961426 0.13762372732162476
Car 0.0 0 1.3817522525787354 1031.0548095703125 199.47938537597656 1115.50341796875 253.9272003173828 3.692877 1.4639026 1.6196257 14.851348 2.4015367 23.382212 1.9476213455200195 0.13727986812591553
Car 0.0 0 -1.279626488685608 814.9505615234375 189.9133758544922 868.9112548828125 224.0772705078125 3.7698567 1.5833884 1.6572164 12.052322 2.5177994 37.480953 -0.9685103893280029 0.13249844312667847
Car 0.0 0 -3.136274814605713 1110.634765625 176.87286376953125 1219.80126953125 211.06031799316406 4.135976 1.5534691 1.6485094 26.920208 1.760318 35.15241 -2.482729196548462 0.13140280544757843
Car 0.0 0 1.4532989263534546 654.5833740234375 171.1487274169922 698.99853515625 206.3852996826172 4.1842084 1.5885209 1.6300106 3.1043987 1.5120025 34.639515 1.542680263519287 0.13095711171627045
