Pedestrian 0.0 0 1.3064731359481812 678.8148803710938 160.6215057373047 708.3609619140625 215.16587829589844 1.7926956 1.8504177 0.580549 2.8818636 1.4357888 25.405283 1.4194259643554688 0.10680990666151047
Cyclist 0.0 0 1.3064731359481812 678.8148803710938 160.6215057373047 708.3609619140625 215.16587829589844 1.7926956 1.8504177 0.580549 2.8818636 1.4357888 25.405283 1.4194259643554688 0.7260010242462158
Cyclist 0.0 0 -1.8979684114456177 729.5595092773438 179.6334686279297 751.8717041015625 221.0372314453125 1.4790906 1.6180271 0.4334568 5.239083 1.9000199 29.208036 -1.7204844951629639 0.18416137993335724
Cyclist 0.0 0 -2.114176034927368 704.3756103515625 180.9093017578125 730.1098022460938 217.2179412841797 1.6215041 1.6455338 0.41460454 4.9869003 2.0335479 33.89299 -1.9680875539779663 0.16387899219989777
Car 0.0 0 -1.4291859865188599 581.5816650390625 173.8600311279297 614.6876831054688 197.99874877929688 4.107807 1.5387346 1.6545433 -0.7804765 1.6094413 48.31177 -1.445339560508728 0.3356013894081116
Car 0.0 0 1.845927119255066 375.3269348144531 183.47267150878906 412.3243713378906 206.6070098876953 3.839757 1.577767 1.6178776 -15.83149 2.3852983 52.912395 1.5552027225494385 0.3053690195083618
Car 0.0 0 1.4863795042037964 669.487060546875 165.12484741210938 698.3270874023438 189.1631317138672 4.2884135 1.644303 1.6844286 5.205007 1.1159598 51.510643 1.5870848894119263 0.29264357686042786
Car 0.0 0 -0.9116709232330322 0.0 166.97573852539062 133.11997985839844 227.63319396972656 4.216418 1.8997787 1.7516016 -18.667286 1.7160308 24.714426 -1.558567762374878 0.2462948113679886
Car 0.0 0 1.804931640625 392.4915466308594 178.68373107910156 460.0472412109375 222.1339569091797 4.033984 1.5113032 1.614822 -6.9934936 1.7515953 27.665861 1.557334303855896 0.22363774478435516
Car 0.0 0 1.3766758441925049 266.6703796386719 187.46395874023438 320.714599609375 223.40045166015625 4.001324 1.5579889 1.6598692 -15.4768 2.3122544 35.114616 0.9615399837493896 0.20957837998867035
Car 0.0 0 1.805678129196167 434.38934326171875 176.4427490234375 485.1073303222656 209.5448455810547 3.814236 1.4908997 1.5526437 -7.2286305 1.6741705 34.8431 1.6011176109313965 0.20819628238677979
Car 0.0 0 -2.977996349334717 1108.9765625 148.6943817138672 1204.0867919921875 178.4141845703125 4.4434037 1.7365675 1.7010809 33.497707 0.3252473 44.353645 -2.3311493396759033 0.1609521061182022
