Pedestrian 0.0 0 3.337859630584717 87.5531997680664 131.57086181640625 134.17872619628906 228.7930908203125 0.66763896 1.9068542 0.61896384 -10.115657 1.097511 14.566059 2.730856418609619 0.42870256304740906
Cyclist 0.0 0 -3.578091621398926 1099.552001953125 158.93682861328125 1242.0 296.65582275390625 1.7210954 1.69157 0.67154443 7.432107 1.5209864 9.385337 -2.908318519592285 0.4051309823989868
Car 0.0 0 -1.6928149461746216 646.69287109375 175.06756591796875 704.4954223632812 221.44729614257812 4.2601 1.6329341 1.6887239 2.3974965 1.7251055 27.766148 -1.606682538986206 0.9363470673561096
Car 0.0 0 -1.8431237936019897 738.2933349609375 183.770751953125 970.9667358398438 339.444580078125 4.07291 1.4743296 1.6324484 2.72446 1.644448 9.167816 -1.5542593002319336 0.92965167760849
Car 0.0 0 1.715808391571045 493.8982238769531 181.254638671875 558.0984497070312 230.40447998046875 3.7968912 1.4666116 1.595681 -2.7686212 1.7700458 24.106686 1.6014606952667236 0.8845799565315247
Car 0.0 0 3.4987235069274902 194.34312438964844 171.72181701660156 409.83343505859375 246.8836669921875 3.8499825 1.4920076 1.6454165 -6.4130235 1.4698908 15.222253 3.0999972820281982 0.8132334351539612
Car 0.0 0 3.2195699214935303 396.8175354003906 176.95216369628906 500.40325927734375 215.01010131835938 4.195119 1.5517132 1.7251505 -6.851029 1.7336137 30.811832 3.0007786750793457 0.75746089220047
Car 0.0 0 0.6093997359275818 0.0 185.25172424316406 324.3857421875 315.30810546875 3.984362 1.450684 1.6162567 -5.9587197 1.6218625 9.07458 0.028371810913085938 0.7554101943969727
Car 0.0 0 0.7666497826576233 0.0 192.88075256347656 239.41912841796875 375.0 4.1370635 1.4589362 1.65353 -5.816494 1.6607726 6.374041 0.026955842971801758 0.6382757425308228
Car 0.0 0 0.5615167617797852 89.34414672851562 175.0455322265625 354.6200866699219 261.4142761230469 3.948435 1.4306275 1.5987078 -6.889652 1.4731387 12.936186 0.07214021682739258 0.5217965841293335
Car 0.0 0 -2.91806697845459 429.68231201171875 179.22308349609375 512.706298828125 210.7374725341797 3.774562 1.5080098 1.6258649 -6.8735704 1.831726 35.75378 -3.107997179031372 0.4463672339916229
Car 0.0 0 -1.8397165536880493 726.1272583007812 178.3921661376953 766.2807006835938 203.2969207763672 3.8584933 1.5414847 1.6249886 8.890854 1.9219812 47.532925 -1.6548069715499878 0.42646563053131104
