Pedestrian 0.0 0 -2.124410390853882 1173.689453125 143.50018310546875 1242.0 240.78732299804688 1.5810506 1.6733469 0.4416689 11.022956 1.1688164 13.221515 -1.4294477701187134 0.10684222728013992
Cyclist 0.0 0 -2.144402503967285 1175.298828125 145.74655151367188 1242.0 241.60147094726562 1.4620503 1.6567436 0.42825574 11.020962 1.1885798 13.219784 -1.4494643211364746 0.32438015937805176
Cyclist 0.0 0 0.20770010352134705 327.7140197753906 169.6894989013672 387.9259338378906 224.7992401123047 1.7608533 1.7742069 0.6983487 -8.3056555 1.6726865 23.686474 -0.1295534074306488 0.23948875069618225
Cyclist 0.0 0 -1.6696155071258545 993.3441772460938 155.9171905517578 1026.3671875 237.5020751953125 1.4717146 1.6576132 0.46922633 8.482182 1.313855 15.426055 -1.1668791770935059 0.19607803225517273
Cyclist 0.0 0 -2.3336753845214844 942.4351196289062 118.10987854003906 1054.3883056640625 237.0644989013672 1.6780816 1.805078 0.62530565 6.2657623 0.9747207 11.838728 -1.8468949794769287 0.17536728084087372
Car 0.0 0 1.7420134544372559 367.38580322265625 185.46044921875 479.0791320800781 269.4633483886719 4.02879 1.5097644 1.6632013 -3.9437914 1.819939 15.658396 1.4952808618545532 0.9417428970336914
Car 0.0 0 1.765346884727478 434.1617736816406 174.51101684570312 519.1122436523438 238.1575164794922 4.209736 1.7084601 1.7082369 -3.9151614 1.7632765 21.593306 1.585981845855713 0.8380634784698486
Car 0.0 0 1.7130005359649658 521.5778198242188 177.5747528076172 561.0601196289062 206.9074249267578 3.8298445 1.4901274 1.6116112 -3.7191763 1.7599454 39.231274 1.6184817552566528 0.652776300907135
Car 0.0 0 -0.168533056974411 642.9147338867188 173.81922912597656 711.779052734375 201.41554260253906 3.721367 1.5493436 1.6491772 3.810603 1.6065658 41.539562 -0.07705479115247726 0.5181353092193604
Car 0.0 0 -2.8389594554901123 373.5696716308594 172.73916625976562 456.8268127441406 205.44725036621094 3.4958775 1.5128536 1.6058253 -9.241798 1.5079001 34.241165 -3.102581024169922 0.4467604458332062
Car 0.0 0 -1.777512788772583 391.8751525878906 161.35626220703125 432.647705078125 189.04925537109375 4.257536 1.7273893 1.7333225 -13.034839 1.0105598 47.293518 -2.0464513301849365 0.24306435883045197
Car 0.0 0 -1.1536108255386353 649.0794677734375 161.90928649902344 690.0789794921875 183.6324005126953 3.9895723 1.5962418 1.6499733 4.567526 0.79236823 55.16292 -1.0709986686706543 0.18711063265800476
