Pedestrian 0.0 0 -3.232536792755127 738.904296875 154.82763671875 777.8712768554688 237.45553588867188 0.81619424 1.8469466 0.6256652 3.330519 1.4443686 16.48065 -3.0331356525421143 0.44133704900741577
Pedestrian 0.0 0 -2.2243196964263916 658.9397583007812 173.9783477783203 681.7365112304688 214.53640747070312 0.73344624 1.7828966 0.71676886 2.65478 1.8342893 32.24556 -2.1421749591827393 0.4263531267642975
Pedestrian 0.0 0 1.2507452964782715 718.77099609375 173.353759765625 752.4647827148438 240.3131103515625 0.86555976 1.7971892 0.6730081 3.399563 1.8116283 19.848783 1.4203726053237915 0.2727011442184448
Pedestrian 0.0 0 -2.460066080093384 352.3691101074219 167.44960021972656 370.60150146484375 203.62820434570312 0.5880927 1.901475 0.7307323 -13.247668 1.6177888 38.363716 -2.7925634384155273 0.24998998641967773
Pedestrian 0.0 0 3.7789077758789062 0.0 208.2669677734375 86.11613464355469 366.96533203125 0.8421423 1.6910943 0.59161425 -6.6027164 2.1065266 8.140273 3.0974247455596924 0.209535151720047
Pedestrian 0.0 0 0.12139786779880524 483.39630126953125 177.3302459716797 494.1714172363281 202.96194458007812 0.67562425 1.7741896 0.59207404 -8.487699 2.0889204 50.36086 -0.04557062312960625 0.2045842409133911
Cyclist 0.0 0 0.3639102578163147 237.64222717285156 172.93447875976562 333.2108459472656 248.7810821533203 1.6960217 1.5886997 0.8375539 -7.029201 1.5908483 15.580531 -0.05990196764469147 0.23582077026367188
Cyclist 0.0 0 0.14973685145378113 144.54273986816406 161.90061950683594 247.9396514892578 246.97877502441406 1.7979281 1.7123829 0.7544197 -8.718344 1.4922801 15.197309 -0.3711024820804596 0.21920768916606903
Cyclist 0.0 0 -0.5925043821334839 205.7002410888672 162.095947265625 287.626220703125 238.56532287597656 1.7395592 1.7660937 0.60872805 -8.862904 1.5179898 17.568989 -1.059715986251831 0.21191495656967163
Cyclist 0.0 0 -0.0454632043838501 270.9680480957031 162.4649200439453 350.1109313964844 233.16290283203125 1.7367905 1.6434945 0.917227 -7.3390555 1.4023409 17.55627 -0.44141578674316406 0.2013501077890396
Cyclist 0.0 0 1.367234468460083 661.1390991210938 170.72769165039062 680.1185913085938 211.3804931640625 1.0056427 1.7845862 0.6527669 2.6605325 1.6916032 32.21007 1.4496468305587769 0.13955089449882507
Car 0.0 0 1.7282525300979614 406.2986755371094 182.10482788085938 502.1171875 256.60528564453125 4.130314 1.5880858 1.6951933 -3.7974417 1.846324 18.005938 1.5203990936279297 0.9249303936958313
Car 0.0 0 -1.2857955694198608 271.50738525390625 188.50225830078125 446.05072021484375 310.2187805175781 3.4951801 1.538281 1.6426667 -3.790772 1.823393 11.350163 -1.6081315279006958 0.9233028292655945
Car 0.0 0 -1.4870355129241943 490.5205383300781 186.19651794433594 530.4797973632812 221.39117431640625 3.6637807 1.5060769 1.5744087 -4.6986785 2.1728258 34.163414 -1.6237133741378784 0.7171791791915894
Car 0.0 0 -0.10993406176567078 641.3265380859375 158.30357360839844 720.4803466796875 188.02227783203125 4.299979 1.6482028 1.7175356 3.9393115 0.8415925 40.902435 -0.013920236378908157 0.46278905868530273
Car 0.0 0 -2.2494139671325684 931.3663940429688 144.9635772705078 1242.0 375.0 3.998137 1.4863524 1.5978308 4.404491 1.3317468 6.0418153 -1.6194881200790405 0.25314778089523315
Car 0.0 0 -1.3468267917633057 527.8792724609375 175.8877410888672 556.6124267578125 194.78494262695312 3.7925127 1.4994469 1.5722148 -5.609943 1.7598718 59.868526 -1.4402583837509155 0.18916985392570496
