Pedestrian 0.0 0 -1.2492661476135254 987.4790649414062 124.47528076171875 1035.71728515625 220.3953857421875 0.7035009 1.8907876 0.67253375 8.135467 0.9374988 14.705914 -0.7439613938331604 0.4074762761592865
Cyclist 0.0 0 -3.6933794021606445 1112.5555419921875 178.3535919189453 1242.0 312.5599060058594 1.7223979 1.6181569 0.67221504 7.4615407 1.6918943 9.179045 -3.010828971862793 0.36246052384376526
Cyclist 0.0 0 1.1973869800567627 986.9264526367188 125.89300537109375 1036.38623046875 218.00067138671875 0.85198873 1.8250343 0.613001 8.149204 0.8949003 14.756324 1.7019572257995605 0.10388689488172531
Car 0.0 0 1.4012068510055542 677.7530517578125 176.86915588378906 763.07666015625 237.67794799804688 4.1160946 1.4925709 1.640819 2.9022748 1.6161436 20.06073 1.544884443283081 0.9008712768554688
Car 0.0 0 1.1824952363967896 766.613525390625 198.0914306640625 1230.2513427734375 375.0 4.3691883 1.4499356 1.684676 2.6048672 1.7455071 6.2471833 1.5775419473648071 0.8721565008163452
Car 0.0 0 2.0494091510772705 9.020054817199707 168.60076904296875 417.5249328613281 375.0 3.9832177 1.6357214 1.6412073 -3.31436 1.6070759 6.934983 1.6035819053649902 0.8574362397193909
Car 0.0 0 1.816716194152832 397.003662109375 171.9064483642578 510.1842956542969 250.6855010986328 3.522294 1.5065043 1.565465 -3.2934651 1.488742 15.584701 1.608453631401062 0.8543246984481812
Car 0.0 0 1.75836980342865 471.5163879394531 173.51382446289062 546.7514038085938 226.4138946533203 3.9688523 1.5062093 1.61774 -3.1066709 1.5291008 22.614988 1.6218520402908325 0.713340163230896
Car 0.0 0 -1.5213381052017212 651.5637817382812 174.78514099121094 684.9692993164062 204.20265197753906 3.6076558 1.5471299 1.6756319 3.2412155 1.6598734 40.09086 -1.4406667947769165 0.6846024990081787
Car 0.0 0 2.3498482704162598 0.0 0.0 1242.0 375.0 3.8875701 1.5505085 1.5987382 -2.3707988 1.4356021 1.2585499 1.2670778036117554 0.3412895202636719
Car 0.0 0 -0.5591386556625366 924.9873657226562 157.6607666015625 1234.5018310546875 254.56724548339844 4.4067616 1.6197052 1.7515649 8.186365 1.3661214 12.943488 0.00481414794921875 0.29306483268737793
