Pedestrian 0.0 0 -0.6630396246910095 0.0 200.40652465820312 48.15909194946289 315.5224914550781 0.8032735 1.7007636 0.5554593 -9.488744 2.1508577 11.32405 -1.3604836463928223 0.21449294686317444
Pedestrian 0.0 0 -2.66996693611145 384.0221862792969 159.12142944335938 417.927734375 205.76788330078125 1.0905694 1.7818967 0.64208317 -8.143457 1.2576703 27.977507 -2.9532124996185303 0.1968681961297989
Cyclist 0.0 0 0.7927197217941284 1172.8846435546875 188.7195587158203 1242.0 261.7992248535156 1.8199303 1.8336573 0.5747552 16.168968 2.2819283 19.436626 1.4866005182266235 0.2407759726047516
Cyclist 0.0 0 -2.618652105331421 379.6214904785156 157.294189453125 419.1236267089844 203.95391845703125 1.3318888 1.7796087 0.6343986 -8.207726 1.1865133 27.981855 -2.9039721488952637 0.14106014370918274
Cyclist 0.0 0 -0.6630396246910095 0.0 200.40652465820312 48.15909194946289 315.5224914550781 0.8032735 1.7007636 0.5554593 -9.488744 2.1508577 11.32405 -1.3604836463928223 0.13287805020809174
Car 0.0 0 1.386549472808838 1140.503173828125 174.3621368408203 1200.9130859375 208.68055725097656 3.933707 1.5515745 1.6052595 27.012295 1.629353 34.92114 2.044935941696167 0.5350489616394043
Car 0.0 0 1.7549618482589722 431.0899658203125 180.37449645996094 476.3207702636719 211.7552490234375 4.204513 1.5775143 1.6728915 -8.507102 2.0108466 39.41283 1.542377233505249 0.26629701256752014
Car 0.0 0 1.4402432441711426 647.0800170898438 164.19728088378906 685.4933471679688 192.90260314941406 4.172714 1.5362074 1.6220309 3.0890093 1.0732884 40.739105 1.5159226655960083 0.19440957903862
Car 0.0 0 1.5388094186782837 870.6105346679688 176.88137817382812 902.8966674804688 205.91282653808594 4.1321507 1.6682942 1.7110304 16.914679 1.9284616 44.312 1.9034565687179565 0.18894541263580322
Car 0.0 0 1.2771530151367188 594.9013061523438 177.596435546875 630.5025634765625 199.70477294921875 4.08055 1.6090088 1.6275148 0.14003396 1.989444 55.636265 1.279670000076294 0.1659572571516037
Car 0.0 0 -1.320636510848999 751.1255493164062 177.08395385742188 788.6646728515625 201.8400115966797 3.9478433 1.615836 1.6109631 11.075238 1.9214555 49.943363 -1.1024119853973389 0.14389830827713013
Car 0.0 0 -1.1232117414474487 258.9794616699219 161.785888671875 368.35784912109375 226.3708953857422 4.849532 2.2020705 1.87015 -10.985675 1.8250536 27.076752 -1.5086424350738525 0.13697417080402374
