Pedestrian 0.0 0 -1.0007429122924805 255.30386352539062 186.26443481445312 299.19671630859375 244.55117797851562 1.347651 1.7427402 0.6215118 -10.454105 2.1765237 22.607431 -1.4338762760162354 0.2916615605354309
Pedestrian 0.0 0 -0.9618896245956421 227.31271362304688 179.83587646484375 264.10321044921875 231.2907257080078 1.3200437 1.8123584 0.5402034 -13.303065 2.0738287 26.290424 -1.4303290843963623 0.22813881933689117
Pedestrian 0.0 0 0.621850848197937 0.0 216.7748260498047 60.920135498046875 295.5667419433594 0.9813058 1.6605201 0.6373747 -12.915442 2.6523201 15.937658 -0.059182945638895035 0.17285622656345367
Pedestrian 0.0 0 -1.9539029598236084 745.7902221679688 191.7996063232422 768.3038940429688 236.62722778320312 0.99020875 1.650461 0.5071301 5.564556 2.3881853 27.546516 -1.7545794248580933 0.16066516935825348
Cyclist 0.0 0 -1.0007429122924805 255.30386352539062 186.26443481445312 299.19671630859375 244.55117797851562 1.347651 1.7427402 0.6215118 -10.454105 2.1765237 22.607431 -1.4338762760162354 0.31222018599510193
Cyclist 0.0 0 -1.201980471611023 7.935196876525879 212.50262451171875 64.35686492919922 293.6927185058594 1.5045384 1.6547232 0.4877853 -12.957815 2.5925016 16.265934 -1.8746588230133057 0.2919197082519531
Cyclist 0.0 0 -1.562623143196106 0.0 147.40008544921875 30.34921646118164 244.32859802246094 1.6423151 1.6864821 0.43741956 -11.047968 1.2439611 13.32609 -2.2548270225524902 0.25839176774024963
Cyclist 0.0 0 -0.9659276008605957 228.88075256347656 181.5845489501953 264.1623840332031 232.69613647460938 1.2608309 1.8022465 0.52774155 -13.292471 2.1291697 26.325686 -1.4335066080093384 0.2537335455417633
Cyclist 0.0 0 -1.3172380924224854 152.198974609375 183.75669860839844 186.58534240722656 244.449951171875 1.6742607 1.7324983 0.48365366 -13.326192 2.0751355 21.777948 -1.8663705587387085 0.17472641170024872
Cyclist 0.0 0 -1.3426017761230469 338.57891845703125 178.675048828125 354.4331970214844 211.4112091064453 1.512163 1.6695813 0.4527806 -13.8518715 1.981606 37.851307 -1.6934189796447754 0.15629632771015167
Car 0.0 0 -1.6436387300491333 468.2974548339844 176.93637084960938 503.2767333984375 207.4803466796875 3.8335197 1.5556934 1.5963074 -6.8506546 1.7903175 39.349304 -1.816009521484375 0.3779054284095764
Car 0.0 0 -0.9938458800315857 643.1873779296875 174.51844787597656 709.5826416015625 203.92916870117188 4.0304956 1.502033 1.6612542 3.6181235 1.5976137 39.180084 -0.9017610549926758 0.2430480271577835
