Pedestrian 0.0 0 -1.701949119567871 629.139892578125 177.43722534179688 647.8259887695312 220.1772003173828 0.9829194 1.708572 0.6376591 1.1157154 1.8994491 29.471758 -1.6641100645065308 0.3069264590740204
Pedestrian 0.0 0 2.6926684379577637 461.1316223144531 169.6088409423828 479.78875732421875 203.09202575683594 0.91545975 1.9356942 0.56893677 -8.197428 1.7484466 42.21172 2.5008580684661865 0.2323506623506546
Cyclist 0.0 0 -1.810767412185669 858.0379638671875 181.58798217773438 881.169189453125 233.17259216308594 1.5115665 1.5581144 0.33483934 8.153469 1.844052 22.820732 -1.4676188230514526 0.3833795487880707
Cyclist 0.0 0 1.2966233491897583 795.41845703125 161.0826416015625 839.1321411132812 235.42832946777344 1.8750631 1.8080809 0.58314383 5.2334146 1.5221605 18.483034 1.5725477933883667 0.22073686122894287
Cyclist 0.0 0 -1.634827733039856 629.5508422851562 177.4906005859375 647.130126953125 219.52713012695312 1.1427821 1.6790147 0.6445401 1.1110922 1.8728392 29.52436 -1.5972124338150024 0.19370196759700775
Car 0.0 0 1.8449898958206177 313.3244323730469 174.46730041503906 470.9732666015625 278.6034240722656 4.2758026 1.6423299 1.7061303 -3.9203622 1.6778655 13.586627 1.5640745162963867 0.8948816657066345
Car 0.0 0 1.6951792240142822 480.9524841308594 177.60504150390625 533.6389770507812 216.61053466796875 4.275501 1.5056863 1.687292 -4.3079896 1.7212176 30.524763 1.5549741983413696 0.8451018929481506
Car 0.0 0 1.4358125925064087 637.3987426757812 173.96420288085938 705.1860961914062 226.44082641601562 4.0453367 1.59232 1.6984042 1.9050373 1.6328614 24.04561 1.5148733854293823 0.7863338589668274
Car 0.0 0 -1.659853219985962 624.4798583984375 177.5601043701172 669.5514526367188 215.2209930419922 3.4672344 1.5016164 1.6183474 1.4950752 1.7155198 30.972776 -1.6116200685501099 0.6827561855316162
Car 0.0 0 1.7093229293823242 512.8563232421875 173.48756408691406 547.7576904296875 200.56658935546875 4.0827866 1.639556 1.6574951 -5.0469365 1.6819837 45.84531 1.5996782779693604 0.301758348941803
Car 0.0 0 -1.8058812618255615 483.4400634765625 176.39825439453125 530.0746459960938 207.38172912597656 3.657532 1.5292109 1.6198157 -5.528831 1.7263799 38.06519 -1.9501190185546875 0.26369544863700867
Car 0.0 0 -1.9642695188522339 906.7346801757812 187.49984741210938 1117.42236328125 307.9436340332031 3.6294649 1.4988812 1.55038 5.9780083 1.7670431 11.31212 -1.4781136512756348 0.20276165008544922
