Car 0.0 0 -1.6871118545532227 660.8497924804688 177.67086791992188 729.8453979492188 233.68544006347656 3.834915 1.5706309 1.6772587 2.5218577 1.7339104 22.480665 -1.5753998756408691 0.9308382272720337
Car 0.0 0 -1.818633794784546 709.3399047851562 185.36793518066406 871.9457397460938 301.3253173828125 3.8159325 1.5063115 1.6016111 2.6675594 1.7432666 11.712572 -1.5947016477584839 0.9291333556175232
Car 0.0 0 3.5326173305511475 182.29989624023438 169.8981475830078 410.3642883300781 248.15228271484375 4.0664725 1.5494245 1.6565822 -6.4984403 1.491257 15.1411 3.1272013187408447 0.8253307342529297
Car 0.0 0 -1.6687233448028564 639.355712890625 176.43698120117188 676.9623413085938 207.1764373779297 3.5738692 1.5184003 1.6185896 2.4455192 1.7158469 37.873837 -1.6042426824569702 0.7897148132324219
Car 0.0 0 -1.5974643230438232 656.0017700195312 179.32559204101562 702.6561279296875 222.69235229492188 4.2946143 1.5544308 1.7111622 2.6481109 1.8320794 28.714666 -1.5055029392242432 0.7397950291633606
Car 0.0 0 0.6573774814605713 0.0 174.21571350097656 324.4065246582031 296.53631591796875 4.2350917 1.5407758 1.6898369 -6.5086203 1.5621961 10.133266 0.08643269538879395 0.7205583453178406
Car 0.0 0 3.3542821407318115 305.5271301269531 183.2269744873047 458.5450744628906 240.35704040527344 3.805534 1.4844221 1.6016163 -6.2857714 1.7872622 20.067572 3.050732135772705 0.6606366038322449
Car 0.0 0 -2.766969680786133 337.2362976074219 178.27708435058594 479.9933166503906 229.67747497558594 4.0353017 1.542063 1.6657156 -6.3763547 1.7223343 22.89868 -3.0385494232177734 0.5598903298377991
Car 0.0 0 3.3166425228118896 395.5276794433594 175.37416076660156 493.8091125488281 212.64671325683594 4.0044155 1.593816 1.7050503 -7.2926297 1.7090278 31.930084 3.0921003818511963 0.4754280149936676
Car 0.0 0 -2.6363213062286377 256.7685852050781 191.9753875732422 442.60333251953125 257.0591735839844 4.0365167 1.4476172 1.6325839 -6.4218593 1.950546 17.834793 -2.981943130493164 0.41702672839164734
