Pedestrian 0.0 0 -2.9401540756225586 680.38330078125 173.20639038085938 709.4846801757812 219.40806579589844 1.0227863 1.7676691 0.6133761 3.2633986 1.7819535 28.060953 -2.8243772983551025 0.38892868161201477
Pedestrian 0.0 0 -2.489384651184082 1004.5455932617188 159.2049560546875 1029.978515625 209.69175720214844 0.58862513 1.8168975 0.56168413 14.825024 1.3260591 26.344944 -1.9768223762512207 0.333964467048645
Cyclist 0.0 0 -1.7566325664520264 732.1430053710938 162.44955444335938 754.260498046875 212.33018493652344 1.8306576 1.8336599 0.49291524 5.008741 1.4515405 27.438288 -1.5760749578475952 0.4517996907234192
Cyclist 0.0 0 -2.933610439300537 680.061279296875 173.63504028320312 709.4737548828125 220.54957580566406 1.0375473 1.7946657 0.5883568 3.2561836 1.8258787 28.057537 -2.8180735111236572 0.1451600193977356
Car 0.0 0 1.4916601181030273 456.2097473144531 177.49676513671875 503.0398254394531 218.3851776123047 3.516846 1.5055997 1.5605634 -5.3128185 1.7041451 28.897572 1.3098405599594116 0.9011281132698059
Car 0.0 0 1.9177217483520508 62.30023193359375 179.9095458984375 176.72219848632812 240.48609924316406 3.9645715 1.677398 1.7093334 -15.244953 1.9196551 22.604292 1.3243656158447266 0.7222159504890442
Car 0.0 0 0.9577721357345581 346.11163330078125 182.39804077148438 420.0353088378906 212.84640502929688 3.988664 1.424215 1.5784544 -11.621444 1.9348154 36.735233 0.6513774394989014 0.6972511410713196
Car 0.0 0 -1.173841953277588 0.0 184.83868408203125 107.1578598022461 238.47837829589844 3.86064 1.512522 1.6274077 -18.049297 1.9351535 23.34524 -1.8319932222366333 0.6852767467498779
Car 0.0 0 -0.4732538163661957 636.4588623046875 173.28294372558594 702.0906982421875 195.85916137695312 4.3440337 1.5473012 1.6853402 4.1733103 1.5790052 51.118412 -0.3917944133281708 0.46214213967323303
Car 0.0 0 2.2810778617858887 0.0 193.19021606445312 101.5560302734375 375.0 4.045019 1.6102978 1.6416523 -5.8647714 1.8203509 5.329447 1.4478944540023804 0.44095370173454285
Car 0.0 0 -2.481322765350342 0.0 0.0 1242.0 375.0 3.7937262 1.512156 1.5809852 2.82586 1.6566933 1.922612 -1.5079517364501953 0.43727925419807434
Car 0.0 0 -0.6894550323486328 526.27880859375 176.05987548828125 590.948974609375 200.71124267578125 4.1518497 1.5403545 1.6617111 -3.3869207 1.7614455 47.644436 -0.7604230642318726 0.34571629762649536
Car 0.0 0 1.8079413175582886 292.56903076171875 185.38507080078125 334.19451904296875 211.628173828125 3.9411564 1.5520049 1.612628 -19.177202 2.3996832 46.715775 1.4184092283248901 0.31128913164138794
