Car 0.0 0 -2.0557122230529785 828.6573486328125 184.41134643554688 1242.0 375.0 3.669283 1.483054 1.549496 2.8994136 1.599414 5.3986573 -1.5628564357757568 0.903965950012207
Car 0.0 0 -3.5628414154052734 837.6434326171875 178.53367614746094 1132.31982421875 270.7671203613281 4.2830405 1.4861987 1.6777133 6.3430953 1.5936196 12.66832 -3.0986297130584717 0.8781097531318665
Car 0.0 0 3.6363143920898438 0.0 172.1058807373047 310.2073669433594 294.515625 3.821452 1.5402902 1.6516926 -6.4736814 1.5312343 10.047935 3.0639708042144775 0.8476009368896484
Car 0.0 0 3.3743748664855957 380.04583740234375 174.7689208984375 496.0974426269531 215.85118103027344 4.2194343 1.584926 1.723173 -6.830402 1.6639495 28.77621 3.141324996948242 0.791689395904541
Car 0.0 0 -0.2953778803348541 820.7823486328125 172.72080993652344 1030.0174560546875 250.7893829345703 3.726526 1.5381598 1.6263775 6.457427 1.5358934 15.219059 0.10589861869812012 0.7434706687927246
Car 0.0 0 0.37361785769462585 266.7486877441406 161.8088836669922 441.1486511230469 224.18202209472656 4.059144 1.5860106 1.6598244 -6.7863913 1.3055156 19.243946 0.03458356857299805 0.7122229933738708
Car 0.0 0 -0.3155919313430786 734.7981567382812 169.905029296875 892.5878295898438 224.35150146484375 4.5390882 1.6704232 1.7710238 6.397184 1.5803068 23.122328 -0.04567663371562958 0.7049294114112854
Car 0.0 0 3.1864964962005615 423.5709228515625 169.09613037109375 519.3192138671875 206.49728393554688 4.297245 1.6913335 1.7637287 -6.470929 1.5217553 33.807713 2.997379779815674 0.6808775663375854
Car 0.0 0 -2.788524866104126 297.64715576171875 174.97422790527344 439.8656005859375 226.51254272460938 3.7406895 1.4858906 1.5991634 -7.2393365 1.5526266 21.72837 -3.1101324558258057 0.6518171429634094
Car 0.0 0 0.8446634411811829 0.0 196.1893310546875 126.97476196289062 375.0 3.9682019 1.4848144 1.6043824 -6.0117073 1.6778885 5.1114736 -0.021491853520274162 0.45155832171440125
