Pedestrian 0.0 0 2.7798383235931396 512.275146484375 172.57752990722656 547.3139038085938 238.12074279785156 0.79161555 1.7952638 0.66906947 -2.0431662 1.5520283 20.149021 2.678781032562256 0.56679767370224
Pedestrian 0.0 0 -1.9794471263885498 269.69354248046875 169.48388671875 399.1786193847656 374.0 0.8013062 1.6752144 0.8044659 -2.3823166 1.5811937 6.2689486 -2.3426103591918945 0.5474537014961243
Pedestrian 0.0 0 -1.842552900314331 991.5631713867188 119.376220703125 1067.363525390625 264.6024169921875 0.60161114 1.9786139 0.7874536 5.9996705 1.1335404 10.176442 -1.3098417520523071 0.28115588426589966
Pedestrian 0.0 0 1.8206173181533813 0.0 104.79974365234375 82.44461059570312 311.0210266113281 0.73192143 1.7921829 0.6533323 -5.3824005 1.1269965 6.7084255 1.1444545984268188 0.27860990166664124
Pedestrian 0.0 0 0.5557512640953064 174.79873657226562 118.8135757446289 256.91741943359375 257.60504150390625 0.80093527 1.8991519 0.65616465 -5.49252 1.0427054 10.178568 0.060915231704711914 0.2314690351486206
Pedestrian 0.0 0 -0.45777663588523865 916.7476196289062 125.51641082763672 982.1622314453125 238.21910095214844 0.8013412 1.8769728 0.64906985 5.898748 0.9458973 12.289307 -0.01026455219835043 0.19388441741466522
Pedestrian 0.0 0 -1.6983081102371216 761.2462768554688 167.5371856689453 775.8079833984375 205.28350830078125 0.8624201 1.6235482 0.51178056 7.274023 1.023943 31.349178 -1.4703103303909302 0.18811197578907013
Pedestrian 0.0 0 -2.002338171005249 690.1206665039062 158.72317504882812 747.283447265625 243.72012329101562 1.6433102 1.7368438 0.57976073 2.472705 1.2726579 15.545407 -1.8445963859558105 0.15721862018108368
Pedestrian 0.0 0 -1.3480632305145264 725.716552734375 158.4586181640625 764.2294921875 234.8629913330078 1.6616709 1.7213639 0.5463398 3.3901563 1.2034643 17.051329 -1.1518019437789917 0.14633585512638092
Cyclist 0.0 0 0.510113000869751 403.09405517578125 160.03823852539062 500.7890930175781 251.24107360839844 1.7424184 1.674229 0.63356996 -2.898025 1.2815166 13.745821 0.3023264408111572 0.5597314834594727
Cyclist 0.0 0 -2.019212007522583 689.806396484375 160.81307983398438 749.5192260742188 244.41343688964844 1.7302085 1.7161531 0.5844089 2.509213 1.2927297 15.655929 -1.8602912425994873 0.4122157096862793
Cyclist 0.0 0 1.0356919765472412 774.5480346679688 157.8151397705078 830.2361450195312 227.92852783203125 1.737492 1.7243505 0.57583094 5.135658 1.1430407 18.577778 1.3053972721099854 0.3695148527622223
Cyclist 0.0 0 -1.3530340194702148 726.0192260742188 162.68553161621094 763.9080810546875 241.11306762695312 1.6666812 1.7650259 0.53716075 3.3864772 1.342818 17.034624 -1.1567928791046143 0.3415343463420868
Cyclist 0.0 0 -3.167862892150879 725.6360473632812 186.6591339111328 845.6089477539062 299.7609558105469 1.6856728 1.6033849 0.7733703 2.6949816 1.6862322 10.791974 -2.923146963119507 0.2440379410982132
Cyclist 0.0 0 -1.1841174364089966 254.4867706298828 142.04669189453125 400.1326904296875 370.2829284667969 1.2699091 1.8108797 0.7806454 -2.40787 1.4992408 6.340871 -1.547035574913025 0.205105260014534
Cyclist 0.0 0 2.8831863403320312 511.5139465332031 175.47683715820312 550.0040893554688 239.44642639160156 0.92811716 1.7522551 0.69143355 -2.0185442 1.5884241 20.160486 2.7833950519561768 0.14640185236930847
Car 0.0 0 3.085484504699707 330.4227600097656 180.83119201660156 433.1368408203125 221.90579223632812 3.732621 1.5206375 1.6479167 -8.588814 1.4969155 28.010427 2.787956953048706 0.4266272485256195
Car 0.0 0 -2.041635036468506 775.5165405273438 204.3173065185547 1082.335693359375 374.0 3.66451 1.4590694 1.5706218 3.3014278 1.7800342 8.16713 -1.657484531402588 0.28143617510795593
Car 0.0 0 -0.4264252185821533 606.1431884765625 169.5242462158203 709.4736938476562 206.88372802734375 4.1555343 1.5464103 1.6818695 2.4311247 1.0516862 31.231531 -0.348739892244339 0.2626567780971527
Car 0.0 0 -0.489882230758667 821.6263427734375 173.41854858398438 1034.6978759765625 253.1234588623047 3.7049725 1.5479909 1.589405 6.629202 1.3922894 14.871885 -0.07056493312120438 0.2176903933286667
