Pedestrian 0.0 0 3.1190237998962402 390.9051513671875 189.65711975097656 407.9697265625 226.3778076171875 0.78901756 1.7612704 0.646095 -10.378696 2.5965846 35.423504 2.8340115547180176 0.1558944284915924
Pedestrian 0.0 0 2.1061840057373047 157.18016052246094 161.6366729736328 183.1211395263672 200.55291748046875 1.1348901 1.8892186 0.5985852 -21.728853 1.3450232 35.596035 1.558131217956543 0.14762437343597412
Pedestrian 0.0 0 -2.137990713119507 1206.945556640625 148.2015380859375 1242.0 194.4154815673828 1.7161775 1.7779089 0.48361897 24.50453 0.82985544 28.639221 -1.430238127708435 0.1071183905005455
Cyclist 0.0 0 -2.137990713119507 1206.945556640625 148.2015380859375 1242.0 194.4154815673828 1.7161775 1.7779089 0.48361897 24.50453 0.82985544 28.639221 -1.430238127708435 0.2844291627407074
Cyclist 0.0 0 2.219271183013916 94.87388610839844 200.73526000976562 145.51368713378906 254.03125 1.7404209 1.7627561 0.55317193 -17.441463 2.7892616 25.669542 1.6224628686904907 0.16125497221946716
Cyclist 0.0 0 -0.17968234419822693 773.8402099609375 153.78897094726562 820.01416015625 199.65187072753906 1.7256078 1.8361067 0.6393149 7.5281043 1.0732021 29.264763 0.07209992408752441 0.13482631742954254
Car 0.0 0 1.922790288925171 283.80596923828125 188.28964233398438 354.4333190917969 226.1614532470703 3.9923599 1.4948823 1.6399132 -12.900928 2.226148 32.143837 1.5411207675933838 0.8533356785774231
Car 0.0 0 -1.6576439142227173 596.6870727539062 179.870361328125 631.4896240234375 208.4413604736328 4.0459695 1.5606976 1.696832 0.1601584 1.9948683 42.522602 -1.6538774967193604 0.7436004877090454
Car 0.0 0 -1.5161079168319702 692.8589477539062 180.1265106201172 728.2908935546875 211.56524658203125 3.7252288 1.4679167 1.5797249 5.103238 1.856976 36.582363 -1.37750244140625 0.2225688397884369
Car 0.0 0 -1.5537127256393433 303.8354187011719 175.07098388671875 330.7034912109375 199.8634490966797 4.2136064 1.6280116 1.6569494 -20.292126 1.7891024 50.04607 -1.938924789428711 0.16406340897083282
Car 0.0 0 1.5218315124511719 675.0633544921875 176.25025939941406 702.7985229492188 200.77122497558594 4.014085 1.5400627 1.6290449 5.17389 1.7757108 47.93361 1.6293538808822632 0.1504523754119873
Car 0.0 0 -1.01478910446167 217.2977294921875 183.4646759033203 282.1609191894531 212.53952026367188 4.0330477 1.6309508 1.6677233 -21.957146 2.3102458 44.08002 -1.4769316911697388 0.14242732524871826
Car 0.0 0 -1.3885753154754639 940.0271606445312 164.68045043945312 980.4113159179688 189.84825134277344 4.0330696 1.5497324 1.6408223 22.589972 1.0467958 46.537247 -0.936661958694458 0.12610317766666412
