Pedestrian 0.0 0 -0.3205913305282593 402.9825744628906 148.6968994140625 429.5721740722656 200.37521362304688 0.8187429 1.9547478 0.6718215 -7.5073457 1.0413566 27.795645 -0.5843877196311951 0.3842823803424835
Pedestrian 0.0 0 -1.1018650531768799 150.853515625 171.73768615722656 275.20489501953125 337.7044677734375 1.6842282 1.7630854 0.5871427 -4.6666784 1.7515844 8.513443 -1.6032899618148804 0.11963091790676117
Cyclist 0.0 0 1.9981120824813843 147.60690307617188 154.660888671875 271.954833984375 322.2031555175781 1.6851528 1.7541131 0.6253894 -4.649776 1.563995 8.415764 1.4933454990386963 0.4333387017250061
Cyclist 0.0 0 -1.1190764904022217 403.5700378417969 148.40264892578125 429.521240234375 198.1656036376953 0.86061966 1.8869514 0.6587286 -7.5017853 0.96014345 27.84151 -1.3822718858718872 0.13017214834690094
Car 0.0 0 1.281921148300171 721.6482543945312 185.1849822998047 902.2449951171875 304.27874755859375 4.00192 1.5101014 1.6421298 2.9483485 1.7434659 11.599294 1.5308332443237305 0.8586750626564026
Car 0.0 0 -2.792088508605957 298.58795166015625 178.64312744140625 442.3053894042969 231.3345184326172 3.6844559 1.4718459 1.5919037 -7.0093045 1.6490687 21.190138 -3.1115405559539795 0.8283899426460266
Car 0.0 0 -2.749833583831787 384.75872802734375 177.6935272216797 498.6278381347656 220.52224731445312 3.7179859 1.4841695 1.6054991 -6.149903 1.6685495 26.34084 -2.979198932647705 0.770464301109314
Car 0.0 0 3.142533302307129 469.3772277832031 179.14559936523438 542.6162109375 207.26187133789062 4.0299826 1.5323768 1.6698827 -5.921 1.8993902 40.933277 2.9988796710968018 0.7216935157775879
Car 0.0 0 -1.5821083784103394 640.1123657226562 178.47218322753906 671.5919189453125 208.29547119140625 4.260639 1.5149639 1.6333407 2.4534621 1.8408523 39.63592 -1.520287275314331 0.6703754663467407
Car 0.0 0 -0.12757155299186707 763.229248046875 167.5655975341797 848.1292114257812 202.594482421875 3.4700816 1.510278 1.5912822 8.61333 1.2826259 32.12741 0.1343677043914795 0.5676013231277466
Car 0.0 0 -1.1883277893066406 0.0 151.37567138671875 257.6631164550781 375.0 3.4732385 1.5493656 1.5635551 -4.667842 1.4029901 6.791822 -1.7904616594314575 0.5090430378913879
Car 0.0 0 1.2027380466461182 460.5009460449219 176.61129760742188 526.4627685546875 213.18292236328125 3.9682562 1.5202123 1.6060628 -5.355225 1.7010736 32.542816 1.0396404266357422 0.4402242600917816
