Pedestrian 0.0 0 0.24416084587574005 735.6229858398438 154.80140686035156 778.007080078125 224.12709045410156 1.0194687 1.8536483 0.6245084 3.9815347 1.3713117 19.790434 0.44269537925720215 0.2527702748775482
Pedestrian 0.0 0 1.9298715591430664 0.0 127.79426574707031 104.22636413574219 327.1067810058594 1.7430074 1.8349458 0.59297097 -6.0151696 1.420467 7.560453 1.2578133344650269 0.19826360046863556
Pedestrian 0.0 0 -1.6199694871902466 333.9639587402344 159.50140380859375 353.04150390625 206.02593994140625 0.6730595 1.9511842 0.7285605 -11.387064 1.3915496 30.710377 -1.9750430583953857 0.1786983609199524
Cyclist 0.0 0 1.9488731622695923 0.0 139.88397216796875 118.53944396972656 330.7682800292969 1.7813526 1.7998985 0.5786874 -5.994603 1.4893734 7.7368097 1.2896780967712402 0.3616487681865692
Cyclist 0.0 0 -1.8381602764129639 763.9703369140625 149.23751831054688 810.5743408203125 239.52162170410156 1.7089518 1.7959957 0.51287013 3.6603465 1.3265579 15.2126665 -1.602036952972412 0.20072616636753082
Cyclist 0.0 0 -1.9476656913757324 739.2766723632812 158.2399139404297 775.6546020507812 224.20973205566406 1.0750039 1.7635987 0.62733775 4.0020885 1.3732722 19.870998 -1.7489210367202759 0.11954115331172943
Car 0.0 0 1.7759019136428833 444.260986328125 182.56430053710938 525.650146484375 240.17898559570312 3.9019341 1.5074235 1.6243232 -3.6686516 1.8240881 21.521725 1.6070621013641357 0.9063712358474731
Car 0.0 0 3.2105753421783447 52.589359283447266 175.45367431640625 269.4605712890625 261.0826110839844 3.6165879 1.5660346 1.6665484 -9.101425 1.6256285 14.863493 2.6611359119415283 0.6633123755455017
Car 0.0 0 2.8575687408447266 439.69110107421875 179.38050842285156 512.1670532226562 206.08177185058594 4.0749435 1.5511229 1.6907552 -8.275944 1.9683006 44.404938 2.6733083724975586 0.4905588924884796
Car 0.0 0 1.7950685024261475 532.7119140625 179.67510986328125 567.237060546875 202.22015380859375 4.0102997 1.5213845 1.6327374 -4.314411 2.03377 52.05927 1.712382435798645 0.377097487449646
Car 0.0 0 -1.6365478038787842 679.8599853515625 167.20803833007812 715.298828125 199.29544067382812 3.8283875 1.6493847 1.6455145 4.655121 1.3595241 39.0414 -1.5178725719451904 0.2685655951499939
Car 0.0 0 -2.1849708557128906 915.4844360351562 97.60118103027344 1242.0 333.3477478027344 3.9664507 1.5890257 1.641406 4.5592103 1.0821497 6.8661385 -1.5988070964813232 0.22539152204990387
