Pedestrian 0.0 0 -1.4298166036605835 806.4904174804688 154.7929229736328 831.3308715820312 213.1112060546875 0.7731642 1.8076577 0.6549231 6.5742674 1.2481871 22.849009 -1.1496574878692627 0.4199763834476471
Pedestrian 0.0 0 0.8983625769615173 776.346435546875 137.29786682128906 814.2601928710938 202.46377563476562 0.84264135 1.856433 0.699618 5.3611546 0.8438753 21.080116 1.1474056243896484 0.36657947301864624
Pedestrian 0.0 0 -1.6713038682937622 372.90411376953125 159.11871337890625 393.1674499511719 206.24813842773438 0.78067315 1.8337226 0.68917876 -9.031949 1.299665 28.565836 -1.9775378704071045 0.35080379247665405
Pedestrian 0.0 0 -0.2239079475402832 969.0722045898438 107.75902557373047 1091.56787109375 310.0817565917969 0.84309006 1.73346 0.64385056 3.7594137 1.1760975 6.6092815 0.2932605743408203 0.2929422855377197
Pedestrian 0.0 0 0.1443243771791458 464.1461181640625 177.2410430908203 479.23089599609375 209.8716278076172 0.74512404 1.8255572 0.7094339 -7.8593698 2.0764773 40.835842 -0.04581322893500328 0.23054493963718414
Pedestrian 0.0 0 1.8136919736862183 281.1619873046875 150.39321899414062 306.8724060058594 197.43031311035156 1.263189 1.8448628 0.66324073 -12.72061 0.9642767 28.975767 1.4000160694122314 0.22573551535606384
Cyclist 0.0 0 -1.7585421800613403 648.5263061523438 174.52978515625 661.5520629882812 205.70050048828125 1.5951288 1.6432784 0.40856043 2.3879087 1.7359797 38.94054 -1.6972969770431519 0.32572704553604126
Cyclist 0.0 0 1.9053020477294922 276.6173400878906 156.7124481201172 305.62744140625 202.5382080078125 1.3516282 1.7944224 0.65926605 -12.824187 1.1627178 28.951542 1.488323450088501 0.25532829761505127
Cyclist 0.0 0 1.6192736625671387 808.0087280273438 157.7147979736328 832.7445678710938 218.11265563964844 1.0993515 1.85054 0.698105 6.591401 1.3870455 22.737785 1.9014273881912231 0.14693300426006317
Cyclist 0.0 0 0.9654416441917419 774.4849853515625 136.9506072998047 816.1444091796875 202.6497802734375 1.0437981 1.865999 0.711129 5.3633256 0.8466232 21.103659 1.2143148183822632 0.12559504806995392
Cyclist 0.0 0 -0.15094995498657227 965.9993896484375 102.22632598876953 1092.294677734375 307.4358215332031 0.9117382 1.7541795 0.6400762 3.7548897 1.1507952 6.6266747 0.36457324028015137 0.10307718068361282
Car 0.0 0 1.9518994092941284 143.18446350097656 198.91725158691406 430.2427673339844 375.0 3.822367 1.5153385 1.6542008 -3.4366834 1.8883502 8.396602 1.563406229019165 0.8956114053726196
Car 0.0 0 1.7777271270751953 450.2255554199219 188.45892333984375 526.4998168945312 237.1933135986328 4.385495 1.4453512 1.7397639 -4.1542773 2.035735 25.05093 1.613389492034912 0.8843387365341187
Car 0.0 0 1.7276450395584106 482.34326171875 181.23611450195312 531.5186767578125 218.5669708251953 4.049146 1.5708369 1.6344604 -4.729676 1.9818647 33.310772 1.5866014957427979 0.7806352972984314
Car 0.0 0 2.059788942337036 524.4474487304688 179.45339965820312 572.7796020507812 202.0336151123047 4.0731406 1.4671876 1.6409444 -4.2618155 1.9482434 50.35866 1.9753609895706177 0.31913816928863525
