Pedestrian 0.0 0 2.8673477172851562 795.0988159179688 169.9203338623047 821.5579223632812 216.8227081298828 0.83438647 1.7689011 0.62470967 7.5178847 1.658617 27.525236 3.133971691131592 0.5848624110221863
Pedestrian 0.0 0 1.4981682300567627 915.3699951171875 144.65060424804688 942.0359497070312 203.7101287841797 0.7382092 1.8976783 0.74634576 10.395121 0.9918158 23.654182 1.912224531173706 0.39948150515556335
Pedestrian 0.0 0 0.4056103229522705 988.826904296875 172.3883514404297 1042.63037109375 249.20787048339844 0.94402695 1.752405 0.6056272 9.51315 1.7421408 17.015728 0.9153978824615479 0.33035436272621155
Pedestrian 0.0 0 -2.583495616912842 781.8993530273438 182.6890869140625 810.5062866210938 216.68136596679688 1.3494631 1.6965584 0.5243745 9.52279 2.2113137 37.065975 -2.332019805908203 0.1645897924900055
Pedestrian 0.0 0 -2.482006788253784 1044.6187744140625 120.21809387207031 1155.2159423828125 224.41729736328125 1.668785 1.7758627 0.56897193 8.842549 0.8791489 13.175916 -1.8909311294555664 0.12688322365283966
Pedestrian 0.0 0 0.8450978994369507 759.3020629882812 179.81114196777344 785.3547973632812 210.37362670898438 1.5710993 1.6759669 0.5231771 9.123087 2.0771067 40.74908 1.0653502941131592 0.10543842613697052
Cyclist 0.0 0 0.8282365798950195 758.2062377929688 178.7846221923828 785.3465576171875 209.6896514892578 1.6705937 1.6973826 0.4971654 9.102008 2.0400765 40.799118 1.0477354526519775 0.2820085287094116
Cyclist 0.0 0 -2.482006788253784 1044.6187744140625 120.21809387207031 1155.2159423828125 224.41729736328125 1.668785 1.7758627 0.56897193 8.842549 0.8791489 13.175916 -1.8909311294555664 0.26158058643341064
Cyclist 0.0 0 -2.583495616912842 781.8993530273438 182.6890869140625 810.5062866210938 216.68136596679688 1.3494631 1.6965584 0.5243745 9.52279 2.2113137 37.065975 -2.332019805908203 0.24282002449035645
Car 0.0 0 -1.4882057905197144 597.7947998046875 176.63543701171875 629.2315673828125 202.2233428955078 4.2647624 1.5268799 1.6550343 0.23637481 1.7793117 45.898815 -1.4830559492111206 0.5244641900062561
Car 0.0 0 1.9234256744384766 274.82568359375 197.9729766845703 395.9834289550781 267.8915710449219 3.7891538 1.4122272 1.5734895 -6.677814 2.099663 17.834442 1.5651516914367676 0.4260020852088928
Car 0.0 0 1.4184778928756714 359.05841064453125 190.5141143798828 394.20794677734375 215.8316192626953 3.7775977 1.4276308 1.5505246 -14.800874 2.5929828 45.55969 1.104365587234497 0.29460638761520386
Car 0.0 0 1.8031790256500244 176.5784454345703 185.1890411376953 218.11062622070312 209.5339813232422 3.994326 1.5847083 1.6897284 -29.308762 2.4989936 51.302876 1.2841382026672363 0.28419941663742065
Car 0.0 0 1.222124695777893 708.9192504882812 179.7665252685547 744.9430541992188 200.04791259765625 3.914857 1.5116016 1.5732716 9.21012 2.0803502 57.256252 1.3816163539886475 0.28223612904548645
Car 0.0 0 1.9505506753921509 249.89601135253906 193.71473693847656 312.1189880371094 228.11807250976562 3.4501956 1.4451716 1.5120438 -15.557534 2.4851897 34.198505 1.5236140489578247 0.28096267580986023
Car 0.0 0 1.9229241609573364 282.03936767578125 193.7559814453125 326.81298828125 217.16883850097656 3.886676 1.4745698 1.6748621 -21.549877 3.0086243 50.95933 1.522847294807434 0.28055885434150696
Car 0.0 0 1.1463122367858887 732.6912841796875 170.354736328125 781.8775634765625 194.91436767578125 3.9803 1.5338625 1.6514848 9.541327 1.3781295 47.18483 1.3458335399627686 0.25224506855010986
Car 0.0 0 2.131509304046631 0.0 196.73069763183594 73.58914947509766 224.58790588378906 3.9001274 1.4326864 1.6245631 -33.811573 2.9102104 42.608746 1.4607223272323608 0.23660770058631897
Car 0.0 0 1.672861933708191 486.06036376953125 186.2921905517578 520.3711547851562 215.34300231933594 3.5664814 1.4716995 1.530024 -5.919164 2.251745 40.04541 1.5261131525039673 0.23321621119976044
