Car 0.0 0 -1.9222180843353271 560.7927856445312 194.5493927001953 714.0101928710938 292.3068542480469 3.893298 1.4414562 1.6084852 0.2998732 1.9161897 13.671714 -1.9002877473831177 0.9372119903564453
Car 0.0 0 -1.7166169881820679 464.0582275390625 182.70919799804688 520.734130859375 224.4901580810547 3.9654872 1.4512136 1.6116955 -4.7038674 1.8659341 28.200113 -1.8818984031677246 0.9358890056610107
Car 0.0 0 1.7793810367584229 24.469972610473633 212.8958740234375 199.05873107910156 334.18951416015625 3.7284696 1.425619 1.5862235 -7.9857764 2.1956518 11.840847 1.1860257387161255 0.8102826476097107
Car 0.0 0 1.8928110599517822 0.0 214.87307739257812 128.7188262939453 375.0 3.9735978 1.4232819 1.5809768 -6.3047423 1.9718819 7.273405 1.178632140159607 0.8085678219795227
Car 0.0 0 0.2460063099861145 651.5399780273438 169.3368377685547 750.6271362304688 207.2201385498047 3.7395349 1.470455 1.5659302 3.6747727 1.3342932 29.410597 0.37030935287475586 0.7421769499778748
Car 0.0 0 1.7069039344787598 284.3211364746094 187.75753784179688 326.2115783691406 217.13980102539062 4.011924 1.4831401 1.6509961 -17.185204 2.3697574 40.75289 1.307837724685669 0.704690158367157
Car 0.0 0 -1.7092618942260742 450.7613830566406 180.72991943359375 497.1859130859375 215.24392700195312 3.8741865 1.4656107 1.5991392 -6.440459 1.8564866 33.68255 -1.8981919288635254 0.646705687046051
Car 0.0 0 -2.300841808319092 725.336669921875 128.57765197753906 1242.0 375.0 4.4039006 1.7507497 1.7092689 2.7520423 1.5073386 6.3287616 -1.890660285949707 0.608350396156311
Car 0.0 0 -1.9075281620025635 209.32907104492188 181.9810791015625 252.8714599609375 202.98785400390625 3.9268029 1.4276617 1.6012986 -27.689384 2.118134 52.630108 -2.3918473720550537 0.5286595225334167
Car 0.0 0 -2.771012783050537 562.6842041015625 167.83963012695312 661.0502319335938 203.94862365722656 4.5792 1.712609 1.7089074 0.052345816 1.4751407 35.847286 -2.76955246925354 0.4712631106376648
Car 0.0 0 0.007894381880760193 435.7884521484375 179.72305297851562 481.36553955078125 197.6631317138672 3.658042 1.4405187 1.567757 -12.583521 2.0221903 59.92948 -0.19907112419605255 0.4138928949832916
