Pedestrian 0.0 0 0.6623997688293457 351.0885925292969 160.80589294433594 456.2554626464844 318.44134521484375 0.9982551 1.750882 0.6611423 -2.4169173 1.5338233 8.340572 0.38034677505493164 0.7078230977058411
Pedestrian 0.0 0 3.777076005935669 53.990074157714844 192.6495819091797 98.98153686523438 255.25270080566406 0.80947536 1.7640905 0.653803 -15.258665 2.1215537 20.376726 3.1343252658843994 0.47038188576698303
Pedestrian 0.0 0 1.0066920518875122 834.8736572265625 174.05538940429688 876.5642700195312 243.15342712402344 0.82463294 1.6958994 0.64878553 6.2747164 1.5393245 17.822838 1.3452012538909912 0.35298171639442444
Pedestrian 0.0 0 2.6477856636047363 945.9189453125 141.33839416503906 1023.0289306640625 252.72885131835938 0.93139154 1.7876326 0.6322895 6.1984925 1.1608077 11.660561 3.1363751888275146 0.27202704548835754
Pedestrian 0.0 0 0.020880118012428284 749.8121337890625 133.68624877929688 814.1390991210938 243.83033752441406 1.0643072 1.8573743 0.64664555 3.0518765 1.0695965 12.368549 0.26279282569885254 0.23683105409145355
Pedestrian 0.0 0 -0.20783233642578125 1125.90966796875 135.8282470703125 1201.6534423828125 253.0884552001953 0.846062 1.8201401 0.63856083 8.976621 1.1283925 11.443269 0.4573519229888916 0.20515096187591553
Pedestrian 0.0 0 1.3837695121765137 848.6981201171875 150.81219482421875 903.9075317382812 259.6599426269531 1.7443954 1.745718 0.5672823 4.6196437 1.2712344 12.242895 1.7445836067199707 0.17663641273975372
Pedestrian 0.0 0 -3.3944034576416016 797.0198364257812 176.13168334960938 887.705078125 268.9093322753906 1.6018163 1.790056 0.595198 4.632603 1.7074063 13.987423 -3.0745761394500732 0.14106318354606628
Pedestrian 0.0 0 0.6413067579269409 1134.5223388671875 161.28240966796875 1224.0 265.7637939453125 1.5657151 1.6880549 0.49144965 10.075627 1.3792188 12.237335 1.330125093460083 0.10307392477989197
Cyclist 0.0 0 1.3837695121765137 848.6981201171875 150.81219482421875 903.9075317382812 259.6599426269531 1.7443954 1.745718 0.5672823 4.6196437 1.2712344 12.242895 1.7445836067199707 0.3011532723903656
Cyclist 0.0 0 2.557722568511963 623.0011596679688 170.1473846435547 722.8209228515625 272.64227294921875 1.7304745 1.7857633 0.7070825 1.2155923 1.6070354 13.033567 2.6507198810577393 0.2614273726940155
Cyclist 0.0 0 2.8244106769561768 786.9124755859375 174.37680053710938 891.3616333007812 266.9777526855469 1.8753629 1.7951256 0.57893825 4.571616 1.6780558 13.992374 3.1401991844177246 0.2590315341949463
Cyclist 0.0 0 0.6413067579269409 1134.5223388671875 161.28240966796875 1224.0 265.7637939453125 1.5657151 1.6880549 0.49144965 10.075627 1.3792188 12.237335 1.330125093460083 0.22348652780056
Cyclist 0.0 0 0.06619174778461456 745.9988403320312 134.15670776367188 818.8604736328125 245.4907684326172 1.197238 1.8696445 0.664848 3.06732 1.0930461 12.367436 0.30930209159851074 0.15382714569568634
Cyclist 0.0 0 -0.4699471592903137 939.5700073242188 139.59458923339844 1028.42919921875 254.69180297851562 1.1279736 1.8478161 0.6335119 6.193958 1.1927587 11.673067 0.017894983291625977 0.11593419313430786
Cyclist 0.0 0 1.0629466772079468 833.6470947265625 173.81808471679688 877.67236328125 243.91461181640625 1.0150126 1.7144264 0.6308682 6.2756777 1.5525981 17.841566 1.4011750221252441 0.10038655251264572
Car 0.0 0 1.1301941871643066 579.775146484375 179.6717071533203 623.5215454101562 200.51791381835938 3.9343867 1.4303303 1.601846 -0.2789089 1.3748053 50.628307 1.124685287475586 0.3181355893611908
Car 0.0 0 2.3179452419281006 0.0 195.62295532226562 124.67426300048828 246.40821838378906 4.1675982 1.4775485 1.688818 -18.70893 2.0382812 23.992447 1.6556531190872192 0.29289111495018005
Car 0.0 0 2.380995035171509 0.0 193.21115112304688 55.69694519042969 229.47671508789062 3.6644077 1.419029 1.5375124 -26.333904 2.0102146 30.896177 1.6751468181610107 0.2918621599674225
Car 0.0 0 1.3689976930618286 578.3208618164062 176.7165069580078 631.8652954101562 211.67591857910156 3.9192257 1.4448336 1.6033106 -0.08216505 1.289952 31.298117 1.3663724660873413 0.27095872163772583
Car 0.0 0 1.999467134475708 473.99346923828125 142.948486328125 586.9053955078125 204.8907470703125 4.185923 1.6302803 1.7191162 -2.097552 0.64353454 20.862452 1.8992619514465332 0.22443407773971558
