Pedestrian 0.0 0 1.1268384456634521 731.4569702148438 167.4106903076172 754.2373046875 210.8740234375 0.8289447 1.7834907 0.6384596 5.5925574 1.0540048 29.976543 1.3112825155258179 0.30032554268836975
Car 0.0 0 -1.0810811519622803 92.95693969726562 198.00042724609375 265.6112060546875 277.9491271972656 3.5632527 1.3856593 1.5523405 -8.681615 1.6830857 14.845344 -1.610252022743225 0.9108396172523499
Car 0.0 0 -1.2652724981307983 259.15936279296875 194.8525848388672 420.1582336425781 291.1842956542969 4.2639832 1.5055213 1.6561031 -4.964876 1.7210525 13.826424 -1.6100187301635742 0.8725732564926147
Car 0.0 0 -1.145757794380188 209.6636962890625 184.4868927001953 306.524169921875 231.26150512695312 3.5739202 1.4235543 1.5273703 -11.439691 1.4025048 23.679607 -1.5957967042922974 0.8242221474647522
Car 0.0 0 -1.5325883626937866 499.3687438964844 183.27772521972656 531.127685546875 211.4817352294922 3.7385316 1.4291437 1.5408766 -4.9232106 1.3320749 38.352467 -1.6602576971054077 0.6048339009284973
Car 0.0 0 -1.306073546409607 319.5375061035156 186.30441284179688 398.73028564453125 232.44921875 3.778866 1.4282328 1.5895936 -8.331091 1.4690686 24.274694 -1.6366782188415527 0.6000269055366516
Car 0.0 0 -1.2960501909255981 374.2172546386719 188.76678466796875 440.26947021484375 227.35504150390625 4.174245 1.5176322 1.6474651 -8.516603 1.6809825 30.743645 -1.5662933588027954 0.5448072552680969
Car 0.0 0 -1.5271703004837036 574.7609252929688 179.35948181152344 603.8142700195312 205.6167449951172 3.020861 1.4343016 1.5199676 -1.0457251 1.1155376 40.78755 -1.5528030395507812 0.413007527589798
Car 0.0 0 2.2220959663391113 0.0 215.8571014404297 84.69074249267578 376.0 3.9463067 1.5027031 1.6483313 -7.643212 1.9163955 7.6081357 1.43439781665802 0.359375536441803
Car 0.0 0 1.7725119590759277 293.4946594238281 178.30575561523438 336.3059997558594 204.6710662841797 3.8452551 1.4702269 1.5855975 -17.126255 1.086035 42.117706 1.386304497718811 0.3163575232028961
Car 0.0 0 1.7458311319351196 693.7401733398438 171.86399841308594 739.8935546875 204.1892852783203 3.8866394 1.4918123 1.5868605 5.3696465 0.87676275 35.266525 1.8969296216964722 0.305453360080719
