Pedestrian 0.0 0 -0.1233900785446167 987.7943725585938 128.91175842285156 1074.7293701171875 263.333251953125 0.97327584 1.776878 0.48174667 5.812196 1.0966212 9.757524 0.4138343334197998 0.6788596510887146
Pedestrian 0.0 0 -1.8130285739898682 1113.3309326171875 136.97080993652344 1178.7623291015625 249.42092895507812 0.7466251 1.8283061 0.7195951 9.100823 1.1222259 11.976157 -1.163214087486267 0.43284085392951965
Pedestrian 0.0 0 -0.708613932132721 786.8040771484375 163.47386169433594 806.4663696289062 197.9476776123047 0.72275347 1.8224036 0.71740663 10.246753 0.9237545 37.85127 -0.4442395865917206 0.4077026844024658
Pedestrian 0.0 0 0.8001810908317566 123.17033386230469 117.96251678466797 219.37124633789062 257.243408203125 1.0221969 1.8459451 0.5877513 -6.036708 1.0187836 9.775734 0.2469789981842041 0.3491080403327942
Pedestrian 0.0 0 0.4988504648208618 508.6925048828125 165.1764373779297 522.4833374023438 186.99542236328125 0.9991186 1.8645924 0.62982696 -7.6813016 0.556278 60.892994 0.3733689785003662 0.3312695622444153
Pedestrian 0.0 0 0.07832610607147217 769.29833984375 159.3962860107422 804.2244262695312 190.20001220703125 1.8977207 1.7406673 0.616811 10.4168825 0.54951835 40.548283 0.3297889232635498 0.14157196879386902
Pedestrian 0.0 0 0.5809252858161926 256.47149658203125 179.9450225830078 348.2354431152344 265.8371276855469 1.6865555 1.7015622 0.5676802 -6.210927 1.6921972 14.427866 0.17442107200622559 0.13424153625965118
Pedestrian 0.0 0 -2.3209545612335205 976.1937866210938 151.49000549316406 1036.689697265625 218.9889678955078 1.4207019 1.6824561 0.54091877 10.370833 0.9609579 18.372614 -1.8070679903030396 0.12485548853874207
Pedestrian 0.0 0 0.9126131534576416 871.91845703125 154.8758087158203 909.031494140625 193.05284118652344 1.9252803 1.7566395 0.57076097 13.501752 0.5790499 33.532448 1.2953996658325195 0.1132628321647644
Cyclist 0.0 0 -2.0424094200134277 976.2455444335938 144.8642578125 1028.085693359375 211.47149658203125 1.6672224 1.6654766 0.4728501 10.336552 0.7760196 18.516285 -1.5332609415054321 0.5240962505340576
Cyclist 0.0 0 0.18302185833454132 767.3878784179688 159.15835571289062 802.148681640625 190.41297912597656 1.852798 1.7645572 0.6135957 10.308263 0.5610485 40.579563 0.43178606033325195 0.47784459590911865
Cyclist 0.0 0 0.9126131534576416 871.91845703125 154.8758087158203 909.031494140625 193.05284118652344 1.9252803 1.7566395 0.57076097 13.501752 0.5790499 33.532448 1.2953996658325195 0.3861636519432068
Cyclist 0.0 0 0.5809252858161926 256.47149658203125 179.9450225830078 348.2354431152344 265.8371276855469 1.6865555 1.7015622 0.5676802 -6.210927 1.6921972 14.427866 0.17442107200622559 0.30478915572166443
Cyclist 0.0 0 0.5333361029624939 507.9927062988281 164.9373779296875 522.2907104492188 186.67454528808594 1.0516306 1.8567731 0.621755 -7.718948 0.5286224 60.88438 0.4072284698486328 0.19359977543354034
Cyclist 0.0 0 0.8254795074462891 118.4872055053711 119.12666320800781 226.02609252929688 259.972412109375 1.2124655 1.8590872 0.60743505 -6.0290284 1.0506656 9.783713 0.2732107639312744 0.14912402629852295
Cyclist 0.0 0 -1.9350513219833374 789.8421020507812 165.7679901123047 809.8935546875 199.4210968017578 0.966214 1.7670962 0.73154444 10.356643 0.9949441 37.63745 -1.6665284633636475 0.11161886900663376
Car 0.0 0 0.6887118816375732 545.933837890625 172.71946716308594 677.2401733398438 218.9204559326172 4.5065956 1.4675021 1.6843401 0.12642273 1.2219157 24.541792 0.6938631534576416 0.8490448594093323
Car 0.0 0 -0.8728570342063904 0.0 230.76058959960938 287.92047119140625 370.0 4.2316513 1.4515064 1.6227124 -3.0474637 1.8271295 3.079802 -1.652977466583252 0.8058030605316162
Car 0.0 0 0.0009905099868774414 46.64203643798828 181.65512084960938 115.5234375 204.94662475585938 3.619106 1.4811379 1.6272796 -34.670845 1.5618291 46.85722 -0.6360316276550293 0.3196280300617218
Car 0.0 0 -0.5002696514129639 491.97296142578125 181.31471252441406 545.704345703125 200.4802703857422 3.9564385 1.4694816 1.5974153 -6.81262 1.5374929 56.1591 -0.6209890842437744 0.3033626079559326
Car 0.0 0 2.1396279335021973 13.63698673248291 180.58355712890625 132.28396606445312 227.86407470703125 4.3426414 1.7496722 1.7374514 -21.20781 1.7547652 28.39614 1.4981424808502197 0.2906169891357422
Car 0.0 0 1.5068631172180176 1169.848388671875 171.8982391357422 1224.0 216.28488159179688 3.9935203 1.4139585 1.5806032 20.732635 1.1414946 24.593943 2.207277774810791 0.26028409600257874
