Pedestrian 0.0 0 0.8406786918640137 1215.974365234375 161.94874572753906 1242.0 215.09156799316406 0.6295387 1.8555285 0.69432586 21.995626 1.4751197 25.511549 1.5522032976150513 0.4620172083377838
Pedestrian 0.0 0 1.8208808898925781 154.1168212890625 154.45599365234375 209.37388610839844 256.49566650390625 0.72611606 1.7261736 0.6760306 -7.543329 1.4152979 12.647334 1.283085823059082 0.34942924976348877
Pedestrian 0.0 0 2.449406623840332 917.4205322265625 111.2777328491211 1015.0609741210938 252.65936279296875 1.0620441 1.8837564 0.63003075 4.8937154 1.0636773 10.042623 2.9028382301330566 0.30657321214675903
Pedestrian 0.0 0 0.6020097732543945 962.1549072265625 161.78237915039062 996.2864379882812 220.80377197265625 0.7156281 1.7894641 0.61959726 11.380778 1.4541426 22.335772 1.0732533931732178 0.2902451455593109
Pedestrian 0.0 0 0.736426830291748 364.5910949707031 127.16824340820312 416.2434387207031 220.997802734375 0.7734594 1.8753092 0.6648205 -4.5760484 0.96257627 14.883233 0.4381370544433594 0.26865485310554504
Pedestrian 0.0 0 -1.2823259830474854 493.223876953125 176.23092651367188 507.2546691894531 202.80186462402344 0.6013276 1.7004216 0.75684905 -7.119867 1.9205751 46.610806 -1.4339057207107544 0.24376358091831207
Pedestrian 0.0 0 1.7664761543273926 273.2574462890625 158.40704345703125 304.6074523925781 224.80738830566406 0.80923843 1.8321478 0.6658478 -9.104778 1.4338789 20.374844 1.3462333679199219 0.20561987161636353
Pedestrian 0.0 0 0.3687373399734497 990.6102905273438 141.98147583007812 1024.308837890625 184.60751342773438 1.1682479 1.8470097 0.5972596 17.52794 0.5096441 31.901089 0.8711555004119873 0.1919957995414734
Pedestrian 0.0 0 1.055690050125122 231.09666442871094 158.51461791992188 278.7943115234375 232.9322967529297 1.1535262 1.7725446 0.55391276 -8.781234 1.431355 17.73642 0.5959732532501221 0.18410378694534302
Pedestrian 0.0 0 -1.1835086345672607 1180.8282470703125 109.34935760498047 1242.0 217.4224395751953 1.6489775 1.85236 0.53501415 10.961393 0.764256 12.983772 -0.4823693037033081 0.1072218120098114
Cyclist 0.0 0 -1.321731448173523 1185.0135498046875 114.42755126953125 1242.0 221.5240478515625 1.7187545 1.8185724 0.54001135 10.917513 0.82680863 12.969644 -0.6220322251319885 0.2399185448884964
Cyclist 0.0 0 -0.1563970446586609 994.4869384765625 145.5260467529297 1028.0975341796875 186.6183319091797 1.215332 1.7866226 0.6151231 17.672085 0.59880817 31.865734 0.34995532035827637 0.2084420621395111
Cyclist 0.0 0 1.8775510787963867 151.41510009765625 153.76734924316406 211.9086456298828 257.1775817871094 0.8529565 1.7408466 0.6875131 -7.535393 1.4198927 12.637722 1.339884638786316 0.14969582855701447
Cyclist 0.0 0 1.055690050125122 231.09666442871094 158.51461791992188 278.7943115234375 232.9322967529297 1.1535262 1.7725446 0.55391276 -8.781234 1.431355 17.73642 0.5959732532501221 0.10627909004688263
Car 0.0 0 -0.14591188728809357 666.6438598632812 182.7224578857422 756.2544555664062 214.5181121826172 3.9949694 1.4431105 1.6380383 4.7063074 1.9213519 34.101463 -0.008769243024289608 0.7915297746658325
Car 0.0 0 1.6858865022659302 505.7044677734375 181.3575439453125 533.9647216796875 203.15309143066406 4.137693 1.5431926 1.6665283 -6.8316283 2.2136593 54.78071 1.5618183612823486 0.6176807284355164
Car 0.0 0 1.6107816696166992 219.33592224121094 182.85220336914062 257.4818420410156 213.63792419433594 3.7368667 1.4100707 1.5631179 -18.723228 1.9426746 36.38393 1.1355211734771729 0.41224536299705505
Car 0.0 0 0.060093045234680176 645.6897583007812 182.0367889404297 696.4885864257812 202.0886993408203 3.850054 1.5032151 1.6212965 4.7476296 2.2320225 56.15596 0.14443612098693848 0.25004836916923523
Car 0.0 0 2.1568503379821777 453.7995300292969 170.1931610107422 510.7598876953125 196.15122985839844 3.9397113 1.5772862 1.6756191 -8.113272 1.4159636 45.98048 1.982197880744934 0.20265436172485352
Car 0.0 0 1.365363597869873 545.1149291992188 184.34417724609375 574.6914672851562 204.23220825195312 3.6453094 1.4305401 1.5803261 -3.955204 2.35632 56.141247 1.295028805732727 0.19592760503292084
