Car 0.0 0 -1.7895162105560303 469.4405822753906 179.18960571289062 517.2936401367188 210.65341186523438 4.1106825 1.516807 1.6162795 -6.213391 1.869185 37.878998 -1.9521009922027588 0.8660191893577576
Car 0.0 0 3.4989194869995117 0.0 165.9803466796875 267.0610656738281 264.9996643066406 3.9343815 1.7148359 1.6923908 -8.917231 1.5961545 13.744924 2.923412799835205 0.6621384024620056
Car 0.0 0 3.099362850189209 203.7679901123047 179.2429656982422 340.15557861328125 233.09341430664062 3.7571886 1.5431217 1.65562 -10.618714 1.7583048 22.656073 2.661073923110962 0.6076632142066956
Car 0.0 0 3.4191040992736816 156.8904571533203 181.38160705566406 316.78375244140625 241.00123596191406 3.5858626 1.5098128 1.5771418 -10.120803 1.7564895 19.714907 2.9448273181915283 0.5883848071098328
Car 0.0 0 -2.288395404815674 0.0 205.9201202392578 139.7336883544922 373.6451416015625 3.9926255 1.458546 1.6109173 -7.4874916 1.8510606 7.601119 -3.06626296043396 0.5490245223045349
Car 0.0 0 3.4257779121398926 101.69110107421875 183.86622619628906 301.1210021972656 254.27198791503906 3.678907 1.4623511 1.5956887 -9.256327 1.7334263 16.545502 2.915710926055908 0.5283138155937195
Car 0.0 0 3.2629926204681396 271.8941955566406 172.5556182861328 377.7010498046875 210.81857299804688 3.859312 1.498674 1.6144406 -11.619966 1.4873449 29.523726 2.8880324363708496 0.44390857219696045
Car 0.0 0 3.1476869583129883 292.315673828125 164.48362731933594 350.6056823730469 185.82073974609375 4.023776 1.5642064 1.6483072 -21.745321 0.95093846 54.395138 2.7673823833465576 0.37965136766433716
Car 0.0 0 3.126689910888672 232.47525024414062 174.12332153320312 327.00164794921875 210.89312744140625 3.6369877 1.5102478 1.5955575 -14.302961 1.5682079 31.238628 2.697317600250244 0.3283359706401825
Car 0.0 0 -1.5728046894073486 328.2948913574219 174.09912109375 365.4872131347656 206.65846252441406 3.8447213 1.4949684 1.6260045 -12.937303 1.5599669 35.371098 -1.9234492778778076 0.3206993341445923
