Pedestrian 0.0 0 0.6955384016036987 805.4594116210938 112.84539031982422 923.30615234375 289.12750244140625 1.0153104 1.7538788 0.65175045 2.6667807 1.1571947 7.7790785 1.0257976055145264 0.5152280330657959
Car 0.0 0 1.9327795505523682 152.02577209472656 203.37924194335938 429.2484436035156 369.0519714355469 4.395799 1.4563147 1.7366822 -3.7779083 1.947026 9.3721285 1.5496033430099487 0.9156150817871094
Car 0.0 0 1.7428897619247437 390.4659118652344 196.05958557128906 483.4144592285156 269.8866271972656 3.415261 1.4297191 1.5365411 -3.9720566 2.0274591 16.821331 1.511005163192749 0.8849644660949707
Car 0.0 0 -1.6718499660491943 643.7225341796875 180.15127563476562 691.3607177734375 215.5418243408203 3.8331835 1.3723937 1.6285685 2.3457954 1.7029691 30.71212 -1.5956178903579712 0.8563611507415771
Car 0.0 0 2.168473720550537 0.0 215.2868194580078 234.16212463378906 374.1534729003906 3.8161147 1.4144381 1.5823851 -6.6891494 2.079485 9.37473 1.548724889755249 0.8051449656486511
Car 0.0 0 -1.4014073610305786 449.7328186035156 184.3412628173828 496.5636901855469 218.4374237060547 3.9667342 1.5039846 1.596615 -6.6440597 2.096052 35.16679 -1.5881363153457642 0.7382898330688477
Car 0.0 0 -0.32227519154548645 778.9149780273438 168.73435974121094 933.4371948242188 219.00265502929688 4.455364 1.581194 1.7298936 7.901197 1.4519683 23.561113 0.0012884140014648438 0.6427740454673767
Car 0.0 0 -0.0838908702135086 732.633544921875 171.4644317626953 823.6331176757812 205.10475158691406 3.912589 1.4829352 1.6004658 7.5535793 1.4220375 32.873104 0.1419684886932373 0.5871841311454773
Car 0.0 0 1.9939916133880615 359.7127685546875 192.3180389404297 454.7101745605469 241.17117309570312 3.928002 1.3741617 1.5596935 -6.669335 2.0773933 23.993515 1.7228718996047974 0.5631639957427979
Car 0.0 0 -0.13117578625679016 761.7511596679688 165.67782592773438 872.4444580078125 210.83021545410156 3.7557497 1.6066254 1.6571344 7.554633 1.3516388 26.760633 0.1439681053161621 0.5008191466331482
Car 0.0 0 1.8191442489624023 483.0500183105469 183.69764709472656 524.5582275390625 209.8175811767578 4.135046 1.5411097 1.6818583 -6.8177238 2.2724035 46.491005 1.6735360622406006 0.46807315945625305
