Pedestrian 0.0 0 0.23680980503559113 436.70111083984375 169.6780548095703 483.9947204589844 255.85043334960938 0.85313386 1.7589096 0.58591473 -3.1106858 1.4428936 14.975623 0.03200554847717285 0.32140350341796875
Pedestrian 0.0 0 0.9056364297866821 738.4591674804688 172.94256591796875 781.7367553710938 236.01849365234375 1.0387092 1.7500398 0.7232471 4.3063245 1.4106534 20.566654 1.1120383739471436 0.25689825415611267
Cyclist 0.0 0 -2.4586877822875977 330.2032470703125 163.23431396484375 386.71087646484375 214.7006378173828 1.8957844 1.7326322 0.58616614 -8.642618 0.99375224 24.795134 -2.7940802574157715 0.39752110838890076
Car 0.0 0 -1.136240005493164 262.853271484375 187.32383728027344 372.357177734375 244.2349395751953 3.3365803 1.4177654 1.5194457 -7.889023 1.4817982 19.73786 -1.5164790153503418 0.9210850596427917
Car 0.0 0 -1.5659112930297852 579.01416015625 180.23568725585938 617.5506591796875 215.5524444580078 3.3899503 1.4759221 1.6107609 -0.44783834 1.2689344 31.740255 -1.5800198316574097 0.79859459400177
Car 0.0 0 -1.065943717956543 233.02166748046875 183.69346618652344 325.1061706542969 224.88946533203125 3.5513225 1.4135731 1.5614074 -12.045527 1.362472 26.493774 -1.4926620721817017 0.6505995392799377
Car 0.0 0 1.6609126329421997 462.6744079589844 195.02517700195312 520.5062866210938 244.88461303710938 3.5302894 1.4385917 1.5349694 -3.728897 1.7819947 23.264753 1.501983404159546 0.5922052264213562
Car 0.0 0 2.1593148708343506 0.0 39.279354095458984 273.5507507324219 376.0 4.015163 1.5102452 1.6137761 -3.2005906 1.2147604 3.5597868 1.4269993305206299 0.5895169377326965
Car 0.0 0 1.732121229171753 91.62384796142578 203.52102661132812 248.91282653808594 314.03753662109375 4.083658 1.4383637 1.6211913 -7.283708 1.808151 12.276647 1.1966443061828613 0.43190911412239075
Car 0.0 0 -1.3306421041488647 341.8929138183594 177.29693603515625 407.6072692871094 219.2064208984375 3.233127 1.4202704 1.5376981 -8.40022 1.1530427 26.025251 -1.6428574323654175 0.3381105363368988
