Pedestrian 0.0 0 -0.21254488825798035 831.4010620117188 123.29789733886719 928.480224609375 294.8050537109375 0.83635056 1.6741884 0.4758973 2.7647703 1.1074117 7.3069587 0.14918136596679688 0.3970605731010437
Pedestrian 0.0 0 1.3007756471633911 766.3038940429688 164.86239624023438 777.6460571289062 190.2574462890625 0.7517773 1.8493216 0.63101274 12.525094 0.63833565 52.695267 1.5341345071792603 0.3359566628932953
Pedestrian 0.0 0 1.224574089050293 131.55648803710938 168.9984588623047 152.9528350830078 207.75442504882812 0.7168482 1.7885283 0.638382 -21.502172 1.2125282 33.618958 0.6555554866790771 0.31808820366859436
Pedestrian 0.0 0 0.017487525939941406 945.9651489257812 152.37484741210938 1061.1290283203125 356.7409362792969 0.8920073 1.7520258 0.48859203 3.6246493 1.5037216 6.589372 0.5203883647918701 0.25430771708488464
Pedestrian 0.0 0 1.1112239360809326 762.08251953125 159.78378295898438 776.9923095703125 184.4014892578125 1.2423565 1.8168906 0.5943264 12.57687 0.21472928 53.68604 1.3413411378860474 0.12756244838237762
Cyclist 0.0 0 1.1112239360809326 762.08251953125 159.78378295898438 776.9923095703125 184.4014892578125 1.2423565 1.8168906 0.5943264 12.57687 0.21472928 53.68604 1.3413411378860474 0.26123082637786865
Cyclist 0.0 0 1.5350459814071655 133.82266235351562 169.15972900390625 150.99874877929688 207.77301025390625 0.818922 1.7788318 0.64778614 -21.491842 1.2112697 33.610542 0.9661319255828857 0.12040623277425766
Car 0.0 0 -0.6605174541473389 404.0426025390625 177.8428955078125 525.9483642578125 222.62364196777344 4.228687 1.4961064 1.6582626 -4.897504 1.3750062 26.129087 -0.8458025455474854 0.8385799527168274
Car 0.0 0 -1.6103583574295044 544.6967163085938 175.7845458984375 572.9859619140625 200.17066955566406 3.5282018 1.4212519 1.572409 -2.6202927 1.0889266 43.69628 -1.6702526807785034 0.6840837001800537
Car 0.0 0 1.845218300819397 327.8184509277344 180.53636169433594 381.95263671875 209.82435607910156 4.1751256 1.4733007 1.6576561 -13.05713 1.4257016 38.262012 1.5163546800613403 0.48609304428100586
Car 0.0 0 3.0819056034088135 0.0 163.48001098632812 132.8671112060547 211.22198486328125 4.703406 1.989879 1.8222317 -23.902218 1.239789 32.148167 2.4425764083862305 0.44423750042915344
Car 0.0 0 -1.34306001663208 578.708984375 170.47442626953125 607.1918334960938 187.8355712890625 4.1408916 1.5300484 1.7080405 -0.70174545 0.55877227 65.51047 -1.3537715673446655 0.3658977746963501
Car 0.0 0 0.4633834958076477 386.30145263671875 173.6202392578125 438.92950439453125 191.765380859375 3.9800806 1.5014793 1.65351 -15.901463 0.8499218 60.656464 0.20699691772460938 0.3572203516960144
Car 0.0 0 0.1392383575439453 599.9197387695312 175.0187225341797 645.5518188476562 193.49758911132812 3.5389786 1.4799072 1.560784 1.7780654 0.9613562 58.59413 0.16957449913024902 0.31641334295272827
Car 0.0 0 1.835495948791504 698.4330444335938 162.3731231689453 737.3346557617188 187.21275329589844 4.004785 1.6968437 1.7540635 8.363606 0.39090452 51.254143 1.9972494840621948 0.29060202836990356
