Pedestrian 0.0 0 2.5389866828918457 869.206298828125 133.7587890625 970.3900756835938 286.5383605957031 0.91090643 1.7875475 0.69215846 3.7380533 1.3304845 8.8704605 2.937808036804199 0.5548478364944458
Pedestrian 0.0 0 2.7624127864837646 773.8407592773438 132.89218139648438 865.5801391601562 276.9389953613281 1.0019405 1.82664 0.6172206 2.6932342 1.3202469 9.505507 3.03851056098938 0.4513534605503082
Pedestrian 0.0 0 -0.2922651171684265 998.0941162109375 144.80282592773438 1064.734619140625 261.37445068359375 0.7356369 1.7617354 0.67982197 6.5392275 1.3381585 11.317067 0.23168587684631348 0.3709873557090759
Pedestrian 0.0 0 0.43407028913497925 161.12948608398438 159.66342163085938 225.5318145751953 262.1174011230469 0.8340027 1.7911493 0.58118767 -7.5109315 1.5609032 12.939146 -0.09187352657318115 0.3047303557395935
Pedestrian 0.0 0 1.1304532289505005 791.5059814453125 124.81360626220703 858.0292358398438 222.3146514892578 1.6416985 1.7350866 0.5551909 3.9892826 0.88053834 13.691558 1.4139721393585205 0.23934993147850037
Pedestrian 0.0 0 1.3029841184616089 716.5028076171875 158.1533203125 731.946044921875 187.3546142578125 1.3368738 1.7737334 0.6074288 7.009294 0.8811481 44.522755 1.4591342210769653 0.15601928532123566
Cyclist 0.0 0 1.2362778186798096 792.8923950195312 119.55223083496094 855.1878051757812 219.64134216308594 1.7573551 1.7793005 0.5811841 3.9811141 0.8321041 13.716752 1.518754243850708 0.5736995339393616
Cyclist 0.0 0 -2.611968517303467 212.75926208496094 186.35427856445312 340.0845947265625 293.8961181640625 1.8464714 1.7140774 0.65466905 -5.587018 1.9470007 12.01413 -3.0472567081451416 0.4976246953010559
Cyclist 0.0 0 1.3029841184616089 716.5028076171875 158.1533203125 731.946044921875 187.3546142578125 1.3368738 1.7737334 0.6074288 7.009294 0.8811481 44.522755 1.4591342210769653 0.29027992486953735
Car 0.0 0 -1.451801061630249 524.2542114257812 183.21546936035156 583.0813598632812 228.62994384765625 4.0864487 1.4308574 1.6167 -1.9731469 1.8308887 25.753399 -1.528268575668335 0.8889614343643188
Car 0.0 0 -1.3965555429458618 460.9214782714844 186.9733123779297 563.15673828125 264.6568908691406 4.424738 1.5038803 1.6270825 -2.2078652 1.8814957 17.029268 -1.5254875421524048 0.8764105439186096
Car 0.0 0 -1.6201032400131226 681.8876953125 174.9261474609375 724.4970092773438 210.98892211914062 3.7660632 1.3999221 1.5690527 3.7979622 1.4924846 30.166378 -1.4948617219924927 0.6994051337242126
Car 0.0 0 -2.5017926692962646 1014.6922607421875 203.08401489257812 1242.0 375.0 4.151707 1.483254 1.6806453 3.33411 1.6743884 2.4736557 -1.5693086385726929 0.6326172351837158
Car 0.0 0 -1.7255653142929077 707.8518676757812 182.92076110839844 801.743408203125 250.71621704101562 4.067696 1.4280156 1.632981 3.4031637 1.706433 17.867216 -1.537350058555603 0.49324652552604675
Car 0.0 0 -1.5576704740524292 661.9512329101562 172.77352905273438 688.311767578125 196.04769897460938 4.0527754 1.4758348 1.6679341 4.312735 1.4710901 47.85199 -1.4677867889404297 0.39766690135002136
