Pedestrian 0.0 0 1.9885947704315186 1049.6494140625 119.8152847290039 1117.109375 245.9698028564453 0.4606875 1.7767937 0.70094097 6.8810897 1.0301402 10.578966 2.56528639793396 0.37740907073020935
Pedestrian 0.0 0 -0.2348809540271759 911.7095336914062 95.6631851196289 1014.3063354492188 287.5835266113281 0.7946214 1.8354255 0.67203766 3.4927685 1.0975709 7.3094053 0.21088671684265137 0.2725262939929962
Pedestrian 0.0 0 -2.5989115238189697 705.8428955078125 173.95460510253906 716.4450073242188 195.92251586914062 0.5617537 1.7560132 0.70813954 8.131074 1.845795 58.170807 -2.4600319862365723 0.1788405030965805
Pedestrian 0.0 0 2.766441583633423 571.9185791015625 171.97930908203125 582.7967529296875 195.71405029296875 0.6265778 1.7714238 0.6385813 -2.4831455 1.7064996 54.2681 2.7207164764404297 0.17483863234519958
Pedestrian 0.0 0 2.7255496978759766 563.5770874023438 180.7277374267578 574.404541015625 204.3970489501953 0.59073013 1.7039177 0.61284035 -3.0194933 2.282942 52.618065 2.668227434158325 0.1180306226015091
Pedestrian 0.0 0 3.1543967723846436 415.7631530761719 178.5587921142578 437.46392822265625 227.0594940185547 0.7732665 1.77033 0.64165556 -6.85876 1.9860373 26.831713 2.904134511947632 0.10974439978599548
Cyclist 0.0 0 -0.1326533854007721 781.7009887695312 136.17251586914062 824.9624633789062 192.74615478515625 1.2964125 1.8125603 0.5534599 6.2334847 0.637682 23.471136 0.12693500518798828 0.10798308253288269
Car 0.0 0 1.7106664180755615 574.5930786132812 177.92245483398438 616.238525390625 208.00135803222656 4.1664157 1.539196 1.7346541 -0.78384274 1.8345757 39.823944 1.6909862756729126 0.8633483648300171
Car 0.0 0 -0.6795822978019714 714.584228515625 168.1197052001953 800.8126831054688 204.8305206298828 3.9660335 1.7004898 1.6238438 7.1490235 1.4815495 35.053425 -0.47839492559432983 0.20080967247486115
Car 0.0 0 -1.8294974565505981 690.1036987304688 170.75973510742188 736.9898681640625 197.40887451171875 4.0826483 1.4546474 1.6708606 5.860033 1.3406895 41.508255 -1.6892467737197876 0.10109429061412811
