Pedestrian 0.0 0 2.352867603302002 622.591064453125 174.0581817626953 648.8992919921875 219.76966857910156 0.7863017 1.7239887 0.6419847 1.2989239 1.4443533 27.59135 2.3999099731445312 0.5488449335098267
Pedestrian 0.0 0 -0.7476907968521118 733.3794555664062 191.68646240234375 788.5167846679688 287.1878967285156 0.64287513 1.6394026 0.72828674 2.8199677 1.8304954 12.907055 -0.5325882434844971 0.35888829827308655
Pedestrian 0.0 0 1.732130765914917 720.5172119140625 188.89837646484375 760.328125 272.84246826171875 0.6781136 1.5963529 0.6727079 2.7083237 1.7480123 14.168094 1.9210087060928345 0.3165613114833832
Pedestrian 0.0 0 0.14051443338394165 699.1270141601562 159.77371215820312 718.8650512695312 211.84368896484375 0.5661935 1.7042825 0.64265436 3.5568805 0.994258 23.897491 0.2882688045501709 0.26657482981681824
Pedestrian 0.0 0 1.5207765102386475 458.2981872558594 167.3341827392578 499.73663330078125 264.3615417480469 0.7989075 1.6956155 0.6975784 -2.2686696 1.4493351 13.017342 1.3482290506362915 0.219130739569664
Pedestrian 0.0 0 2.365239381790161 757.6038208007812 180.5929412841797 799.7257080078125 263.3426513671875 0.48066708 1.5698154 0.649293 3.4174123 1.553866 14.026575 2.604221820831299 0.20736545324325562
Pedestrian 0.0 0 1.797873854637146 774.1566162109375 192.41807556152344 823.3037719726562 286.78387451171875 0.6301802 1.5470961 0.6902411 3.3457284 1.7423153 12.316933 2.0631103515625 0.19634047150611877
Pedestrian 0.0 0 2.9390716552734375 678.0634765625 172.1016387939453 703.0607299804688 227.57562255859375 0.65282416 1.7000952 0.6529525 2.7426789 1.4131824 22.363655 3.0611023902893066 0.18606530129909515
Pedestrian 0.0 0 0.46051502227783203 744.1793212890625 157.97525024414062 767.65625 206.84234619140625 0.6026744 1.6849632 0.5970232 5.394892 0.87488663 25.187141 0.6715190410614014 0.15889456868171692
Pedestrian 0.0 0 -0.23578369617462158 839.9144897460938 188.33642578125 905.3449096679688 318.3291931152344 0.6757767 1.6471806 0.63582724 3.5227313 1.7422597 9.492953 0.11955380439758301 0.13894787430763245
Cyclist 0.0 0 1.223514199256897 741.3018188476562 157.94180297851562 771.7395629882812 208.01123046875 1.6501935 1.6989741 0.5093652 5.4067507 0.90066415 25.224218 1.4346667528152466 0.2506368160247803
Cyclist 0.0 0 0.43458792567253113 480.1857604980469 165.62367248535156 551.083251953125 226.1582794189453 1.9588621 1.699518 0.6112678 -2.509877 1.2549351 20.758165 0.31426167488098145 0.1808045655488968
Cyclist 0.0 0 -1.3900831937789917 738.2032470703125 188.7724609375 782.5654296875 288.4934387207031 0.7742952 1.697047 0.6439746 2.79305 1.8325305 12.773457 -1.1748108863830566 0.10764805227518082
Car 0.0 0 2.8426811695098877 599.34375 168.58323669433594 685.3505249023438 197.96771240234375 4.2569404 1.5061506 1.6627613 2.150161 0.844944 38.135185 2.8990042209625244 0.23504722118377686
Car 0.0 0 1.4914350509643555 802.2483520507812 162.6674041748047 841.4918212890625 192.62925720214844 4.157432 1.517471 1.6790999 11.778755 0.56453264 38.589424 1.787685513496399 0.1586252897977829
