Pedestrian 0.0 0 -0.1196695864200592 774.2330322265625 155.2478485107422 799.1201171875 187.8440399169922 1.3292514 1.8537663 0.51786125 10.406593 0.4190446 40.549225 0.13154959678649902 0.36247268319129944
Pedestrian 0.0 0 -1.2074718475341797 115.7378158569336 152.32138061523438 138.59576416015625 193.60498046875 0.7113186 2.0033455 0.7261559 -23.48612 0.6373776 34.734997 -1.8020122051239014 0.3545413613319397
Pedestrian 0.0 0 -1.6883666515350342 790.0433959960938 160.5103759765625 804.9962768554688 195.11082458496094 0.8331807 1.8244295 0.67566943 10.260719 0.771819 37.738472 -1.4228938817977905 0.2768004536628723
Pedestrian 0.0 0 3.061457872390747 509.6434631347656 167.3140869140625 522.0926513671875 188.513427734375 1.0238173 1.8149996 0.5382202 -7.6602087 0.6872711 60.897434 2.936326503753662 0.26528123021125793
Pedestrian 0.0 0 -1.5018103122711182 987.1785278320312 143.40199279785156 1004.9273681640625 185.11720275878906 0.53031343 1.9643813 0.70583135 18.627653 0.21887416 33.704456 -0.9969146251678467 0.1874343901872635
Pedestrian 0.0 0 -2.098771095275879 875.0531005859375 157.99542236328125 905.7465209960938 195.54612731933594 1.8319936 1.7354578 0.49450234 13.534755 0.6968325 33.614407 -1.7159844636917114 0.18655923008918762
Pedestrian 0.0 0 0.07294751703739166 722.5609130859375 161.49789428710938 737.1195678710938 187.0092010498047 1.1085664 2.0040798 0.37178576 9.8754225 0.5125826 55.85461 0.24794483184814453 0.16472405195236206
Pedestrian 0.0 0 -1.738579511642456 1019.9911499023438 144.11279296875 1039.282470703125 186.9201202392578 0.5514769 1.9883277 0.69372797 19.931211 0.2996571 33.21935 -1.1981688737869263 0.1534976214170456
Pedestrian 0.0 0 -3.500072717666626 987.7127075195312 151.27798461914062 1028.8961181640625 216.0402069091797 0.77580726 1.6343915 0.54688805 10.320482 0.8985147 18.169783 -2.983513116836548 0.13313747942447662
Cyclist 0.0 0 1.0922448635101318 875.5929565429688 158.04908752441406 904.4347534179688 195.71780395507812 1.8126138 1.7414538 0.48862118 13.514798 0.7049857 33.60802 1.4745862483978271 0.32486575841903687
Cyclist 0.0 0 -0.06272006034851074 772.9059448242188 155.0137481689453 798.6251220703125 187.1163330078125 1.397604 1.8234701 0.52837974 10.352487 0.37720177 40.54604 0.18726563453674316 0.21936482191085815
Cyclist 0.0 0 -2.3804585933685303 966.2786254882812 139.20974731445312 1026.1531982421875 206.17955017089844 1.4210894 1.6987 0.5117987 10.279214 0.6529585 18.684084 -1.8774933815002441 0.15762247145175934
Car 0.0 0 -0.8606826066970825 0.0 197.94094848632812 289.7450866699219 370.0 3.760977 1.464432 1.5676838 -3.1555617 1.5979029 3.4308462 -1.6043092012405396 0.8352844715118408
Car 0.0 0 1.7903975248336792 451.68267822265625 174.2364959716797 483.1065673828125 193.99082946777344 3.8458173 1.4598161 1.5658033 -10.495064 0.99822533 54.18922 1.599091649055481 0.3215615749359131
