Car 0.0 0 -1.815659999847412 725.4269409179688 179.54119873046875 836.8749389648438 266.40997314453125 3.0922582 1.5590711 1.4814748 3.330531 1.7106416 14.750193 -1.5935882329940796 0.9770004749298096
Car 0.0 0 -1.8962894678115845 766.771484375 187.2469940185547 998.5226440429688 328.9188537597656 4.053184 1.4129446 1.5641121 3.261389 1.6459478 9.6326885 -1.569828748703003 0.9756136536598206
Car 0.0 0 -1.7805769443511963 683.8873291015625 173.2131805419922 759.8953247070312 228.8928985595703 3.4037154 1.5187888 1.5375984 3.1926682 1.5306944 21.447567 -1.6328028440475464 0.962715744972229
Car 0.0 0 -1.7428836822509766 660.318603515625 169.63851928710938 720.9635009765625 215.4431610107422 3.5466785 1.5422623 1.5812514 2.8026454 1.434354 26.112804 -1.6359645128250122 0.9353435635566711
Car 0.0 0 1.707658290863037 483.5257873535156 170.5094757080078 543.6115112304688 212.73130798339844 4.021519 1.4701036 1.704286 -3.5866952 1.3888283 27.135525 1.5762429237365723 0.929969310760498
Car 0.0 0 1.8622757196426392 291.89947509765625 178.0475616455078 479.8431091308594 303.80450439453125 3.9830592 1.5423226 1.6079245 -3.2149966 1.6363175 11.008776 1.5781381130218506 0.926916778087616
Car 0.0 0 -2.333038330078125 954.6024780273438 184.58645629882812 1242.0 375.0 3.8581307 1.4924488 1.5863127 3.6397843 1.5904479 4.0500317 -1.6009389162063599 0.811987578868866
Car 0.0 0 -1.6893852949142456 648.8143310546875 172.94158935546875 695.59814453125 208.9788818359375 3.890152 1.5022359 1.6081613 2.6616366 1.5067255 32.057137 -1.6065473556518555 0.5903464555740356
Car 0.0 0 3.3513903617858887 342.512451171875 149.675048828125 462.25537109375 200.15589904785156 3.562597 1.6089277 1.576954 -6.848695 0.87052536 23.903954 3.0723562240600586 0.4886452257633209
Car 0.0 0 1.685058355331421 505.393798828125 171.25875854492188 550.0032958984375 203.22677612304688 4.1575065 1.3681501 1.5604576 -3.7350218 1.3002361 32.957092 1.5722099542617798 0.43217045068740845
Car 0.0 0 1.9495844841003418 0.0 78.46353912353516 417.3435974121094 375.0 4.2379255 1.642426 1.6407613 -2.7668376 1.19939 5.566018 1.4882638454437256 0.4292992055416107
