Pedestrian 0.0 0 -2.3157753944396973 1025.9935302734375 158.8425750732422 1061.1624755859375 212.74526977539062 0.7731216 1.7887827 0.67257744 14.604582 1.3241658 24.388803 -1.7762216329574585 0.4686111509799957
Pedestrian 0.0 0 -1.199942708015442 668.4574584960938 149.5128936767578 685.7086181640625 184.8699951171875 0.6485943 1.9901859 0.797564 3.7860937 0.6767162 41.079483 -1.1080372333526611 0.3074946105480194
Pedestrian 0.0 0 1.083172082901001 954.7416381835938 171.0806884765625 980.21435546875 213.6920928955078 0.81014025 1.7443053 0.64171255 14.790085 1.6720728 29.947704 1.5418986082077026 0.28566107153892517
Pedestrian 0.0 0 -1.4937596321105957 718.1150512695312 166.72576904296875 731.3748168945312 197.60153198242188 0.8164914 1.8603616 0.73801833 6.9603696 1.4914738 43.95488 -1.336711049079895 0.1922115534543991
Pedestrian 0.0 0 0.06382584571838379 1047.2823486328125 184.13983154296875 1073.0260009765625 230.7191162109375 0.7760398 1.6976447 0.71450144 16.842497 2.1293943 27.06113 0.6205439567565918 0.16194303333759308
Pedestrian 0.0 0 2.46612548828125 1109.2509765625 175.76600646972656 1168.7900390625 280.126220703125 0.62945384 1.7012999 0.49535936 8.764829 1.7513027 12.036423 3.095522880554199 0.159320667386055
Pedestrian 0.0 0 -1.7123584747314453 1078.40283203125 147.20965576171875 1109.629638671875 209.02349853515625 0.75346917 1.9225708 0.7237742 15.330481 1.1253233 22.93521 -1.1231391429901123 0.14772650599479675
Pedestrian 0.0 0 0.11447709798812866 937.7318115234375 184.86090087890625 961.006591796875 245.72093200683594 0.5397822 1.7026111 0.61733824 9.714161 2.054986 20.746817 0.5523824691772461 0.14758795499801636
Pedestrian 0.0 0 -0.5847699642181396 660.4760131835938 150.82688903808594 677.111083984375 189.0467529296875 0.5415751 1.9842732 0.7595427 3.0511484 0.8410425 37.920906 -0.504482090473175 0.12423744797706604
Cyclist 0.0 0 -3.59531307220459 1096.8858642578125 196.8134307861328 1242.0 308.2593078613281 2.0294228 1.6366605 0.74188995 8.9559145 2.0353296 11.416727 -2.9301226139068604 0.2774946987628937
Cyclist 0.0 0 -2.018130302429199 937.4371948242188 180.07098388671875 972.6831665039062 227.74378967285156 1.6421064 1.685604 0.5077965 12.648946 1.9600682 26.579908 -1.5739611387252808 0.15933768451213837
Cyclist 0.0 0 -1.8752434253692627 995.3435668945312 160.5216064453125 1029.3118896484375 213.1284637451172 1.6901697 1.6906985 0.5021075 13.354056 1.2947135 24.064573 -1.3686261177062988 0.14712171256542206
Cyclist 0.0 0 1.335842251777649 880.7549438476562 174.63035583496094 903.7440795898438 215.19216918945312 1.6715093 1.6411816 0.51582193 11.732151 1.7178484 30.130215 1.7071614265441895 0.14686721563339233
Car 0.0 0 -1.7080128192901611 782.922607421875 186.12008666992188 847.1956176757812 233.1688690185547 4.2562084 1.446165 1.607201 7.145331 1.9587834 25.642265 -1.4362523555755615 0.9605132341384888
Car 0.0 0 -2.3067595958709717 1013.300048828125 204.30172729492188 1242.0 375.0 4.065895 1.5260093 1.6844295 3.333901 1.7447181 2.8872995 -1.4496973752975464 0.7012326717376709
