Pedestrian 0.0 0 -0.3853793442249298 649.46044921875 161.69680786132812 669.6234130859375 191.89877319335938 1.1105405 1.8510958 0.5747229 3.033147 1.1676224 44.667118 -0.3175778388977051 0.33924880623817444
Cyclist 0.0 0 1.6230238676071167 522.2984619140625 176.50254821777344 533.5502319335938 207.92636108398438 1.8979492 1.8622586 0.5849345 -5.02479 2.0897334 43.946823 1.5091803073883057 0.4593465030193329
Cyclist 0.0 0 -0.3853793442249298 649.46044921875 161.69680786132812 669.6234130859375 191.89877319335938 1.1105405 1.8510958 0.5747229 3.033147 1.1676224 44.667118 -0.3175778388977051 0.16165727376937866
Car 0.0 0 -1.752309799194336 633.77392578125 179.1255645751953 680.4076538085938 214.0768585205078 3.2930257 1.4502769 1.5021384 2.0168178 1.7462177 32.27973 -1.6899114847183228 0.9006341099739075
Car 0.0 0 -1.495505690574646 469.9619140625 182.8956298828125 508.71563720703125 215.08172607421875 3.7201009 1.4205141 1.5781128 -5.834512 1.9342937 34.96555 -1.6608469486236572 0.8501865863800049
Car 0.0 0 -1.8685916662216187 605.1295776367188 176.1931610107422 650.1773071289062 206.37538146972656 3.2956502 1.5446979 1.5350479 0.8781605 1.7343976 39.11637 -1.846145510673523 0.8448222875595093
Car 0.0 0 -1.756687045097351 572.7897338867188 179.40621948242188 604.9503784179688 202.08006286621094 3.743089 1.5140386 1.6170362 -1.5687969 1.998774 51.336014 -1.7872369289398193 0.8223059177398682
Car 0.0 0 -1.7233840227127075 684.6723022460938 172.4080047607422 782.3160400390625 245.55758666992188 4.2685213 1.6228456 1.748778 2.912455 1.6133088 18.14474 -1.5642292499542236 0.8125865459442139
Car 0.0 0 -2.398625135421753 929.9362182617188 108.9017105102539 1242.0 375.0 3.7511728 1.4884415 1.5761477 3.1215234 1.3678918 3.2862756 -1.638932466506958 0.7890990972518921
Car 0.0 0 -1.6118090152740479 558.4458618164062 179.312255859375 577.932373046875 197.31419372558594 3.39222 1.4547392 1.5115241 -3.5983531 2.0198686 61.332527 -1.6704113483428955 0.5010159611701965
Car 0.0 0 1.3975950479507446 667.9012451171875 179.12860107421875 738.094482421875 229.35833740234375 3.9647973 1.4551268 1.5770559 2.8795924 1.6767762 23.424372 1.519912838935852 0.4474605917930603
