Pedestrian 0.0 0 -1.5020298957824707 563.5982055664062 154.2946014404297 634.2807006835938 343.7147216796875 0.9696579 1.667741 0.61235213 -0.08603903 1.4387187 6.7214 -1.5148299932479858 0.7705333828926086
Pedestrian 0.0 0 -1.8118929862976074 850.0901489257812 131.76214599609375 897.4965209960938 241.6355438232422 1.5586123 1.7761917 0.3966504 4.577007 0.9899584 12.222192 -1.4535753726959229 0.17638921737670898
Pedestrian 0.0 0 1.021531343460083 957.6134033203125 147.04531860351562 1017.2221069335938 255.7448272705078 0.7562865 1.7326093 0.5485386 6.247649 1.2010152 11.658221 1.5134854316711426 0.1629870980978012
Pedestrian 0.0 0 -0.9295023679733276 836.2117309570312 176.10350036621094 872.9763793945312 244.87193298339844 0.70298654 1.6919856 0.5664134 6.254926 1.5854111 17.822489 -0.5919753313064575 0.14715519547462463
Pedestrian 0.0 0 -0.22410018742084503 749.3346557617188 167.3737030029297 791.0738525390625 255.63072204589844 0.6928705 1.739005 0.6356572 3.278242 1.4819962 14.245176 0.002091646194458008 0.133090078830719
Pedestrian 0.0 0 2.6035799980163574 603.17138671875 164.22824096679688 642.5100708007812 231.04522705078125 0.7315737 1.6339729 0.70183146 0.40768582 1.2376541 17.771097 2.626516819000244 0.13041281700134277
Pedestrian 0.0 0 -0.05329705774784088 627.435302734375 175.33694458007812 689.2015991210938 277.0384521484375 1.090226 1.8126525 0.65641016 0.9173718 1.7222724 12.934639 0.01750802993774414 0.1120847836136818
Pedestrian 0.0 0 -2.08282470703125 886.01416015625 152.59555053710938 946.1688842773438 266.6136474609375 1.1811103 1.8384742 0.40294346 5.2147136 1.390185 12.003799 -1.6730008125305176 0.10993984341621399
Cyclist 0.0 0 -1.7370833158493042 855.8893432617188 135.7501678466797 897.5205688476562 247.2848358154297 1.6176947 1.779928 0.39411196 4.586416 1.0674418 12.110204 -1.3750524520874023 0.2627226412296295
Cyclist 0.0 0 -2.093647003173828 951.0059814453125 145.25030517578125 1016.8887329101562 257.37591552734375 1.1800455 1.7674831 0.42715585 6.2212667 1.2134835 11.737759 -1.606271505355835 0.10838178545236588
