Pedestrian 0.0 0 0.6708091497421265 240.2043914794922 162.1431121826172 287.7658996582031 248.52304077148438 0.65186065 1.7520722 0.6140944 -7.2394557 1.5351776 15.003525 0.22124552726745605 0.284865140914917
Pedestrian 0.0 0 3.5304229259490967 229.8411407470703 146.37939453125 316.14501953125 287.03887939453125 0.82601184 1.5676271 0.33750215 -3.8881798 1.2729298 8.228897 3.0890138149261475 0.24262969195842743
Pedestrian 0.0 0 2.009493827819824 153.71755981445312 175.19937133789062 226.76528930664062 276.0480041503906 1.382113 1.5952643 0.528874 -7.0897045 1.6374577 12.155826 1.4814927577972412 0.19972364604473114
Pedestrian 0.0 0 -2.129199504852295 0.0 130.05064392089844 76.36650085449219 289.89178466796875 0.6948974 1.7800082 0.67877156 -6.91064 1.3037033 8.46555 -2.8138158321380615 0.17999663949012756
Pedestrian 0.0 0 -1.7682909965515137 736.2536010742188 159.0050811767578 748.224365234375 191.24928283691406 0.41212615 1.8348105 0.6038557 7.527269 1.0471152 41.266537 -1.5878684520721436 0.16076184809207916
Cyclist 0.0 0 1.9848377704620361 155.1905059814453 176.06436157226562 229.1310577392578 276.2197570800781 1.5398297 1.5812439 0.5105584 -7.0975347 1.6395748 12.233267 1.4591169357299805 0.296318918466568
Cyclist 0.0 0 -1.243951439857483 0.0 138.18154907226562 81.13109588623047 302.56121826171875 1.5069419 1.763148 0.5849704 -6.924515 1.3916067 8.544662 -1.9249961376190186 0.2302057147026062
Car 0.0 0 1.3701529502868652 696.67138671875 174.3751678466797 838.5125122070312 278.8203125 3.7785935 1.4973705 1.574719 2.4469666 1.5276325 12.2891655 1.5666981935501099 0.9746057391166687
Car 0.0 0 -1.886135458946228 752.7473754882812 182.61448669433594 1027.4620361328125 356.7063903808594 3.3938286 1.3348688 1.5363249 2.5038135 1.4587642 7.4252687 -1.5609073638916016 0.9623648524284363
Car 0.0 0 2.399832248687744 611.8179931640625 168.0658416748047 743.2562255859375 219.9426727294922 4.2055116 1.5154976 1.5787532 2.1631224 1.3759772 22.974236 2.4937098026275635 0.9034978747367859
Car 0.0 0 0.7537310719490051 954.673095703125 197.1077117919922 1242.0 375.0 3.561309 1.5013487 1.5294799 2.5090728 1.6346277 2.1359766 1.6192784309387207 0.6787609457969666
Car 0.0 0 2.4561872482299805 0.0 188.4600067138672 145.96726989746094 375.0 3.594108 1.509505 1.5578694 -3.3411736 1.5994252 2.2805047 1.4843065738677979 0.21560794115066528
Car 0.0 0 1.3452562093734741 713.6740112304688 180.59951782226562 810.693359375 245.99420166015625 3.9434502 1.4302641 1.5217681 3.668186 1.6478498 18.241594 1.543698787689209 0.17432454228401184
Car 0.0 0 1.837156057357788 1002.9005737304688 163.20928955078125 1091.5401611328125 207.41481018066406 4.583478 1.5064092 1.6637261 16.237171 1.1781006 26.76625 2.3824353218078613 0.17069634795188904
Car 0.0 0 -2.8443233966827393 485.0074462890625 174.1910400390625 546.1830444335938 199.1271514892578 3.574206 1.5573092 1.6159734 -6.064611 1.6454387 46.26972 -2.974651336669922 0.16360680758953094
