Pedestrian 0.0 0 -3.312431812286377 929.1456909179688 130.38671875 1043.6004638671875 335.48895263671875 0.8503443 1.7881521 0.5364629 3.4819036 1.3439121 6.6457944 -2.829827308654785 0.34643638134002686
Pedestrian 0.0 0 -0.18223005533218384 807.34375 106.00648498535156 917.7572021484375 286.1341552734375 0.9788597 1.7779747 0.6167298 2.6377597 1.0341748 7.4690175 0.1572573184967041 0.23594698309898376
Car 0.0 0 -1.0449215173721313 482.1414794921875 173.32554626464844 565.4828491210938 210.5351104736328 4.0628276 1.4231944 1.5946299 -3.1323895 1.1115601 29.652239 -1.150168776512146 0.940561056137085
Car 0.0 0 2.0797431468963623 327.051025390625 180.1502227783203 395.68707275390625 209.43508911132812 4.3721414 1.4676039 1.5328283 -12.704785 1.4008387 38.287567 1.7593504190444946 0.8241732716560364
Car 0.0 0 0.27842801809310913 0.0 188.80015563964844 149.21766662597656 249.43943786621094 3.9563065 1.4401531 1.5696398 -14.373637 1.6477199 18.85785 -0.37284165620803833 0.753231942653656
Car 0.0 0 -1.6607050895690918 543.1357421875 172.8356170654297 571.0333251953125 196.12586975097656 3.4187293 1.4566717 1.5043997 -2.9075453 0.91549045 46.72872 -1.7228467464447021 0.6246330142021179
Car 0.0 0 2.8436927795410156 0.0 161.94459533691406 125.86414337158203 199.71771240234375 4.4046288 1.564161 1.69673 -24.044104 0.75536776 32.023224 2.1996583938598633 0.31712403893470764
Car 0.0 0 -1.3394999504089355 602.4351196289062 166.10751342773438 632.7167358398438 186.580322265625 3.9482188 1.680546 1.7166188 1.4376332 0.41751406 61.08989 -1.3159712553024292 0.2611840069293976
Car 0.0 0 -1.641963243484497 579.8939208984375 176.99029541015625 607.5420532226562 200.33126831054688 3.8471792 1.5211641 1.6013211 -0.54857236 1.2279534 48.79522 -1.653205156326294 0.249123677611351
Car 0.0 0 -1.2660555839538574 579.2645874023438 169.72848510742188 610.7001953125 186.6138458251953 4.27277 1.4876884 1.6654528 -0.5139692 0.4509696 65.57302 -1.2738935947418213 0.23933832347393036
