Pedestrian 0.0 0 -1.515404462814331 61.53822326660156 153.76077270507812 84.98223114013672 202.5191192626953 0.559632 2.0199924 0.7618673 -22.600529 1.2293437 30.33322 -2.1557462215423584 0.2674783766269684
Pedestrian 0.0 0 2.254340648651123 1062.661376953125 127.59764862060547 1110.261474609375 207.23341369628906 0.6727364 1.7441696 0.60182774 10.635681 0.75333023 16.188515 2.835613489151001 0.22442291676998138
Pedestrian 0.0 0 0.22796666622161865 320.5708923339844 177.14840698242188 334.0870056152344 203.64871215820312 0.74017876 1.7767532 0.580536 -19.155827 2.0697525 48.825356 -0.14591330289840698 0.1782297044992447
Pedestrian 0.0 0 1.0817279815673828 931.8185424804688 162.75332641601562 965.8797607421875 219.6978759765625 0.8467798 1.772503 0.6562732 10.698425 1.4584593 22.896294 1.5188387632369995 0.1629173755645752
Cyclist 0.0 0 2.0019383430480957 222.7680206298828 179.0291290283203 249.85108947753906 213.38491821289062 1.9177606 1.7927415 0.54937965 -20.201109 2.1349308 38.968006 1.5236774682998657 0.664505124092102
Car 0.0 0 2.232231855392456 0.0 197.07882690429688 134.26119995117188 251.66555786132812 3.3533504 1.3881925 1.6106815 -16.178038 2.168477 21.53714 1.5879828929901123 0.9735432863235474
Car 0.0 0 2.0301432609558105 339.94390869140625 184.53240966796875 390.6638488769531 209.70101928710938 3.7438133 1.4703461 1.5598321 -15.546083 2.2457845 45.925945 1.703747034072876 0.7197112441062927
Car 0.0 0 1.9327430725097656 349.42901611328125 167.30758666992188 390.0740966796875 189.2178497314453 4.3798904 1.7184215 1.7034006 -19.546177 1.2837733 58.81052 1.6118700504302979 0.47831204533576965
Car 0.0 0 1.7771450281143188 166.4677734375 191.33384704589844 210.9122314453125 219.8274688720703 3.631817 1.5436239 1.6116068 -25.448977 2.7121081 43.62875 1.2490898370742798 0.23298385739326477
Car 0.0 0 2.158148765563965 163.68719482421875 184.08348083496094 236.3759765625 214.85731506347656 3.9596071 1.5867107 1.6480755 -23.07555 2.252471 40.718105 1.6425634622573853 0.21766027808189392
