Pedestrian 0.0 0 1.5023961067199707 350.21533203125 146.65911865234375 389.97528076171875 228.20736694335938 1.0033336 1.8422608 0.814743 -5.6836176 1.2508489 16.916893 1.178271770477295 0.25064295530319214
Pedestrian 0.0 0 1.823407769203186 345.49896240234375 127.6097183227539 392.9232482910156 229.9001922607422 0.69335747 1.8649464 0.69377863 -4.553173 1.0404162 13.523023 1.4986321926116943 0.24668331444263458
Pedestrian 0.0 0 2.3431854248046875 979.46142578125 92.13961791992188 1080.2584228515625 255.11721801757812 0.9196121 1.8527279 0.5548254 4.936922 0.9355254 8.59223 2.864703893661499 0.21198076009750366
Pedestrian 0.0 0 -2.087808132171631 807.6443481445312 162.94491577148438 826.9215087890625 203.39353942871094 0.6138837 1.8396816 0.63072985 9.492146 1.3893558 33.18693 -1.8092252016067505 0.12736180424690247
Pedestrian 0.0 0 3.0318377017974854 680.3367309570312 157.88262939453125 697.0828247070312 188.5355224609375 0.9945388 1.905156 0.46523637 4.882487 0.97500396 45.07623 3.13973331451416 0.10934463143348694
Pedestrian 0.0 0 -2.696561336517334 449.36895751953125 163.20724487304688 477.9888000488281 201.02073669433594 1.2005883 1.8296926 0.6790511 -7.210887 1.3632702 35.385014 -2.897592306137085 0.10471727699041367
Cyclist 0.0 0 0.9661061763763428 838.7255249023438 132.3742218017578 878.9689331054688 186.78001403808594 1.4799596 1.8054855 0.55912125 8.467436 0.46250007 24.729952 1.2959908246994019 0.14928555488586426
Cyclist 0.0 0 1.2543665170669556 0.0 146.9202880859375 61.219730377197266 275.89080810546875 1.2758387 1.7587011 0.5937157 -8.61645 1.4054149 10.428297 0.563819169998169 0.113804891705513
Car 0.0 0 -3.270815134048462 665.859375 179.03408813476562 763.1007080078125 213.5095977783203 4.1672273 1.5037998 1.7057294 4.630882 1.7914462 32.661736 -3.1299707889556885 0.9506821036338806
Car 0.0 0 0.036775290966033936 647.1826782226562 177.6482696533203 703.524658203125 198.59042358398438 4.18675 1.5388831 1.7505935 4.94692 1.9100474 54.67009 0.12701630592346191 0.3396082818508148
Car 0.0 0 -1.3277522325515747 450.7275085449219 181.4418487548828 500.3437805175781 214.59283447265625 3.5736637 1.4867674 1.56153 -6.526893 1.9271243 35.13521 -1.5114235877990723 0.10072480142116547
