Pedestrian 0.0 0 -1.6116297245025635 786.6256103515625 159.10458374023438 836.703369140625 267.0952453613281 0.729294 1.5902847 0.70322454 3.1649337 1.2617966 11.013201 -1.3317941427230835 0.8380748629570007
Pedestrian 0.0 0 3.2479753494262695 80.58905792236328 144.44241333007812 168.0264129638672 317.1805114746094 0.7274463 1.7718765 0.7048475 -5.232628 1.3931193 7.8466067 2.6598353385925293 0.696925163269043
Pedestrian 0.0 0 1.415515422821045 688.6427612304688 152.03041076660156 719.2172241210938 223.20274353027344 0.9416458 1.8999819 0.6877083 2.7630348 1.1144402 19.64983 1.555213212966919 0.5978462100028992
Pedestrian 0.0 0 -1.7974107265472412 759.834228515625 154.36166381835938 782.2166137695312 199.0972137451172 1.0765253 1.8901881 0.71093905 7.2698727 0.7445005 30.888695 -1.5662603378295898 0.36912527680397034
Pedestrian 0.0 0 -1.5872199535369873 847.13720703125 159.1157989501953 875.25341796875 225.91372680664062 1.0809059 1.6590655 0.65783036 6.6300645 1.1042942 18.45639 -1.2423473596572876 0.3413793444633484
Pedestrian 0.0 0 2.4769880771636963 945.8128051757812 91.98401641845703 1047.09033203125 257.34368896484375 0.86155236 1.7919991 0.52643806 4.4018164 0.82327354 8.113321 2.9740872383117676 0.24289026856422424
Cyclist 0.0 0 1.8359720706939697 326.4099426269531 143.956787109375 405.2588806152344 278.2131652832031 1.8628911 1.6492213 0.5516893 -3.197592 1.1893755 9.765851 1.519547700881958 0.8962646722793579
Cyclist 0.0 0 1.889428734779358 425.9322814941406 158.06698608398438 488.6372985839844 263.9078369140625 1.7292498 1.7058674 0.55654407 -2.5078597 1.3294836 12.466734 1.6909140348434448 0.8592627048492432
Car 0.0 0 -1.6265853643417358 555.5359497070312 159.314208984375 584.225341796875 185.03720092773438 3.9731534 1.6356459 1.6780108 -2.1250143 0.22563237 47.73472 -1.6710731983184814 0.7200185060501099
Car 0.0 0 -0.171150803565979 850.57177734375 172.82789611816406 1091.8677978515625 255.92947387695312 4.05376 1.5019141 1.5205702 7.0978837 1.34645 14.287994 0.28991150856018066 0.38254013657569885
Car 0.0 0 1.450340747833252 736.1937255859375 184.3793182373047 798.0554809570312 231.18368530273438 3.8822439 1.4145719 1.5338591 5.416443 1.5197346 23.962856 1.672640085220337 0.3705627918243408
Car 0.0 0 2.662947416305542 839.89013671875 162.8553924560547 961.3873291015625 220.04592895507812 2.4653175 1.4200165 1.5948008 7.714609 0.9582655 18.736042 3.05354380607605 0.2948165237903595
Car 0.0 0 2.1713643074035645 0.0 141.29147338867188 84.89366912841797 374.0 3.6539514 1.4544818 1.5992069 -5.5065513 1.2796729 5.104507 1.3480949401855469 0.2543671429157257
Car 0.0 0 -1.623155951499939 604.5161743164062 158.15184020996094 643.9019165039062 197.97572326660156 3.860871 1.7120478 1.5862733 0.97643894 0.7092644 32.82683 -1.5934195518493652 0.2510722279548645
Car 0.0 0 -0.5539713501930237 899.591552734375 146.2056121826172 1019.6513671875 185.61602783203125 4.0361114 1.5153469 1.6092337 14.196312 0.15928367 28.60684 -0.09332354366779327 0.2319125533103943
