Pedestrian 0.0 0 1.4928282499313354 600.673095703125 166.352294921875 617.812744140625 212.0443572998047 0.9909796 1.9115503 0.65210277 0.31136858 1.2788172 30.565727 1.5030148029327393 0.8078517317771912
Pedestrian 0.0 0 0.5481494665145874 238.1706085205078 163.13360595703125 310.5904541015625 281.3348693847656 0.81777954 1.7179266 0.5575196 -4.933958 1.4523032 10.762676 0.11830544471740723 0.6140455007553101
Pedestrian 0.0 0 1.1153885126113892 609.7784423828125 164.9674072265625 637.12890625 218.84751892089844 0.825949 1.7449292 0.6010214 0.6984554 1.2106091 23.761204 1.1447747945785522 0.6124221086502075
Pedestrian 0.0 0 -0.5395792126655579 565.6839599609375 172.49131774902344 618.067138671875 256.8474426269531 0.9486093 1.7809515 0.64212394 -0.24653581 1.5919893 15.685959 -0.5552948713302612 0.5832304954528809
Pedestrian 0.0 0 2.828601837158203 773.820556640625 155.35865783691406 801.939697265625 220.7342987060547 0.58644146 1.7424542 0.57698524 5.0119443 1.0468746 19.44891 3.080812454223633 0.5715497732162476
Pedestrian 0.0 0 -1.2378158569335938 349.6075439453125 183.72393798828125 397.01190185546875 266.2547302246094 0.7769869 1.6031163 0.6897397 -4.590203 1.6500752 14.368491 -1.5470316410064697 0.5545955896377563
Pedestrian 0.0 0 -1.0434954166412354 10.27966022491455 192.45889282226562 132.93310546875 361.94061279296875 0.7063063 1.4945815 0.66722554 -5.0119762 1.6051824 6.769765 -1.6807899475097656 0.4898611009120941
Pedestrian 0.0 0 1.1364070177078247 465.1331787109375 172.29226684570312 499.472900390625 250.33416748046875 0.5335779 1.6306378 0.55141276 -2.5904381 1.4394822 15.382517 0.9695708751678467 0.48380139470100403
Pedestrian 0.0 0 -3.004502773284912 552.4552612304688 177.64990234375 576.50048828125 228.6773681640625 0.707272 1.6267171 0.5587085 -1.215844 1.50508 23.205654 -3.056849241256714 0.4395071268081665
Pedestrian 0.0 0 1.2745624780654907 626.6030883789062 166.5347442626953 646.7440185546875 206.83067321777344 0.8970275 1.9063324 0.73528945 1.6784723 1.1992639 34.50554 1.3231676816940308 0.3925378620624542
Pedestrian 0.0 0 -0.01778355985879898 587.4008178710938 167.41696166992188 602.55859375 194.7576446533203 1.028147 1.8618436 0.5304028 -0.43289 0.9034751 49.193302 -0.02658310905098915 0.34714949131011963
Pedestrian 0.0 0 1.6829469203948975 596.003662109375 164.6339874267578 610.9592895507812 202.48573303222656 0.7793314 1.7665906 0.62466747 0.090035744 0.98035187 33.945908 1.6855992078781128 0.3312568664550781
Pedestrian 0.0 0 -3.188830614089966 721.166259765625 156.47042846679688 735.8696899414062 191.3077850341797 0.7637413 1.897615 0.6862506 6.984903 0.5350624 39.514565 -3.0138702392578125 0.30917221307754517
Pedestrian 0.0 0 -1.4009767770767212 764.3861694335938 172.17828369140625 782.803955078125 218.1529998779297 0.75595176 1.689159 0.55064857 6.416975 1.3477111 26.845581 -1.166346549987793 0.3056470453739166
Pedestrian 0.0 0 -1.9459407329559326 705.063720703125 159.51666259765625 723.4967651367188 199.72142028808594 0.6553942 1.8201201 0.6375617 5.1547413 0.82584345 32.906628 -1.7905559539794922 0.279423326253891
Pedestrian 0.0 0 1.8382070064544678 768.2501220703125 151.17491149902344 793.1749877929688 206.48326110839844 0.80448276 1.853053 0.6384324 6.112445 0.83812076 24.5715 2.082019805908203 0.27146589756011963
Pedestrian 0.0 0 1.7608587741851807 535.26611328125 169.7583770751953 566.7953491210938 236.0472412109375 1.2744726 1.727609 0.62226456 -1.379077 1.4227725 19.388187 1.6898486614227295 0.27022090554237366
Pedestrian 0.0 0 1.3054245710372925 637.4627685546875 167.22535705566406 655.7000122070312 205.0657196044922 0.8891846 1.8495346 0.692164 2.2258317 1.1527224 35.612892 1.3678441047668457 0.255619615316391
Pedestrian 0.0 0 -1.774099349975586 685.6871948242188 161.8302001953125 701.0587768554688 192.64523315429688 0.9792316 1.8286499 0.73176724 5.520028 0.662154 43.141415 -1.646838903427124 0.22765611112117767
Pedestrian 0.0 0 -0.3439413011074066 754.644775390625 162.18128967285156 778.1690673828125 202.7855987548828 0.8835816 1.816883 0.606541 7.44649 0.9533902 32.493492 -0.11866264790296555 0.19939859211444855
Cyclist 0.0 0 0.17275282740592957 524.8893432617188 169.11643981933594 576.740966796875 234.70916748046875 1.3132442 1.7372161 0.6032418 -1.3895797 1.4104053 19.388828 0.10120606422424316 0.18271757662296295
