Pedestrian 0.0 0 1.8671824932098389 180.9622039794922 150.2442626953125 232.6501007080078 235.57383728027344 1.1878035 1.841823 0.7004274 -9.095268 1.3541538 16.226349 1.356294870376587 0.5560494661331177
Pedestrian 0.0 0 1.5914791822433472 644.81103515625 167.28060913085938 659.950439453125 213.54885864257812 0.9125987 1.8461233 0.59596914 1.6816497 1.6241006 29.265068 1.648878812789917 0.33437007665634155
Pedestrian 0.0 0 2.9046974182128906 731.3687133789062 150.88185119628906 759.1717529296875 194.52670288085938 1.1176378 1.9500248 0.6249646 6.062438 0.9686811 32.57671 3.0886900424957275 0.2310221642255783
Pedestrian 0.0 0 -2.423914670944214 0.0 136.91441345214844 79.80994415283203 296.1516418457031 0.7112966 1.8133869 0.6214901 -6.9154606 1.4044662 8.537741 -3.1047158241271973 0.21914204955101013
Cyclist 0.0 0 1.7413488626480103 344.4371337890625 182.14633178710938 398.2430114746094 291.487548828125 1.9197994 1.8340169 0.6256095 -4.4031205 2.0180683 13.264969 1.4208564758300781 0.7995054125785828
Car 0.0 0 -2.016580581665039 801.0028076171875 180.0684356689453 1242.0 375.0 3.457375 1.4501832 1.5079195 2.572139 1.5214329 5.357296 -1.5689640045166016 0.9713290929794312
Car 0.0 0 -1.6989457607269287 675.5037841796875 177.02032470703125 778.2301635742188 257.1996154785156 4.148367 1.5294205 1.6930786 2.40423 1.6346538 16.068895 -1.5504273176193237 0.9620749950408936
Car 0.0 0 2.0647826194763184 0.0 195.95079040527344 370.80706787109375 375.0 4.5421443 1.4472437 1.7373646 -3.8195791 1.7335404 6.6351304 1.5424524545669556 0.9574618935585022
Car 0.0 0 3.407625436782837 343.93927001953125 177.7510986328125 476.70855712890625 232.75958251953125 3.8118532 1.6930926 1.6538302 -6.386193 1.8564787 23.185587 3.138852119445801 0.8776035904884338
Car 0.0 0 1.5783239603042603 541.1148071289062 178.40614318847656 561.9402465820312 200.01576232910156 3.9819546 1.7118927 1.6765393 -4.8919086 2.1916854 60.255882 1.4973160028457642 0.7729285359382629
Car 0.0 0 -0.8069377541542053 627.8754272460938 171.4701690673828 679.0460815429688 192.9701385498047 3.7571754 1.544097 1.6672262 3.2315197 1.4450698 53.704987 -0.7468385100364685 0.22937731444835663
