Pedestrian 0.0 0 -0.4735635817050934 772.2532348632812 162.47256469726562 824.3440551757812 249.24331665039062 0.82392067 1.7971057 0.7387481 4.1522193 1.4042659 15.321577 -0.20891553163528442 0.7779842615127563
Pedestrian 0.0 0 1.6849972009658813 693.0029907226562 164.9695587158203 714.2490844726562 216.15870666503906 0.72795975 1.7451929 0.65241086 3.5263238 1.1826937 24.922045 1.8255583047866821 0.7306725978851318
Pedestrian 0.0 0 2.3091306686401367 356.3358154296875 181.01039123535156 454.11700439453125 338.5395812988281 0.86292356 1.6338911 0.6332627 -2.2109256 1.6301758 7.975839 2.038717746734619 0.7212443947792053
Pedestrian 0.0 0 1.135825514793396 748.59716796875 164.94671630859375 775.7308959960938 214.82150268554688 0.80975723 1.8408425 0.71918833 6.0116186 1.2309124 26.983091 1.3550374507904053 0.6643189191818237
Pedestrian 0.0 0 -1.2119828462600708 103.22158813476562 202.93435668945312 209.70523071289062 354.5986022949219 0.83908206 1.6189567 0.80382186 -5.150589 1.8824769 8.293835 -1.76771080493927 0.6561355590820312
Pedestrian 0.0 0 1.6573776006698608 561.6510620117188 171.7944793701172 582.6130981445312 224.615234375 1.1310984 1.8704399 0.66544026 -1.075171 1.5278145 26.014431 1.616071343421936 0.6184226870536804
Pedestrian 0.0 0 1.272628664970398 599.2529296875 173.38534545898438 617.7655639648438 217.6088409423828 0.6155932 1.8557298 0.63298124 0.28268898 1.5161965 30.525764 1.2818890810012817 0.6071937084197998
Pedestrian 0.0 0 1.657956838607788 583.2590942382812 173.1591339111328 609.177734375 237.33636474609375 0.79293406 1.7058553 0.639485 -0.1663888 1.4853172 19.511364 1.649429202079773 0.5308478474617004
Pedestrian 0.0 0 1.4689557552337646 625.3765869140625 175.5614471435547 640.1107788085938 217.1903839111328 0.5521983 1.7533672 0.57177573 1.3134924 1.504217 30.54534 1.5119307041168213 0.5138897895812988
Pedestrian 0.0 0 -1.5840094089508057 782.4447631835938 156.08480834960938 810.8504028320312 229.8385772705078 1.0069398 1.8751458 0.70006347 5.0765314 1.2301592 18.835062 -1.32073974609375 0.5112469792366028
Pedestrian 0.0 0 -1.4879159927368164 887.69970703125 165.66354370117188 932.3125610351562 277.9491271972656 0.6683528 1.7433995 0.6102785 4.9410315 1.4988151 11.588596 -1.0848853588104248 0.4990686774253845
Pedestrian 0.0 0 1.685673713684082 547.4625854492188 173.49594116210938 568.1046752929688 227.12242126464844 0.7613136 1.6737766 0.5726479 -1.407764 1.4250648 22.813236 1.6240437030792236 0.47807571291923523
Pedestrian 0.0 0 1.5847963094711304 580.102783203125 172.89141845703125 594.3141479492188 211.4175262451172 0.78656125 1.7002537 0.62529624 -0.64480215 1.3212863 32.09449 1.5647082328796387 0.45662665367126465
Pedestrian 0.0 0 0.42604050040245056 609.2247314453125 178.14535522460938 626.2316284179688 219.50302124023438 0.54335684 1.7982168 0.6156292 0.7055587 1.6533171 31.6255 0.4483466148376465 0.40878212451934814
Pedestrian 0.0 0 1.8601109981536865 460.2953796386719 175.45492553710938 518.4959106445312 273.4053039550781 1.5967685 1.6845624 0.629516 -2.0670407 1.5818781 13.184632 1.7046003341674805 0.35046297311782837
Pedestrian 0.0 0 1.1561872959136963 491.83624267578125 191.3894500732422 527.7444458007812 262.499755859375 0.67906964 1.6517985 0.6353402 -2.2407246 1.8969717 17.26464 1.0271217823028564 0.31389057636260986
Pedestrian 0.0 0 -1.462996482849121 568.4901733398438 169.95773315429688 583.7472534179688 207.56161499023438 0.6803863 1.7052388 0.6306634 -1.169239 1.1827636 32.934124 -1.4984838962554932 0.2972971200942993
Cyclist 0.0 0 1.8555773496627808 459.3587951660156 175.47315979003906 519.3143920898438 275.1683349609375 1.719684 1.7068433 0.6333674 -2.065315 1.6049408 13.189254 1.7002480030059814 0.4221065938472748
Cyclist 0.0 0 1.6573776006698608 561.6510620117188 171.7944793701172 582.6130981445312 224.615234375 1.1310984 1.8704399 0.66544026 -1.075171 1.5278145 26.014431 1.616071343421936 0.11885964870452881
Car 0.0 0 -1.3072724342346191 637.5364379882812 176.27064514160156 665.0647583007812 193.86788940429688 3.3956776 1.4518951 1.505368 4.2979712 1.0209188 61.115788 -1.237062931060791 0.44559445977211
Car 0.0 0 0.553249716758728 0.0 0.0 1238.0 374.0 3.969669 1.5680326 1.644805 1.7546326 1.560638 0.41506663 1.8917611837387085 0.3962039649486542
