Pedestrian 0.0 0 2.948514938354492 492.1895446777344 163.3983917236328 506.4170837402344 191.4756317138672 0.8650897 1.8763945 0.5108772 -7.4882865 1.2448363 48.604412 2.7956509590148926 0.35592401027679443
Pedestrian 0.0 0 1.9447423219680786 592.218505859375 163.8349151611328 616.4871215820312 213.35784912109375 0.72655624 1.7749496 0.66680235 -0.24605356 1.4520553 26.316133 1.9353927373886108 0.3092837333679199
Pedestrian 0.0 0 -1.821476697921753 456.9080810546875 154.30323791503906 504.3883972167969 255.28268432617188 0.5309691 1.6327502 0.66781527 -2.2156267 1.333158 12.044903 -2.003390312194824 0.2288595736026764
Pedestrian 0.0 0 -0.076300710439682 831.7781982421875 161.19883728027344 848.7577514648438 188.9087371826172 1.0770319 1.8890942 0.47453707 15.777733 1.094873 49.542088 0.23201489448547363 0.1913147270679474
Pedestrian 0.0 0 3.223466634750366 486.6094665527344 162.18157958984375 501.8505859375 190.95077514648438 0.95968103 1.8946187 0.50350255 -7.6979923 1.1921358 47.80301 3.0638017654418945 0.18903093039989471
Car 0.0 0 3.0010733604431152 635.3375854492188 169.1411590576172 703.8663940429688 197.11961364746094 3.6282098 1.5293744 1.5991796 3.2649174 1.326779 40.344906 3.081822633743286 0.8121418952941895
Car 0.0 0 2.8476614952087402 100.7171630859375 171.26722717285156 224.6868438720703 210.62283325195312 4.403147 1.6389446 1.7240814 -19.951748 1.5732228 32.26643 2.29386305809021 0.6580650806427002
Car 0.0 0 1.213544487953186 768.9622192382812 164.1934051513672 811.1346435546875 188.13528442382812 4.159184 1.7120615 1.6939099 13.330146 1.093107 53.756252 1.4566153287887573 0.5879528522491455
Car 0.0 0 -1.8959858417510986 801.1610717773438 164.7584991455078 839.744140625 188.1617889404297 3.9093792 1.7188462 1.6537697 15.9589815 1.1246316 54.978523 -1.6134732961654663 0.34857070446014404
Car 0.0 0 1.9606826305389404 133.73770141601562 158.23226928710938 189.8100128173828 189.05921936035156 4.665716 2.1094816 1.7803723 -32.125496 1.1092769 51.81937 1.40572190284729 0.3068203628063202
Car 0.0 0 -2.1034200191497803 838.5426025390625 159.1394500732422 890.091064453125 184.617431640625 4.254226 1.839632 1.7360268 19.062567 0.8497331 54.350834 -1.766093373298645 0.19114768505096436
