Cyclist 0.0 0 1.7785587310791016 443.68768310546875 162.7169189453125 524.1021118164062 331.35174560546875 1.6618888 1.6532116 0.5403557 -1.3922434 1.5541908 7.910386 1.6043410301208496 0.8881710171699524
Car 0.0 0 -1.8450381755828857 763.9627075195312 193.62600708007812 1059.975341796875 375.0 3.3609943 1.4813162 1.5478882 2.406775 1.7252822 6.7292323 -1.5015559196472168 0.9878541827201843
Car 0.0 0 1.8333393335342407 372.9331359863281 173.51519775390625 511.55322265625 270.75579833984375 3.9610054 1.6260157 1.6394125 -3.1443553 1.6411461 14.103934 1.6139848232269287 0.9453907608985901
Car 0.0 0 -1.4074219465255737 479.7796936035156 183.45359802246094 550.414306640625 236.80126953125 3.6343913 1.444103 1.5716246 -2.8665314 1.7963012 22.104616 -1.5363824367523193 0.9347195625305176
Car 0.0 0 3.8236143589019775 0.0 179.488037109375 199.2729949951172 329.2826843261719 4.273469 1.4222046 1.590896 -7.129027 1.5030872 7.842042 3.085806369781494 0.8967416286468506
Car 0.0 0 1.452214241027832 632.656494140625 177.18673706054688 673.635986328125 207.20147705078125 4.1171417 1.506722 1.7207922 2.2353895 1.7535435 38.933792 1.5095664262771606 0.8386598825454712
Car 0.0 0 1.612438440322876 561.8933715820312 169.93479919433594 584.9075317382812 192.898193359375 4.053459 1.7671506 1.6682414 -2.9119515 1.5428596 57.557316 1.5618892908096313 0.5830585360527039
Car 0.0 0 -2.769232749938965 0.0 0.0 1242.0 375.0 3.8263063 1.5664238 1.6229817 2.0151126 1.4953885 0.73198813 -1.5468655824661255 0.5034263730049133
Car 0.0 0 1.1992706060409546 927.8536987304688 160.38153076171875 1012.4031372070312 202.58251953125 3.4597948 1.3918091 1.5156132 12.621112 0.98081887 25.582983 1.657576084136963 0.49776023626327515
Car 0.0 0 -2.8503341674804688 361.3340759277344 165.3191680908203 477.063232421875 215.2562255859375 3.5769806 1.673944 1.59277 -6.607558 1.4217265 25.039377 -3.108339309692383 0.4903242290019989
Car 0.0 0 1.6937724351882935 577.9729614257812 171.3271026611328 602.5935668945312 192.169677734375 4.459853 1.8485343 1.7288407 -1.7944983 1.7134697 66.29311 1.6667098999023438 0.4362885355949402
