Pedestrian 0.0 0 1.8279305696487427 552.9366455078125 159.2545928955078 573.78173828125 203.633056640625 0.9400468 1.8912413 0.68648916 -2.0567267 1.3120446 31.27319 1.7622586488723755 0.48972436785697937
Pedestrian 0.0 0 1.1221091747283936 1131.6756591796875 170.94818115234375 1166.6390380859375 224.27561950683594 0.7386608 1.8211443 0.72352266 18.679781 1.7564185 25.069422 1.7624810934066772 0.3802153766155243
Car 0.0 0 -1.859718680381775 641.8941040039062 178.17745971679688 770.4180297851562 269.9349060058594 3.2697277 1.5164137 1.5444449 1.6648386 1.6319396 13.865378 -1.7402191162109375 0.9544594883918762
Car 0.0 0 2.4338314533233643 559.3289794921875 175.42796325683594 656.4507446289062 213.8153076171875 3.8118804 1.4501312 1.6260754 -0.08558794 1.5618807 29.363186 2.4309165477752686 0.9154371023178101
Car 0.0 0 -1.0627191066741943 880.0953369140625 167.2374267578125 952.85302734375 204.79351806640625 3.2193885 1.53392 1.5079999 13.169201 1.3048776 31.05122 -0.6616007089614868 0.8477961421012878
Car 0.0 0 -0.9424206018447876 727.4978637695312 172.22119140625 830.4766235351562 216.3042755126953 3.8827155 1.4343381 1.5291365 5.93587 1.4141062 25.321394 -0.7121572494506836 0.8187530636787415
Car 0.0 0 -1.1047990322113037 810.81884765625 167.0294189453125 895.7843017578125 206.5331268310547 3.8906178 1.4427247 1.5758103 9.540623 1.2303613 28.276424 -0.7793879508972168 0.8058232069015503
Car 0.0 0 2.2802481651306152 679.59423828125 172.91390991210938 758.8485107421875 203.88768005371094 3.7830434 1.3468274 1.5034332 5.020364 1.3500905 33.182896 2.430403232574463 0.620126485824585
Car 0.0 0 -1.189454197883606 930.9993896484375 158.46087646484375 1009.1956787109375 196.91014099121094 4.452398 1.6978695 1.7673682 16.974302 1.0626456 33.99864 -0.7263954281806946 0.4702191948890686
Car 0.0 0 -1.8824844360351562 44.04930114746094 166.23646545410156 130.67181396484375 208.11708068847656 3.8493247 1.5022632 1.5781212 -20.10348 1.2652495 27.650896 -2.5111324787139893 0.32783985137939453
Car 0.0 0 -3.1303658485412598 1031.4583740234375 163.84249877929688 1165.7506103515625 208.51783752441406 3.9635096 1.5232663 1.5645169 17.71532 1.216365 26.367035 -2.538766860961914 0.3215586841106415
