Pedestrian 0.0 0 -1.7638732194900513 1191.7550048828125 126.8746337890625 1226.797607421875 190.07025146484375 0.6325049 1.9679415 0.74795395 18.984035 0.5364802 22.922869 -1.0721898078918457 0.48156654834747314
Pedestrian 0.0 0 1.4546629190444946 1052.4459228515625 101.3873519897461 1096.8380126953125 201.02215576171875 0.78602195 1.8673778 0.63537276 8.95906 0.5282917 14.012855 2.0235118865966797 0.2034677267074585
Cyclist 0.0 0 1.467247486114502 659.5807495117188 167.75181579589844 675.1106567382812 207.94544982910156 1.8528165 1.8075687 0.52377784 2.603705 1.5784736 33.378723 1.5450947284698486 0.7563949823379517
Car 0.0 0 -1.6372350454330444 580.4718017578125 177.3291015625 608.2141723632812 202.35548400878906 3.8200705 1.5667615 1.5818943 -1.1041651 1.8761313 47.84742 -1.660307765007019 0.7127735018730164
Car 0.0 0 1.7155437469482422 447.6678466796875 178.08741760253906 487.3659362792969 209.1547393798828 3.7522182 1.5319688 1.5341862 -7.514749 1.8228017 38.13334 1.5209717750549316 0.19749334454536438
Car 0.0 0 -1.0746911764144897 181.7806854248047 179.20147705078125 363.8064880371094 262.53240966796875 4.1714277 1.4623716 1.6394383 -6.864399 1.6146022 15.123146 -1.5007838010787964 0.17530457675457
Car 0.0 0 1.709022045135498 462.6763000488281 174.41139221191406 498.9845886230469 202.63868713378906 3.9364119 1.6027739 1.6133031 -7.714703 1.7006621 43.18519 1.5322444438934326 0.15298376977443695
Car 0.0 0 -1.0828489065170288 189.05929565429688 168.9446563720703 277.2952575683594 217.41786193847656 4.779629 2.3020275 1.9569992 -19.040054 2.1167276 36.662067 -1.5618480443954468 0.14443810284137726
Car 0.0 0 1.8858461380004883 359.658447265625 179.3602294921875 443.8800964355469 225.03732299804688 4.030689 1.4232057 1.6413708 -7.1747394 1.6683991 25.105316 1.607480525970459 0.14327089488506317
Car 0.0 0 -0.6067896485328674 1017.8927001953125 152.99473571777344 1095.970458984375 178.63104248046875 3.9967365 1.6002673 1.6595341 28.406666 0.36097205 45.97206 -0.053303901106119156 0.12927430868148804
Car 0.0 0 1.8666768074035645 101.10355377197266 196.16641235351562 146.43936157226562 218.84048461914062 4.0736265 1.5262401 1.7717978 -37.2309 3.3850214 55.31016 1.2742133140563965 0.1265491396188736
