Pedestrian 0.0 0 -2.498772621154785 1079.0379638671875 216.82705688476562 1242.0 375.0 0.71842754 1.4782505 0.65963256 3.6931622 1.8022412 4.8714104 -1.8500885963439941 0.45033586025238037
Pedestrian 0.0 0 1.4970202445983887 719.2535400390625 197.95106506347656 739.91162109375 243.74952697753906 0.99202156 1.8324906 0.7736035 4.919186 2.8939333 29.974936 1.6596803665161133 0.3748805820941925
Pedestrian 0.0 0 -3.26452374458313 847.4935913085938 193.232666015625 866.8687744140625 231.30540466308594 0.7883703 1.7676417 0.738922 11.745073 2.752496 34.412556 -2.9356186389923096 0.2997715175151825
Pedestrian 0.0 0 -0.3613256812095642 1008.988037109375 211.7615509033203 1132.672119140625 375.0 0.7000498 1.6115621 0.5370936 3.6624525 1.9461842 5.864314 0.19693708419799805 0.2667892575263977
Pedestrian 0.0 0 0.48466581106185913 868.0137939453125 166.2611846923828 903.4024658203125 206.9459228515625 1.3453443 1.7983557 0.65120614 12.414985 1.5072964 32.610767 0.848426103591919 0.20134009420871735
Pedestrian 0.0 0 -0.5903891324996948 952.8097534179688 215.75576782226562 1091.7325439453125 375.0 0.9031435 1.6635425 0.72476184 3.8605986 2.0983248 6.9059825 -0.08064538240432739 0.20063474774360657
Pedestrian 0.0 0 -3.1971614360809326 878.01318359375 186.97628784179688 920.4404296875 250.0625762939453 1.1063879 1.7713714 0.70690536 8.355465 2.1927352 20.99652 -2.818427562713623 0.10782267898321152
Cyclist 0.0 0 2.029458999633789 916.191162109375 141.2350311279297 994.0226440429688 240.93934631347656 1.8477402 1.8185016 0.6071146 6.6487303 1.2421626 13.96784 2.4737250804901123 0.5507603883743286
Cyclist 0.0 0 -1.088035225868225 430.3648681640625 202.11923217773438 472.6019592285156 271.50732421875 1.4780908 1.6033466 0.39547575 -4.0021257 2.3681686 18.080154 -1.3058772087097168 0.21846553683280945
Cyclist 0.0 0 -3.1971614360809326 878.01318359375 186.97628784179688 920.4404296875 250.0625762939453 1.1063879 1.7713714 0.70690536 8.355465 2.1927352 20.99652 -2.818427562713623 0.21038992702960968
Cyclist 0.0 0 3.1768746376037598 491.2697448730469 206.6584930419922 533.4669189453125 251.05148315429688 1.6976743 1.7622643 0.6188413 -4.040035 3.1693888 29.631088 3.041365623474121 0.20068544149398804
Cyclist 0.0 0 -1.8434540033340454 714.2509765625 196.76931762695312 738.4866943359375 241.6852264404297 0.99604154 1.7976644 0.7522471 4.787355 2.8098035 29.985529 -1.6851346492767334 0.1561221033334732
Cyclist 0.0 0 0.48466581106185913 868.0137939453125 166.2611846923828 903.4024658203125 206.9459228515625 1.3453443 1.7983557 0.65120614 12.414985 1.5072964 32.610767 0.848426103591919 0.11607730388641357
Car 0.0 0 -1.419620394706726 549.5014038085938 204.7798614501953 592.5576171875 240.68911743164062 3.5071437 1.5242515 1.6181811 -1.9162146 3.1847024 35.692013 -1.4732563495635986 0.8137876987457275
Car 0.0 0 1.512955904006958 671.3121337890625 195.61904907226562 698.9151611328125 217.9539794921875 4.147271 1.4904654 1.8322309 5.613809 3.2791593 54.566067 1.615476131439209 0.36059650778770447
Car 0.0 0 0.49977532029151917 295.35382080078125 194.96852111816406 467.92584228515625 262.9410400390625 3.8285506 1.5306649 1.6424421 -5.7520165 2.12438 18.18309 0.19339704513549805 0.31543558835983276
Car 0.0 0 -1.3322803974151611 488.74053955078125 203.0626678466797 546.4771728515625 243.5283660888672 3.5268216 1.4895953 1.6876854 -3.9650202 2.872035 31.161795 -1.4588401317596436 0.3067243695259094
Car 0.0 0 -1.8269011974334717 841.3471069335938 206.46762084960938 1043.1380615234375 350.5713195800781 3.9871469 1.5237873 1.6693029 4.5817237 2.1203241 10.699498 -1.4223076105117798 0.2687129080295563
Car 0.0 0 -2.5076682567596436 1093.9952392578125 0.0 1242.0 375.0 3.9098833 1.4924233 1.5870422 3.3196821 1.3261762 2.0665326 -1.493678092956543 0.1961541473865509
