Pedestrian 0.0 0 2.7606732845306396 722.4220581054688 141.54098510742188 833.610595703125 305.1943664550781 1.1058663 1.8197604 0.62455755 1.9518812 1.3882385 8.247797 2.9930529594421387 0.6927736401557922
Pedestrian 0.0 0 -3.32079815864563 815.9638671875 178.119140625 865.8228149414062 266.3882141113281 0.84784883 1.7068177 0.5651296 4.6201696 1.6624125 14.005643 -3.002159595489502 0.3035096526145935
Pedestrian 0.0 0 2.8235177993774414 753.3988647460938 125.89871978759766 816.749267578125 230.5950164794922 0.90817416 1.7722589 0.657868 3.082554 0.84963745 12.324855 3.068598747253418 0.2000875324010849
Pedestrian 0.0 0 -1.942472219467163 836.740966796875 173.8790283203125 872.19091796875 243.64895629882812 0.8066845 1.719129 0.5882796 6.2455225 1.5575858 17.830017 -1.6055467128753662 0.18035003542900085
Pedestrian 0.0 0 -1.8767750263214111 776.2405395507812 165.66798400878906 807.1176147460938 234.71359252929688 0.66513 1.7011474 0.5746748 4.6465797 1.3373127 17.76186 -1.620904803276062 0.1780259758234024
Pedestrian 0.0 0 2.889124870300293 630.2222900390625 166.05584716796875 679.9688110351562 263.6022033691406 0.77523094 1.7342263 0.6239654 0.8655087 1.4790739 12.943469 2.9558937549591064 0.11514760553836823
Pedestrian 0.0 0 -3.7094106674194336 1108.23779296875 126.72602081298828 1197.0313720703125 241.22406005859375 0.9782985 1.8277792 0.61314607 8.944653 0.97101784 11.630215 -3.053805112838745 0.11403874307870865
Pedestrian 0.0 0 -3.6004323959350586 1119.0111083984375 202.5095672607422 1224.0 370.0 0.55772555 1.5815735 0.65468764 4.3362813 1.7626287 5.3762474 -2.9217026233673096 0.11069251596927643
Pedestrian 0.0 0 1.6053533554077148 967.5075073242188 152.30145263671875 1009.313232421875 263.41705322265625 1.6084435 1.6890014 0.55074024 6.2507677 1.2620322 11.575599 2.100482940673828 0.10933087021112442
Pedestrian 0.0 0 -3.246800422668457 708.5770263671875 153.1123046875 759.4828491210938 223.26669311523438 1.2268845 1.7635851 0.57385844 3.255146 1.0766901 18.10002 -3.0688602924346924 0.10204937309026718
Cyclist 0.0 0 1.6662825345993042 972.8671264648438 146.9464569091797 1020.46142578125 256.21990966796875 1.6573186 1.6825525 0.5385024 6.466481 1.1675657 11.717919 2.170541524887085 0.23509639501571655
Cyclist 0.0 0 -2.022569179534912 841.2120971679688 137.8680419921875 919.1320190429688 243.05381774902344 1.6706052 1.6703241 0.5578328 4.613665 0.9949944 12.079149 -1.6577167510986328 0.1854737251996994
