Pedestrian 0.0 0 -0.10639343410730362 589.9256591796875 164.74267578125 604.9498291015625 197.8139190673828 0.7788738 1.8406831 0.64441156 -0.7435215 1.38958 40.524822 -0.12473868578672409 0.2695648670196533
Cyclist 0.0 0 -0.16498325765132904 744.7713012695312 158.88499450683594 791.1359252929688 200.33346557617188 1.8296591 1.723689 0.60673136 6.5923443 1.1431273 30.351055 0.048897743225097656 0.4033831059932709
Cyclist 0.0 0 -3.3393352031707764 781.1578979492188 173.42726135253906 842.4855346679688 223.2787322998047 1.8520973 1.6245987 0.73030984 6.6369977 1.6443322 23.95254 -3.0690274238586426 0.3781549334526062
Car 0.0 0 2.6643335819244385 869.2844848632812 171.79698181152344 1008.1521606445312 222.2745819091797 3.4249513 1.4283906 1.4797949 9.571524 1.3988374 21.2462 3.0876076221466064 0.9131463766098022
Car 0.0 0 2.4773168563842773 1018.7164916992188 158.0474853515625 1206.2607421875 214.57693481445312 4.4673815 1.6001391 1.7118511 14.772063 1.1813794 21.410347 3.081265687942505 0.7827056050300598
Car 0.0 0 3.689851999282837 25.27107810974121 191.13621520996094 232.85865783691406 260.20135498046875 4.5521917 1.7845379 1.8099469 -13.338668 2.3205602 20.150764 3.10512638092041 0.4761061668395996
Car 0.0 0 1.2045693397521973 217.30694580078125 190.7742462158203 299.5281982421875 231.6819610595703 4.07845 1.4759836 1.6968046 -14.607935 2.2664754 29.80137 0.7488112449645996 0.42542654275894165
Car 0.0 0 0.21238301694393158 262.7738952636719 166.97889709472656 346.88372802734375 196.78125 3.9193146 1.5581621 1.6377991 -16.417736 1.2513512 38.890625 -0.18707247078418732 0.3111083209514618
Car 0.0 0 0.022492146119475365 595.61669921875 170.67703247070312 653.0252075195312 197.19281005859375 3.3733342 1.5554452 1.5407475 0.8369742 1.4281002 43.1638 0.04188036918640137 0.28803563117980957
Car 0.0 0 1.5466320514678955 0.0 201.6221923828125 52.36271667480469 244.94032287597656 3.8607843 1.4473354 1.6702013 -23.466675 2.675538 28.783518 0.8626422882080078 0.2790987193584442
