Pedestrian 0.0 0 1.9559056758880615 950.9030151367188 42.29787063598633 1078.532470703125 264.7330017089844 0.7460171 1.7464743 0.73023486 3.4081938 0.72175616 6.181045 2.4598188400268555 0.20446044206619263
Pedestrian 0.0 0 -1.7659857273101807 871.88232421875 130.78334045410156 908.6465454101562 207.42684936523438 0.734047 1.8790148 0.72969633 6.9762225 0.84795636 18.110884 -1.398306965827942 0.18627192080020905
Cyclist 0.0 0 -1.8431767225265503 866.4979248046875 158.0033416748047 926.4290771484375 258.1683044433594 1.9197696 1.8110435 0.5772756 5.4779143 1.5428922 14.026986 -1.4708634614944458 0.7671533226966858
Cyclist 0.0 0 -1.6298929452896118 1029.421142578125 157.3107452392578 1062.5513916015625 241.15013122558594 1.7023591 1.6618361 0.490007 9.095908 1.3541008 15.167266 -1.0896892547607422 0.16283828020095825
Car 0.0 0 -1.6006872653961182 596.5595703125 175.0068817138672 642.1130981445312 218.1071319580078 4.627127 1.683686 1.7841133 0.28439748 1.7827536 30.748108 -1.5914382934570312 0.7496816515922546
Car 0.0 0 1.7715728282928467 454.63031005859375 182.6858367919922 478.87451171875 199.21510314941406 3.711373 1.4767898 1.5514396 -13.593526 2.436381 68.5339 1.5757668018341064 0.2525860369205475
Car 0.0 0 1.609928846359253 508.13665771484375 171.21383666992188 544.6841430664062 204.29393005371094 4.529843 1.7007455 1.8080488 -4.5439854 1.6167779 39.420406 1.495165467262268 0.22047306597232819
Car 0.0 0 -0.26872551441192627 759.5381469726562 164.7939453125 821.9721069335938 187.0137176513672 4.0690174 1.5728918 1.6408786 12.951722 1.0026946 51.94322 -0.024364477023482323 0.19012248516082764
Car 0.0 0 1.5675381422042847 1027.53076171875 181.49916076660156 1126.8487548828125 261.9053039550781 3.6592321 1.4893464 1.6441374 10.117135 1.7025139 15.773802 2.137835741043091 0.16895164549350739
Car 0.0 0 -2.0556294918060303 668.8797607421875 177.57644653320312 703.3286743164062 195.4834442138672 3.681054 1.5516107 1.5759012 6.8631587 1.9942687 65.57447 -1.9513471126556396 0.14547154307365417
Car 0.0 0 2.0672616958618164 823.267822265625 171.75192260742188 873.2088623046875 195.48422241210938 3.954662 1.6036309 1.6494159 16.74128 1.5295191 50.70881 2.3861403465270996 0.13648781180381775
Car 0.0 0 1.4208929538726807 642.3836059570312 176.0349884033203 666.3436279296875 193.21144104003906 4.072419 1.5338428 1.6359261 4.0874643 1.8402158 67.30922 1.481545090675354 0.13341090083122253
