Pedestrian 0.0 0 1.7638142108917236 366.5770568847656 168.50778198242188 377.62322998046875 197.25128173828125 0.6150678 1.898067 0.59138715 -15.850401 1.6114233 47.985996 1.44478440284729 0.2712879180908203
Pedestrian 0.0 0 -0.09341388940811157 885.8441162109375 139.87098693847656 970.16552734375 299.51507568359375 0.8457573 1.7802864 0.6472141 3.6591783 1.4128311 8.48191 0.313873291015625 0.24467337131500244
Pedestrian 0.0 0 -0.31605374813079834 636.6138305664062 165.7174072265625 656.0779418945312 207.61744689941406 0.67553973 1.8076332 0.6651755 1.5449578 1.5001073 31.535454 -0.2671017348766327 0.2162560522556305
Pedestrian 0.0 0 2.648707389831543 398.7027587890625 171.2903289794922 425.6295471191406 202.9086456298828 1.3875009 1.7631545 0.52904195 -11.2451725 1.6763165 40.90291 2.3804123401641846 0.17612895369529724
Pedestrian 0.0 0 -0.3360629081726074 627.2379150390625 176.06077575683594 645.1802368164062 217.97010803222656 0.5941943 1.836561 0.7161406 1.1231633 1.9815624 32.11254 -0.30110132694244385 0.17535698413848877
Pedestrian 0.0 0 -1.510405421257019 328.8553466796875 184.5850372314453 349.7287902832031 233.31285095214844 0.6821598 1.717266 0.667139 -9.813974 2.1481705 26.054417 -1.8706413507461548 0.15794356167316437
Cyclist 0.0 0 0.28434208035469055 600.2567138671875 188.86456298828125 634.016357421875 221.970458984375 1.7686921 1.806508 0.71136683 0.36792204 2.719782 40.5428 0.29341673851013184 0.4475874900817871
Cyclist 0.0 0 2.694774627685547 397.18939208984375 169.57666015625 425.48388671875 202.18844604492188 1.45553 1.817441 0.54115707 -11.288679 1.6351542 40.890133 2.425410747528076 0.19470931589603424
Car 0.0 0 2.0150845050811768 0.0 192.80369567871094 293.2578430175781 375.0 3.9384546 1.4720128 1.6006359 -4.5122957 1.7199421 6.892165 1.435412883758545 0.9063229560852051
Car 0.0 0 1.79054594039917 285.0419921875 189.7778778076172 418.2295227050781 289.2424011230469 3.6859338 1.5198025 1.5736393 -4.7441893 1.8842368 13.597776 1.454856276512146 0.9033434391021729
Car 0.0 0 1.6690623760223389 444.7355651855469 187.18017578125 484.80523681640625 223.26681518554688 3.349131 1.4937032 1.4757727 -6.6310306 2.1835754 32.98468 1.4706730842590332 0.8989716172218323
Car 0.0 0 2.8660776615142822 408.9431457519531 183.13943481445312 463.4518737792969 203.2720947265625 3.7910562 1.4564689 1.561434 -13.373919 2.270241 55.44993 2.629408597946167 0.6798965334892273
