Pedestrian 0.0 0 0.03616046905517578 781.4307861328125 193.99107360839844 813.95703125 252.66734313964844 1.0291225 1.8942212 0.76071686 6.2478876 2.6176848 24.169987 0.2891209125518799 0.19888997077941895
Pedestrian 0.0 0 -1.627742886543274 924.8447875976562 182.4931182861328 976.835205078125 324.8388671875 1.778176 1.7745136 0.5409876 4.6586766 1.921457 10.043741 -1.1934404373168945 0.11075180768966675
Cyclist 0.0 0 -1.627742886543274 924.8447875976562 182.4931182861328 976.835205078125 324.8388671875 1.778176 1.7745136 0.5409876 4.6586766 1.921457 10.043741 -1.1934404373168945 0.40321746468544006
Cyclist 0.0 0 -2.1075308322906494 647.0250244140625 182.040771484375 678.4713134765625 228.63479614257812 1.5450281 1.5906324 0.37743232 1.8223796 1.9282343 25.709734 -2.036766290664673 0.14487022161483765
Cyclist 0.0 0 1.3913882970809937 582.478271484375 141.66285705566406 609.0396728515625 199.45277404785156 1.8340927 1.7310238 0.5054919 -0.50697786 0.79709077 22.559103 1.368918776512146 0.14262224733829498
Car 0.0 0 2.1300246715545654 9.365336418151855 190.1476593017578 258.71240234375 298.1483154296875 4.1347632 1.4731857 1.6430777 -7.991691 1.8247182 12.576244 1.5639393329620361 0.9195519685745239
Car 0.0 0 1.6662743091583252 500.5702819824219 177.78414916992188 524.9166870117188 197.09507751464844 3.9782813 1.4857619 1.5881438 -7.883766 1.9000604 58.560184 1.5324522256851196 0.3268749415874481
Car 0.0 0 1.7612323760986328 533.1207885742188 182.83251953125 563.4513549804688 203.10350036621094 4.1836963 1.5119951 1.6739756 -4.9537063 2.3461356 58.11913 1.6762042045593262 0.20657794177532196
Car 0.0 0 1.9688122272491455 284.2174377441406 184.8558807373047 347.1432800292969 217.1046142578125 3.6864865 1.4326757 1.5402193 -14.351534 2.0507731 35.282856 1.582494854927063 0.20114512741565704
Car 0.0 0 2.1929819583892822 244.76075744628906 197.64573669433594 306.09063720703125 224.83924865722656 3.8877385 1.5405602 1.643874 -21.612532 3.216502 46.69981 1.7595372200012207 0.1734033077955246
Car 0.0 0 -1.7781020402908325 715.58837890625 179.97947692871094 877.25 294.80340576171875 4.1349783 1.4658183 1.6012505 2.6989253 1.6008694 11.55176 -1.548581600189209 0.16607488691806793
