Pedestrian 0.0 0 1.7743206024169922 0.0 148.27760314941406 28.550607681274414 221.29351806640625 0.854981 1.9518554 0.65583086 -16.534742 1.2952396 19.81701 1.078970193862915 0.1847701519727707
Pedestrian 0.0 0 -1.717237114906311 859.6657104492188 168.22618103027344 872.5557250976562 200.2830352783203 0.6704032 1.8058211 0.5984683 14.526151 1.5454857 41.02934 -1.376965045928955 0.18180620670318604
Pedestrian 0.0 0 1.9098212718963623 1118.4481201171875 133.65924072265625 1144.560791015625 180.4196014404297 0.9935097 1.8646393 0.5612429 21.126123 0.30204776 29.28345 2.5347890853881836 0.15104049444198608
Car 0.0 0 1.7433526515960693 830.087890625 177.9001007080078 910.2992553710938 235.75814819335938 3.6320765 1.4801551 1.5700737 7.507904 1.6395049 20.765146 2.0902910232543945 0.9277188181877136
Car 0.0 0 -1.7366673946380615 1078.7347412109375 156.03807067871094 1242.0 262.1114501953125 4.4400635 1.680506 1.7274395 10.216719 1.4144515 13.798606 -1.099327802658081 0.8207176923751831
Car 0.0 0 -1.662582278251648 1029.5750732421875 161.36660766601562 1080.1163330078125 200.724365234375 3.679609 1.6994632 1.6368582 20.338802 1.2037975 33.16521 -1.1124718189239502 0.813296377658844
Car 0.0 0 -1.5568104982376099 911.0596313476562 168.9153594970703 948.5519409179688 202.8331298828125 4.188682 1.5685663 1.6008059 15.764644 1.3867776 35.602825 -1.1399669647216797 0.746527910232544
Car 0.0 0 1.6968233585357666 922.25537109375 164.6826171875 959.2428588867188 191.33766174316406 4.1025724 1.6026354 1.6211733 20.882778 1.1116884 45.549934 2.1266894340515137 0.20089448988437653
Car 0.0 0 1.5896623134613037 952.0419311523438 169.18251037597656 972.4280395507812 185.9298858642578 4.1348763 1.4941334 1.6142256 32.504524 1.1669347 66.57801 2.0438392162323 0.16279946267604828
Car 0.0 0 -1.7533438205718994 820.0068359375 175.80764770507812 869.12939453125 208.04010009765625 3.7672572 1.4776014 1.6243743 11.406491 1.6309896 35.40803 -1.441697120666504 0.14771710336208344
