Pedestrian 0.0 0 -1.8266997337341309 789.9264526367188 163.275390625 805.4481201171875 197.9357452392578 0.6450546 1.8337723 0.6563336 10.268246 0.92388165 37.728546 -1.5609745979309082 0.4066711664199829
Pedestrian 0.0 0 1.4883413314819336 275.986572265625 174.99107360839844 316.7988586425781 258.86407470703125 0.78952014 1.6525462 0.6989951 -6.3515606 1.5456343 14.439602 1.0739426612854004 0.3770737648010254
Pedestrian 0.0 0 1.8871554136276245 116.23735809326172 153.0636749267578 137.25653076171875 194.04644775390625 0.841805 1.9847138 0.6255765 -23.500793 0.65746766 34.7267 1.2922143936157227 0.3470015227794647
Pedestrian 0.0 0 0.01421627402305603 772.1266479492188 156.333740234375 801.436279296875 189.14869689941406 1.6172836 1.8601711 0.50525945 10.412998 0.49165136 40.531395 0.2656896114349365 0.3131926953792572
Pedestrian 0.0 0 -0.06683856248855591 989.4375 111.93301391601562 1052.989013671875 243.45997619628906 0.7279524 1.7530675 0.42536643 5.6913214 0.84083915 9.771279 0.46057963371276855 0.23711217939853668
Pedestrian 0.0 0 -1.910952091217041 1019.7610473632812 143.97193908691406 1040.1824951171875 185.93116760253906 0.5156678 1.9536912 0.6895789 19.958643 0.2543366 33.23779 -1.3701794147491455 0.20543290674686432
Pedestrian 0.0 0 -0.180292010307312 990.9681396484375 153.43675231933594 1024.3131103515625 223.9175262451172 0.6357674 1.7689439 0.6512796 10.293693 1.0912982 18.152874 0.33555150032043457 0.20444372296333313
Cyclist 0.0 0 1.0808498859405518 875.0838623046875 158.62477111816406 907.71533203125 197.2991943359375 1.9668713 1.7794777 0.5728979 13.547392 0.77441657 33.535824 1.46477210521698 0.569412350654602
Cyclist 0.0 0 0.01421627402305603 772.1266479492188 156.333740234375 801.436279296875 189.14869689941406 1.6172836 1.8601711 0.50525945 10.412998 0.49165136 40.531395 0.2656896114349365 0.2730373442173004
Car 0.0 0 -0.8585578203201294 0.0 201.389892578125 287.3963928222656 370.0 3.71971 1.4920675 1.5697253 -3.1721437 1.651275 3.4413881 -1.6032673120498657 0.8216814994812012
Car 0.0 0 1.7281185388565063 430.8064270019531 174.9087677001953 469.11749267578125 203.6938934326172 3.6934252 1.539055 1.5425774 -8.661163 1.2415159 39.68687 1.5132499933242798 0.7557899355888367
Car 0.0 0 1.940325140953064 410.1228942871094 175.16773986816406 442.8651428222656 192.197509765625 3.8338034 1.4813774 1.574648 -15.968645 1.0187241 63.49858 1.6939537525177002 0.1967523843050003
