Pedestrian 0.0 0 2.415149688720703 1110.92236328125 201.3665771484375 1164.6534423828125 277.5294189453125 0.8846456 1.8464795 0.64475036 13.201677 2.5775948 18.126074 3.0446341037750244 0.5955082774162292
Pedestrian 0.0 0 2.5481417179107666 691.4315185546875 185.77001953125 709.5787963867188 214.788818359375 0.9184672 1.7734246 0.6478563 5.6154175 2.5888112 45.03127 2.672201633453369 0.26393768191337585
Pedestrian 0.0 0 0.13743317127227783 231.84861755371094 172.67050170898438 248.2288818359375 201.76683044433594 0.8417126 1.7984625 0.5541617 -23.100792 1.7874789 44.996616 -0.3368685841560364 0.21339526772499084
Pedestrian 0.0 0 0.7989554405212402 1111.6239013671875 64.812255859375 1242.0 303.1398620605469 0.9007188 1.7419434 0.7015052 4.6254287 0.952621 5.752478 1.4761767387390137 0.16620714962482452
Pedestrian 0.0 0 0.936558723449707 958.1424560546875 146.6391143798828 1004.6116943359375 215.80862426757812 0.9893947 1.8316863 0.66719073 10.051532 1.1378447 19.646242 1.4094640016555786 0.12713675200939178
Pedestrian 0.0 0 -0.7469912767410278 1165.7705078125 147.59158325195312 1224.8150634765625 242.36570739746094 0.65372735 1.8284527 0.6269653 11.500603 1.3414292 14.252679 -0.06805223226547241 0.1237402930855751
Cyclist 0.0 0 -2.4045419692993164 989.4359130859375 193.5473175048828 1049.43701171875 253.3505859375 1.6828488 1.7062953 0.5175999 12.450818 2.3650217 22.073223 -1.8909616470336914 0.2969391345977783
Cyclist 0.0 0 1.0408856868743896 1177.8363037109375 221.34495544433594 1242.0 314.97271728515625 1.7563978 1.8103317 0.55469525 13.236166 2.9343753 15.805395 1.7380462884902954 0.25178200006484985
Cyclist 0.0 0 -0.49212679266929626 943.5460205078125 196.44775390625 997.029541015625 242.40216064453125 1.7974348 1.7967285 0.71632534 14.422189 2.7576997 28.989082 -0.03047786094248295 0.20191331207752228
Cyclist 0.0 0 -1.952343225479126 890.2611083984375 177.55931091308594 918.1318359375 220.2953643798828 1.5375735 1.7051588 0.52576864 12.06482 1.904404 29.725801 -1.566786527633667 0.11815394461154938
Car 0.0 0 -1.715043306350708 345.8121032714844 186.825439453125 385.44952392578125 217.11619567871094 3.8601892 1.578661 1.6201884 -14.16637 2.4252892 41.614483 -2.0431575775146484 0.1644073724746704
Car 0.0 0 -1.6350171566009521 896.3799438476562 189.25717163085938 945.2800903320312 229.0198211669922 3.725251 1.499104 1.6757634 13.208982 2.2486014 30.914804 -1.2312250137329102 0.1565724015235901
