Pedestrian 0.0 0 0.7554782629013062 718.3922729492188 180.80328369140625 763.3607788085938 264.546630859375 0.5780093 1.6259273 0.68622124 2.5834575 1.7911593 14.525877 0.9314899444580078 0.5264109373092651
Pedestrian 0.0 0 -0.23156237602233887 612.838623046875 159.4107208251953 628.5573120117188 191.0388946533203 0.7882746 1.8539039 0.70877534 0.5968624 1.0662761 42.72173 -0.21759235858917236 0.22862625122070312
Pedestrian 0.0 0 1.200303554534912 1026.8555908203125 177.3221893310547 1081.1951904296875 281.37298583984375 0.67293495 1.660666 0.557171 7.2739587 1.737249 11.926066 1.747986078262329 0.22263261675834656
Pedestrian 0.0 0 -0.42157888412475586 647.0003051757812 159.87820434570312 663.0606079101562 191.08181762695312 0.7719726 1.8201528 0.58497375 2.6168358 1.063613 42.495342 -0.3600771725177765 0.1560135781764984
Cyclist 0.0 0 -1.5842348337173462 758.0393676757812 163.1392059326172 767.066162109375 194.2867889404297 1.6232698 1.7071763 0.47005597 8.498817 1.1750734 40.385914 -1.3768211603164673 0.2911776006221771
Cyclist 0.0 0 1.3253328800201416 763.5267333984375 162.11495971679688 781.0579223632812 196.85845947265625 1.6057488 1.7217488 0.48851427 8.177292 1.1899229 36.562603 1.5453636646270752 0.21500219404697418
Cyclist 0.0 0 -1.1330491304397583 0.0 174.91854858398438 30.22357940673828 219.72923278808594 1.8777633 1.7830231 0.54712665 -24.780396 1.8713821 29.774982 -1.8271510601043701 0.1875571459531784
Car 0.0 0 1.904943823814392 326.2784729003906 183.55569458007812 374.6564636230469 209.90585327148438 4.099728 1.5449766 1.6512707 -16.521555 2.2586586 46.033173 1.5603575706481934 0.8653316497802734
Car 0.0 0 1.6390399932861328 426.3702087402344 179.72889709472656 449.5006103515625 199.22755432128906 4.0614023 1.483924 1.5542114 -13.951283 2.0624168 58.54294 1.4050949811935425 0.45828408002853394
Car 0.0 0 2.046091079711914 272.2888488769531 188.65760803222656 327.2502746582031 214.6119384765625 3.7986157 1.5144764 1.7000526 -19.927338 2.5747185 46.433834 1.6407058238983154 0.2476297914981842
