Pedestrian 0.0 0 0.9724050164222717 968.0040283203125 166.64146423339844 1005.0166015625 226.96600341796875 0.7876246 1.7453994 0.63451874 11.061625 1.5660069 21.302671 1.4513416290283203 0.23022833466529846
Pedestrian 0.0 0 0.4100140631198883 345.1450500488281 173.8752899169922 358.5551452636719 200.1827392578125 0.75784296 1.84992 0.49753517 -18.284855 1.9228978 51.02968 0.0659482479095459 0.22854825854301453
Pedestrian 0.0 0 0.18381533026695251 533.1050415039062 174.678466796875 555.87841796875 213.0040283203125 0.9073149 1.6723051 0.6027055 -2.9287043 1.7540832 31.855335 0.09213542938232422 0.21692855656147003
Pedestrian 0.0 0 -1.981243371963501 655.6976318359375 170.35980224609375 674.347412109375 204.8107147216797 0.4462649 1.7631519 0.8534154 2.8047671 1.6358597 37.27573 -1.9061411619186401 0.15309742093086243
Pedestrian 0.0 0 0.15485236048698425 635.6497802734375 167.55401611328125 645.7876586914062 187.96640014648438 0.8564354 1.8364904 0.45144236 2.7576935 1.3600113 65.21883 0.19711089134216309 0.1449270099401474
Pedestrian 0.0 0 -3.466837167739868 991.1908569335938 138.7975311279297 1020.0369262695312 196.77735900878906 0.65670896 1.8859501 0.6661055 13.026546 0.77852964 23.852251 -2.966966390609741 0.1374564915895462
Cyclist 0.0 0 0.16309300065040588 531.3203125 175.45680236816406 557.321533203125 213.7984619140625 1.0535493 1.6711574 0.64373016 -2.935035 1.7877238 31.85337 0.07121038436889648 0.1789139360189438
Cyclist 0.0 0 -1.9608032703399658 803.4965209960938 173.3924560546875 826.1568603515625 213.08116149902344 1.619783 1.6742218 0.3527854 8.827804 1.6985413 31.28164 -1.685752034187317 0.17160095274448395
Car 0.0 0 2.200857400894165 0.0 189.25962829589844 209.4106903076172 269.5335693359375 4.4030027 1.4559901 1.7178345 -11.179552 1.8756843 16.216648 1.5972895622253418 0.8624052405357361
Car 0.0 0 -1.5949074029922485 546.5044555664062 176.7561492919922 712.8974609375 327.7225646972656 4.376433 1.5270617 1.7121624 0.123892754 1.5912759 9.607073 -1.5820121765136719 0.8292047381401062
Car 0.0 0 1.5774619579315186 602.5228881835938 180.16714477539062 644.328369140625 219.40916442871094 3.960291 1.4413358 1.5794843 0.51140213 1.7583663 29.242481 1.5949485301971436 0.23491695523262024
