Pedestrian 0.0 0 -2.2126123905181885 852.6672973632812 95.92080688476562 987.6326904296875 305.6916809082031 1.0351218 1.7564127 0.63978225 2.7509105 1.1126087 6.6189284 -1.818719744682312 0.4633200466632843
Car 0.0 0 1.9590578079223633 52.9311408996582 192.5541229248047 406.2100524902344 375.0 4.5242214 1.484734 1.7145646 -3.7192562 1.7667702 8.014722 1.5245790481567383 0.9389634132385254
Car 0.0 0 1.8315963745117188 356.74481201171875 190.18653869628906 476.0993347167969 273.3265380859375 3.627624 1.4715858 1.5525249 -4.0179977 1.8842494 15.343742 1.575481653213501 0.8985339403152466
Car 0.0 0 -1.6641111373901367 647.5513916015625 180.00418090820312 695.9479370117188 218.24595642089844 3.5998733 1.4328586 1.6306037 2.4245124 1.7436819 29.517729 -1.5821576118469238 0.8285031914710999
Car 0.0 0 -0.3327566385269165 785.7904663085938 162.49732971191406 949.2295532226562 216.7039794921875 4.519956 1.6357448 1.6978533 7.933893 1.3235791 22.629414 0.004453420639038086 0.7965866923332214
Car 0.0 0 2.2109882831573486 0.0 206.3082275390625 199.2836151123047 375.0 3.7794697 1.4019698 1.5419201 -6.66928 1.8827498 8.448336 1.5427322387695312 0.7300341725349426
Car 0.0 0 2.8541531562805176 764.6361694335938 162.32154846191406 883.8038330078125 209.25973510742188 3.758601 1.6210309 1.6576881 7.533702 1.2576463 25.750008 3.138780355453491 0.6641219258308411
Car 0.0 0 -0.2251027375459671 734.9329833984375 169.1797332763672 838.194580078125 205.91380310058594 4.14561 1.5737386 1.6679878 7.672453 1.4166858 31.767494 0.011878013610839844 0.6423091292381287
Car 0.0 0 1.8918545246124268 354.81646728515625 189.01869201660156 439.9961853027344 239.1193389892578 3.6714935 1.3705071 1.4946231 -6.657473 1.923405 22.798674 1.6077426671981812 0.6339765787124634
Car 0.0 0 1.6466155052185059 483.6358642578125 181.6366729736328 514.8524780273438 208.65664672851562 4.1225305 1.5594207 1.6239763 -6.9148455 2.1349506 45.133224 1.494588017463684 0.5761236548423767
Car 0.0 0 -1.333557367324829 442.386962890625 185.19720458984375 496.1048583984375 220.8293914794922 3.8710482 1.5103781 1.613285 -6.5854096 2.1246963 33.916935 -1.525334119796753 0.5439242720603943
