Pedestrian 0.0 0 2.2870073318481445 1183.227783203125 102.02265930175781 1242.0 244.82925415039062 0.6889946 1.8164401 0.5707659 8.069097 0.915853 9.508842 2.9906816482543945 0.5117955207824707
Pedestrian 0.0 0 1.6007611751556396 286.85528564453125 131.8954315185547 316.7607116699219 208.7672576904297 0.7593195 1.8024176 0.64231753 -7.4668484 0.8424181 17.386204 1.19511079788208 0.46493375301361084
Pedestrian 0.0 0 -1.6571897268295288 324.2204895019531 170.37918090820312 348.90728759765625 231.48997497558594 0.73134273 1.7075312 0.59713 -7.8649225 1.6387391 20.61737 -2.0216212272644043 0.322490394115448
Car 0.0 0 -1.6483489274978638 658.3385620117188 178.6148223876953 697.693359375 213.99644470214844 3.599306 1.5861708 1.6019324 3.1874335 1.8784089 34.7443 -1.5568652153015137 0.9339644312858582
Car 0.0 0 1.348912000656128 707.1964111328125 187.7915496826172 832.9334106445312 275.36553955078125 3.9669921 1.4551868 1.6090498 3.0316672 1.8005795 14.665979 1.5527552366256714 0.9228120446205139
Car 0.0 0 1.9372048377990723 278.7732849121094 177.81146240234375 466.8641357421875 305.31512451171875 3.1209044 1.4931723 1.471538 -3.201927 1.5744665 10.174421 1.6323137283325195 0.9037580490112305
Car 0.0 0 1.7830842733383179 427.9162292480469 181.85800170898438 529.3859252929688 252.24391174316406 3.9294796 1.4448886 1.5887312 -3.0652156 1.6861802 17.311714 1.6078402996063232 0.9033845067024231
Car 0.0 0 2.546942949295044 0.0 0.0 1242.0 375.0 3.7788777 1.5373257 1.5925173 -3.0048125 1.5243403 1.7203434 1.496122121810913 0.518837571144104
Car 0.0 0 -1.915488362312317 635.3021240234375 179.5722198486328 686.555419921875 209.53857421875 3.8096037 1.5424922 1.6432337 2.7393208 1.9355526 40.116768 -1.8473105430603027 0.45505279302597046
Car 0.0 0 1.7874928712844849 555.1469116210938 175.0626983642578 588.6065673828125 199.22653198242188 4.023307 1.6777227 1.6096672 -2.7639508 1.8455716 52.59745 1.7349920272827148 0.38130050897598267
