Pedestrian 0.0 0 -2.152576446533203 950.9840087890625 183.8805389404297 985.8948974609375 242.349853515625 0.8233534 1.6519837 0.5458919 10.373595 1.9799418 20.99221 -1.6936085224151611 0.3569174110889435
Pedestrian 0.0 0 -2.971841335296631 886.2904052734375 185.4822235107422 907.2415161132812 222.7871856689453 0.850731 1.7672127 0.630442 13.873847 2.3887777 35.000572 -2.594451665878296 0.3158305585384369
Pedestrian 0.0 0 -0.3115975558757782 945.4271240234375 179.10638427734375 968.328125 217.86203002929688 0.78309953 1.7952911 0.7357291 16.288198 2.0936809 33.97333 0.1354677677154541 0.30551818013191223
Pedestrian 0.0 0 2.026780605316162 1135.0728759765625 170.18487548828125 1242.0 360.89532470703125 0.7570868 1.6223208 0.65354466 5.3231792 1.5999732 6.591127 2.70615553855896 0.2619040012359619
Pedestrian 0.0 0 1.0943529605865479 889.2268676757812 128.396240234375 947.451416015625 218.10504150390625 1.0525584 1.8361957 0.73296404 6.476874 0.92657447 15.318703 1.4943656921386719 0.22359836101531982
Pedestrian 0.0 0 0.06372466683387756 352.3268127441406 179.32594299316406 361.1094665527344 208.89036560058594 0.4523351 1.7748948 0.8643664 -15.476719 2.174232 44.000957 -0.27449581027030945 0.17769716680049896
Cyclist 0.0 0 -1.736100435256958 463.59588623046875 182.34507751464844 478.90093994140625 221.15904235839844 1.4789143 1.6535114 0.4237487 -6.177487 2.0833068 31.877384 -1.9275168180465698 0.1603117287158966
Cyclist 0.0 0 -2.989015817642212 883.42529296875 182.11346435546875 921.2670288085938 220.06356811523438 1.609861 1.7741314 0.6488363 14.04096 2.2293997 34.75556 -2.6050729751586914 0.15829265117645264
Car 0.0 0 2.0157699584960938 302.0360412597656 189.3682098388672 349.6262512207031 212.3337860107422 4.0027475 1.5156747 1.6701208 -20.691725 2.7676532 52.627853 1.641164779663086 0.4418971538543701
Car 0.0 0 3.3286428451538086 153.20814514160156 179.12904357910156 217.5211181640625 199.6570587158203 4.123486 1.546685 1.658906 -33.35405 2.0533752 56.74127 2.797222137451172 0.4131482243537903
Car 0.0 0 1.218164324760437 855.4188232421875 182.7355499267578 908.9633178710938 211.73362731933594 3.848351 1.5010514 1.5772313 15.206492 2.0837464 40.590015 1.5766160488128662 0.21981246769428253
Car 0.0 0 -1.2277287244796753 720.2513427734375 155.53135681152344 800.4004516601562 204.58616638183594 3.391437 1.4959342 1.5427792 4.9821496 0.96803546 23.849722 -1.0217926502227783 0.18662633001804352
