Pedestrian 0.0 0 -0.990405261516571 246.8606719970703 161.56224060058594 314.11370849609375 281.71990966796875 0.6838995 1.5956452 0.5630022 -4.5892153 1.4460529 9.958837 -1.4222192764282227 0.6049742102622986
Pedestrian 0.0 0 -2.356921672821045 1018.6213989257812 87.16441345214844 1156.85498046875 275.65203857421875 0.9183821 1.7373147 0.6994006 4.657498 0.9478607 7.169769 -1.7808260917663574 0.4899199306964874
Cyclist 0.0 0 -2.320746660232544 1026.49755859375 90.47348022460938 1164.6490478515625 280.1076965332031 0.9193338 1.7202792 0.6719434 4.653861 0.9733169 7.0517488 -1.7374026775360107 0.11158435046672821
Car 0.0 0 -1.6978093385696411 663.6251220703125 175.58018493652344 741.6442260742188 235.04949951171875 4.026452 1.4556575 1.6017231 2.3941596 1.5387006 19.862583 -1.5778518915176392 0.9417658448219299
Car 0.0 0 -1.5871195793151855 525.0108642578125 174.88711547851562 562.4578247070312 211.49798583984375 4.2726774 1.5828516 1.6299452 -3.1690195 1.6842743 33.651363 -1.6810147762298584 0.9281165599822998
Car 0.0 0 -1.1474392414093018 4.5156073570251465 191.7599639892578 448.6936950683594 375.0 4.286318 1.4864173 1.6036662 -2.7801838 1.7098907 6.360302 -1.5595265626907349 0.9273635745048523
Car 0.0 0 -1.7719337940216064 638.0653686523438 171.66452026367188 690.075439453125 209.6004638671875 3.8124397 1.5997975 1.5876673 2.3250592 1.5499938 32.418022 -1.7003352642059326 0.821593701839447
Car 0.0 0 -2.1892478466033936 808.8633422851562 180.33413696289062 1242.0 375.0 4.0101867 1.5234838 1.6069182 2.5377018 1.5875406 4.089922 -1.6339077949523926 0.7518685460090637
Car 0.0 0 -1.3278682231903076 289.8652038574219 181.86172485351562 463.6466369628906 306.0208740234375 3.8822882 1.4942701 1.5728925 -3.3550239 1.6560881 10.949525 -1.62519371509552 0.6700825691223145
Car 0.0 0 -0.8541409969329834 0.0 0.0 1242.0 375.0 3.9251962 1.5126772 1.6056896 -2.4783905 1.7816854 1.3846729 -1.915440320968628 0.4594469368457794
Car 0.0 0 -2.7439613342285156 274.0457763671875 182.72120666503906 396.8702087402344 229.60569763183594 3.4288487 1.4539015 1.5045146 -8.938606 1.7870928 23.524668 -3.1070797443389893 0.4558755159378052
Car 0.0 0 -1.6344177722930908 541.0161743164062 175.53939819335938 569.6666259765625 200.70443725585938 3.8737833 1.5664781 1.6254749 -3.655881 1.7507342 47.376995 -1.7114309072494507 0.3709264397621155
