Pedestrian 0.0 0 -0.5118396878242493 824.148193359375 144.24693298339844 851.2740478515625 195.47689819335938 0.76456183 1.9014065 0.62640214 8.52559 0.84001005 27.162523 -0.20770421624183655 0.18781952559947968
Pedestrian 0.0 0 0.9186790585517883 1005.2850341796875 117.1800308227539 1092.106201171875 256.3566589355469 0.9253872 1.8227714 0.5761614 5.9650764 1.0939772 9.938997 1.459222674369812 0.15986143052577972
Pedestrian 0.0 0 -1.4177714586257935 454.2308654785156 179.81332397460938 472.1121520996094 223.69610595703125 0.8428319 1.6915339 0.56898016 -5.813425 1.9698694 28.382885 -1.6197987794876099 0.13932505249977112
Pedestrian 0.0 0 1.0495789051055908 675.4822998046875 181.30650329589844 706.0139770507812 225.63999938964844 1.3787733 1.6669033 0.57114726 3.0977926 2.0058806 28.157022 1.1591566801071167 0.12657687067985535
Pedestrian 0.0 0 0.5848239064216614 843.4456176757812 117.25265502929688 905.2188720703125 189.41465759277344 1.4239877 1.8191409 0.60513425 6.8740883 0.41783777 18.938768 0.9330008029937744 0.1255962997674942
Pedestrian 0.0 0 -1.5809102058410645 845.9129638671875 134.64097595214844 863.2078857421875 184.61685180664062 0.69900036 1.9064052 0.62599283 9.426716 0.44906995 27.950706 -1.2556278705596924 0.1049385592341423
Cyclist 0.0 0 0.2783900201320648 840.2258911132812 116.91323852539062 909.0133666992188 189.0785675048828 1.5930786 1.814913 0.56290287 6.8502693 0.40839598 18.838814 0.6271512508392334 0.2636914849281311
Cyclist 0.0 0 -2.5489814281463623 403.97900390625 154.87611389160156 448.6129455566406 197.5960693359375 1.7854537 1.7610645 0.60220915 -7.763174 1.0203116 30.324587 -2.7996015548706055 0.18220670521259308
Cyclist 0.0 0 1.0591692924499512 674.6305541992188 180.68215942382812 705.256591796875 224.2474365234375 1.5024028 1.6396039 0.51926917 3.0730247 1.9548733 28.230494 1.1675971746444702 0.1440243273973465
Cyclist 0.0 0 -1.6086350679397583 750.8927001953125 157.65130615234375 762.1082153320312 193.8070526123047 1.3576176 1.8219323 0.5113867 7.483976 1.0562079 37.067482 -1.409411907196045 0.10962553322315216
Car 0.0 0 1.771471619606018 601.2780151367188 173.41061401367188 627.5955810546875 190.32029724121094 4.0608916 1.4893283 1.6262707 0.41844875 1.5421426 65.84304 1.7778267860412598 0.26608458161354065
Car 0.0 0 2.031424045562744 373.3741149902344 175.58384704589844 447.0311584472656 210.09332275390625 4.063771 1.4570831 1.6000041 -9.070331 1.5902352 32.94943 1.7627971172332764 0.11828693747520447
