Pedestrian 0.0 0 0.6525115966796875 258.9984130859375 166.23973083496094 382.2578125 374.0 0.7301332 1.6243342 0.5444349 -2.2641432 1.5123916 5.6934714 0.27401232719421387 0.658047616481781
Pedestrian 0.0 0 -1.571751356124878 424.1388244628906 165.54518127441406 444.7624206542969 217.59768676757812 0.7279922 1.7896572 0.6930982 -5.865236 1.2421722 25.128496 -1.8010557889938354 0.6433607339859009
Pedestrian 0.0 0 0.4460691809654236 100.38533020019531 173.27696228027344 228.59365844726562 374.0 0.7345547 1.608511 0.6080195 -3.704586 1.5444671 6.053844 -0.10308314859867096 0.6209543347358704
Pedestrian 0.0 0 1.1041139364242554 192.31886291503906 135.0067901611328 328.8871154785156 374.0 0.57375693 1.6655004 0.6363399 -2.332504 1.3825545 4.8178687 0.6532378196716309 0.5889855027198792
Pedestrian 0.0 0 1.8323606252670288 39.90362548828125 180.18417358398438 75.47959899902344 246.02191162109375 0.78379244 1.7797155 0.6050292 -15.078509 1.7453065 19.8924 1.183756947517395 0.4990912079811096
Pedestrian 0.0 0 -3.1171231269836426 622.866455078125 155.47186279296875 650.8112182617188 228.4457550048828 0.6677102 1.7460698 0.58298343 0.8335377 1.124484 17.499992 -3.069528341293335 0.4935871362686157
Pedestrian 0.0 0 -1.9553656578063965 262.1041564941406 156.68499755859375 326.0882873535156 282.094970703125 0.7661745 1.6290768 0.5528972 -4.240311 1.3080606 9.794328 -2.363938331604004 0.48667293787002563
Pedestrian 0.0 0 1.583176851272583 664.4811401367188 160.39784240722656 686.562744140625 220.5870361328125 0.7779659 1.7604955 0.6435165 2.1853337 1.1444039 21.431286 1.6847949028015137 0.48443979024887085
Pedestrian 0.0 0 1.47211492061615 679.3484497070312 173.4240264892578 700.818359375 224.1062469482422 0.8056744 1.6556097 0.62979287 2.9152899 1.3928874 23.87279 1.5936309099197388 0.4760006070137024
Pedestrian 0.0 0 1.0131781101226807 160.03672790527344 167.00466918945312 251.31155395507812 331.1334533691406 0.7600862 1.6258081 0.51067 -4.190961 1.4835905 7.5202637 0.504755973815918 0.4617348611354828
Pedestrian 0.0 0 -3.0689265727996826 630.1741333007812 185.36473083496094 666.5390014648438 270.5905456542969 0.6617311 1.6341777 0.9084761 0.9062839 1.715086 14.310849 -3.0056824684143066 0.4249216616153717
Pedestrian 0.0 0 -1.2639575004577637 88.945556640625 169.5867156982422 172.31800842285156 325.936767578125 0.76011974 1.6664636 0.58647877 -5.332164 1.5408449 8.099264 -1.8461813926696777 0.40024062991142273
Pedestrian 0.0 0 0.5666067600250244 504.1492004394531 168.27589416503906 522.9788208007812 197.42745971679688 1.069703 1.7851315 0.47224915 -5.430422 0.97607976 44.42888 0.44498276710510254 0.3431911766529083
Pedestrian 0.0 0 -0.08559629321098328 199.52508544921875 158.04925537109375 243.3495635986328 265.1714782714844 0.5878739 1.7043673 0.5941491 -6.3076606 1.3325496 11.835626 -0.5752461552619934 0.3415202796459198
Pedestrian 0.0 0 -1.4495751857757568 188.17642211914062 158.8724822998047 215.5257568359375 217.88536071777344 0.8692838 1.7652863 0.6337035 -12.261183 1.0895412 22.00744 -1.9578821659088135 0.3264654576778412
Pedestrian 0.0 0 -0.336729496717453 535.0773315429688 168.65524291992188 567.6669921875 215.48202514648438 1.1118524 1.7907113 0.656856 -1.971679 1.3005356 27.989048 -0.4070579707622528 0.2884153723716736
Pedestrian 0.0 0 0.6205108761787415 310.14581298828125 157.613037109375 367.60675048828125 272.50311279296875 0.64373547 1.6815943 0.50090647 -4.000004 1.3332825 10.837814 0.26694178581237793 0.2683977484703064
Pedestrian 0.0 0 -2.6747751235961914 304.5587158203125 157.136962890625 450.8203430175781 313.32611083984375 1.4988188 1.7477043 0.70071757 -2.6735203 1.4764429 8.502062 -2.979440450668335 0.2126568853855133
Cyclist 0.0 0 1.506400227546692 479.90838623046875 165.4246063232422 510.5960388183594 234.44418334960938 1.7572683 1.7809291 0.7047295 -2.9259949 1.3673066 19.466124 1.3572050333023071 0.8933178186416626
Cyclist 0.0 0 -2.6747751235961914 304.5587158203125 157.136962890625 450.8203430175781 313.32611083984375 1.4988188 1.7477043 0.70071757 -2.6735203 1.4764429 8.502062 -2.979440450668335 0.37299609184265137
Cyclist 0.0 0 -0.336729496717453 535.0773315429688 168.65524291992188 567.6669921875 215.48202514648438 1.1118524 1.7907113 0.656856 -1.971679 1.3005356 27.989048 -0.4070579707622528 0.2341407686471939
Cyclist 0.0 0 0.7093944549560547 182.05975341796875 158.7552947998047 221.54339599609375 217.7841339111328 0.85580486 1.7760329 0.6265569 -12.263911 1.0928233 22.002686 0.20090103149414062 0.12881052494049072
Car 0.0 0 1.8291510343551636 315.0927734375 180.51943969726562 457.4422912597656 273.390380859375 4.0187836 1.5206096 1.6128304 -3.968951 1.5058444 13.785569 1.5488260984420776 0.802487313747406
