Pedestrian 0.0 0 -2.764650344848633 325.3258056640625 149.6738739013672 426.87066650390625 304.573486328125 0.9784094 1.7442739 0.61222404 -2.7159328 1.3988367 8.291961 -3.0811760425567627 0.570553183555603
Pedestrian 0.0 0 -2.0778756141662598 834.9520263671875 174.0954132080078 874.988037109375 244.74830627441406 0.82718843 1.7389731 0.6293188 6.2680907 1.5829351 17.858316 -1.740319013595581 0.34845876693725586
Pedestrian 0.0 0 -3.3228816986083984 817.0244750976562 180.73377990722656 866.6813354492188 269.9204406738281 0.83785963 1.7215406 0.58655065 4.6346626 1.7279102 13.993053 -3.0030417442321777 0.2168862223625183
Pedestrian 0.0 0 -1.178102970123291 202.304931640625 160.6655731201172 251.16876220703125 249.89688110351562 0.88998014 1.7186096 0.5628296 -7.5632186 1.3382285 14.083797 -1.6709226369857788 0.12757080793380737
Pedestrian 0.0 0 -0.9169518947601318 57.55967330932617 190.48965454101562 97.55975341796875 253.83534240722656 0.574009 1.7969173 0.7286127 -15.273579 2.091389 20.434967 -1.5588021278381348 0.12694679200649261
Pedestrian 0.0 0 -2.29030704498291 1196.78369140625 139.08290100097656 1224.0 209.28854370117188 0.8176112 1.7910435 0.69096434 16.09191 0.73602736 18.442352 -1.5728651285171509 0.12212972342967987
Pedestrian 0.0 0 0.16731217503547668 824.2456665039062 136.154541015625 879.8563232421875 241.86334228515625 0.83208674 1.8048812 0.69011444 4.3536468 1.0493705 12.569668 0.500741720199585 0.11883290857076645
Cyclist 0.0 0 -1.8548442125320435 843.5767211914062 135.59463500976562 907.8312377929688 246.1246795654297 1.7193615 1.772123 0.5665826 4.592067 1.0538117 12.209747 -1.4951108694076538 0.1919855922460556
Cyclist 0.0 0 3.5230746269226074 225.86109924316406 164.09169006347656 320.1227111816406 256.52838134765625 1.5414858 1.7375829 0.57486457 -6.4175897 1.4307828 13.618118 3.0826873779296875 0.15649020671844482
Cyclist 0.0 0 -1.0503054857254028 950.5468139648438 134.4717559814453 1048.146728515625 248.92076110839844 1.8314701 1.7720668 0.5746051 6.477445 1.0610482 11.661922 -0.5432987809181213 0.12177757173776627
Cyclist 0.0 0 2.4367709159851074 895.6610717773438 180.8775177001953 1029.5865478515625 298.5548400878906 1.5575739 1.5829221 0.8037205 5.0373225 1.5902783 10.085974 2.8999691009521484 0.10562658309936523
Cyclist 0.0 0 0.3967292010784149 322.8377380371094 149.22654724121094 427.760986328125 304.70159912109375 1.0023156 1.742554 0.6357286 -2.7194366 1.3937294 8.276124 0.07925534248352051 0.10344790667295456
Car 0.0 0 -1.222853422164917 489.9996643066406 144.8055877685547 585.2153930664062 208.92138671875 3.8854446 1.7408812 1.6181259 -1.9486432 0.7732822 21.27737 -1.3141815662384033 0.13758550584316254
