Pedestrian 0.0 0 1.1855006217956543 680.71875 165.2844696044922 697.865234375 199.1479949951172 0.83102363 1.8091352 0.6570705 4.2502217 1.405096 39.03438 1.2939573526382446 0.29596737027168274
Pedestrian 0.0 0 0.9506545662879944 859.871826171875 159.67005920410156 911.9905395507812 253.3599090576172 0.7095144 1.7532147 0.6467156 5.2655272 1.5068619 13.925019 1.3121702671051025 0.27062514424324036
Pedestrian 0.0 0 -2.890845775604248 700.9088134765625 162.77247619628906 714.2605590820312 195.88328552246094 0.59594303 1.8413216 0.67265886 5.450814 1.2810366 40.54612 -2.7572121620178223 0.26703518629074097
Cyclist 0.0 0 1.8967620134353638 539.4442138671875 175.1990966796875 562.8139038085938 210.65171813964844 1.9068335 1.7198228 0.58884835 -2.9718516 1.8408474 36.127487 1.81468665599823 0.6556880474090576
Cyclist 0.0 0 0.05547749251127243 630.5248413085938 176.65028381347656 652.2286376953125 201.10073852539062 1.6089082 1.830446 0.56975824 2.3461435 2.1194148 54.489285 0.09850788116455078 0.28809037804603577
Car 0.0 0 -1.7575000524520874 674.35888671875 174.5694580078125 779.3804931640625 255.45602416992188 3.5146437 1.5766509 1.6283702 2.4038732 1.6191199 15.923458 -1.6076672077178955 0.9519604444503784
Car 0.0 0 1.8260574340820312 365.1967468261719 182.9371337890625 463.17138671875 247.65855407714844 3.7670672 1.5104326 1.6224524 -5.161829 1.8071035 19.312765 1.5648866891860962 0.9187283515930176
Car 0.0 0 2.2428622245788574 0.0 197.2397918701172 249.1621551513672 375.0 3.9719896 1.5295404 1.6545296 -4.5392294 1.7805668 5.4070835 1.5444974899291992 0.7426781058311462
Car 0.0 0 1.7021061182022095 472.9250183105469 182.0187530517578 518.4478759765625 217.41595458984375 4.2027516 1.5739545 1.6634445 -5.564536 2.049676 35.3009 1.545760989189148 0.6949021220207214
Car 0.0 0 -1.487758755683899 629.277587890625 178.36737060546875 654.883544921875 199.07322692871094 4.032029 1.5214386 1.6671104 2.5088234 1.9676604 56.24198 -1.4431806802749634 0.6573302149772644
Car 0.0 0 1.7827187776565552 519.2992553710938 183.0333251953125 550.8557739257812 204.8975067138672 3.8038301 1.5191537 1.5836685 -5.589498 2.3085182 53.9477 1.679477572441101 0.32569849491119385
