Pedestrian 0.0 0 0.7722527384757996 928.0593872070312 149.5010223388672 950.7125244140625 191.1845245361328 0.68337977 1.8183312 0.6038757 14.5203085 0.7999777 31.900375 1.1994032859802246 0.3327540457248688
Pedestrian 0.0 0 1.722922682762146 757.5881958007812 158.57003784179688 779.1434326171875 203.76235961914062 0.8282089 1.8768183 0.77423745 6.6546655 1.2839698 30.487858 1.9378247261047363 0.24029207229614258
Pedestrian 0.0 0 1.941184163093567 690.0611572265625 154.4673309326172 706.3145141601562 194.23106384277344 0.6740699 1.8341752 0.54751045 4.0825596 0.98641443 33.70579 2.061720371246338 0.2088758945465088
Pedestrian 0.0 0 2.8786911964416504 604.8927001953125 171.37448120117188 630.782470703125 228.2212677001953 0.6697692 1.7256219 0.58146197 0.19210108 1.6810683 22.26563 2.8873186111450195 0.20694619417190552
Cyclist 0.0 0 -3.284639358520508 1119.63525390625 181.21640014648438 1242.0 281.5595703125 1.9242275 1.6223773 0.6375668 10.022637 1.7770737 12.55222 -2.6108288764953613 0.37138715386390686
Cyclist 0.0 0 -3.4704675674438477 1027.874267578125 160.49021911621094 1118.807861328125 225.91262817382812 1.8911161 1.6514786 0.608051 11.948546 1.339734 18.730453 -2.9026308059692383 0.36487337946891785
Car 0.0 0 1.2946922779083252 266.057373046875 183.55043029785156 359.0394287109375 234.84349060058594 4.0968833 1.4035517 1.6375542 -9.490181 1.7723166 22.735369 0.8992600440979004 0.7504130601882935
Car 0.0 0 1.5936204195022583 193.1804656982422 183.75421142578125 249.4897003173828 233.6121368408203 3.2485087 1.3732069 1.441926 -12.070346 1.7391214 22.420616 1.0997583866119385 0.7160720825195312
Car 0.0 0 -2.2681736946105957 0.0 170.4188690185547 203.2772674560547 276.0294494628906 4.2994065 1.7466521 1.7157665 -10.00807 1.7067364 13.2491865 -2.915104389190674 0.5798852443695068
Car 0.0 0 -1.210166573524475 428.020751953125 166.926025390625 527.9002685546875 226.98471069335938 4.0163374 1.669509 1.7048463 -3.9805498 1.5050813 22.184334 -1.3877079486846924 0.32052111625671387
Car 0.0 0 -2.685971975326538 335.9290771484375 156.565673828125 439.4119567871094 192.8739013671875 4.11605 1.5648046 1.639592 -9.935405 0.863172 32.22458 -2.985042095184326 0.2741953134536743
