Pedestrian 0.0 0 -2.052466630935669 1073.5859375 156.11434936523438 1138.0489501953125 263.7088928222656 0.7982489 1.6663443 0.5441481 7.9010744 1.4074509 11.599889 -1.4545152187347412 0.6524160504341125
Pedestrian 0.0 0 -2.201878547668457 795.4297485351562 165.98609924316406 824.4481811523438 212.61050415039062 0.8689157 1.6817775 0.6381819 7.3063374 1.4344049 26.543036 -1.9332671165466309 0.5691378116607666
Pedestrian 0.0 0 -2.16670823097229 1094.1484375 158.49624633789062 1187.89306640625 270.6200256347656 1.3811518 1.7029557 0.5309978 8.481531 1.4852452 11.655094 -1.5376259088516235 0.2532782256603241
Pedestrian 0.0 0 1.118722677230835 740.8777465820312 160.27084350585938 764.6531372070312 204.6078643798828 0.991987 1.9403526 0.6718427 6.3130927 1.3900251 32.139736 1.3126797676086426 0.21778017282485962
Pedestrian 0.0 0 0.09289547055959702 681.6583251953125 167.04733276367188 695.9930419921875 194.5896759033203 0.93529016 1.8766991 0.5051311 5.3802376 1.4813974 49.502758 0.2011561393737793 0.1897733211517334
Pedestrian 0.0 0 -2.7118301391601562 666.4232177734375 173.218017578125 675.968994140625 194.5931854248047 0.5569586 1.7562344 0.6753621 5.0434856 1.7869415 59.726143 -2.6275863647460938 0.1532619744539261
Cyclist 0.0 0 -2.043858051300049 1010.5203247070312 137.640625 1120.802490234375 286.8180847167969 1.7959374 1.8221678 0.47802374 6.0194616 1.3924023 9.725061 -1.4896111488342285 0.9117739200592041
Cyclist 0.0 0 -2.16670823097229 1094.1484375 158.49624633789062 1187.89306640625 270.6200256347656 1.3811518 1.7029557 0.5309978 8.481531 1.4852452 11.655094 -1.5376259088516235 0.1847519725561142
Car 0.0 0 1.0549979209899902 950.6320190429688 182.4550018310547 1006.7575073242188 206.3153839111328 3.9171805 1.4772863 1.6150274 24.560198 2.1464586 48.26728 1.5256904363632202 0.4633778929710388
Car 0.0 0 -3.005897283554077 731.2943115234375 184.04234313964844 799.7488403320312 212.0287628173828 3.5887418 1.4810215 1.5538502 8.720987 2.131686 40.59428 -2.794280767440796 0.21302378177642822
Car 0.0 0 -0.5061419606208801 926.529296875 187.03822326660156 1019.006103515625 215.7945098876953 4.4333444 1.55563 1.6529391 20.460152 2.3772368 40.85491 -0.041854314506053925 0.2066088169813156
Car 0.0 0 -0.2822832465171814 801.2130126953125 180.42623901367188 877.0031127929688 207.9381103515625 3.808872 1.5109918 1.5644833 12.911661 1.9493549 40.906902 0.023455381393432617 0.17557650804519653
Car 0.0 0 1.7794146537780762 581.4840087890625 176.69581604003906 633.3514404296875 213.08082580566406 3.728503 1.4804248 1.5442532 -0.09418818 1.6604406 31.75636 1.7764487266540527 0.15952734649181366
