Pedestrian 0.0 0 -2.5506606101989746 161.2830352783203 177.0157012939453 185.4507293701172 215.1647491455078 0.6501653 1.7936888 0.8030543 -20.86864 1.9950442 34.42929 -3.0955755710601807 0.13141173124313354
Pedestrian 0.0 0 0.29377973079681396 341.2097473144531 178.8715362548828 351.32135009765625 201.3984832763672 0.57746285 1.7393624 0.64928496 -20.5777 2.2115455 56.23149 -0.05702981352806091 0.1275639683008194
Pedestrian 0.0 0 1.1603718996047974 1118.5482177734375 115.53472900390625 1177.7669677734375 219.61724853515625 0.7412879 1.8454863 0.62430507 9.794361 0.82951665 13.222248 1.7979257106781006 0.12669266760349274
Pedestrian 0.0 0 -0.7225232720375061 1140.515869140625 126.3890609741211 1213.1346435546875 246.77728271484375 0.6339653 1.7521954 0.57383126 8.423184 1.0762773 10.804415 -0.06034215912222862 0.11364196240901947
Pedestrian 0.0 0 -2.030158281326294 974.7911376953125 152.10203552246094 1019.2464599609375 227.16551208496094 0.93491995 1.8052812 0.6152693 9.499797 1.3065532 17.82683 -1.5405436754226685 0.10110179334878922
Pedestrian 0.0 0 2.526534080505371 1032.9991455078125 148.46701049804688 1089.12744140625 230.24058532714844 0.8803736 1.7649101 0.56927776 9.8689165 1.2389259 15.880226 3.08258318901062 0.10075627267360687
Cyclist 0.0 0 -1.783610224723816 690.6074829101562 160.54713439941406 706.0293579101562 195.21707153320312 1.6384833 1.7038662 0.43083942 4.3965335 1.099399 36.293083 -1.6630579233169556 0.7763610482215881
Cyclist 0.0 0 1.2779693603515625 956.1917114257812 162.14981079101562 996.7142333984375 226.86012268066406 1.7678334 1.7271765 0.51648504 10.172592 1.4418302 20.17105 1.74506413936615 0.20206736028194427
Cyclist 0.0 0 1.046090841293335 936.260009765625 140.34585571289062 980.9544067382812 200.9074249267578 1.530321 1.7626239 0.5139087 10.45469 0.8168434 21.780056 1.4936206340789795 0.11578246206045151
Car 0.0 0 2.116609573364258 125.2177505493164 189.65382385253906 224.14698791503906 234.50611877441406 3.664875 1.536803 1.6076008 -16.771029 2.230336 27.932016 1.5758789777755737 0.9130765795707703
Car 0.0 0 -2.5576980113983154 997.6515502929688 207.3140106201172 1242.0 375.0 4.001241 1.455634 1.5843201 3.6242557 1.701385 3.0561638 -1.6874656677246094 0.15334413945674896
Car 0.0 0 1.5269012451171875 675.3024291992188 178.50047302246094 720.068359375 219.19064331054688 3.9068167 1.4554805 1.561104 3.343106 1.6935544 28.368505 1.644205927848816 0.1182122677564621
Car 0.0 0 2.1816787719726562 157.54183959960938 179.04200744628906 246.1226043701172 213.2240753173828 4.3644757 1.5824564 1.6986979 -20.542818 1.9149652 36.472008 1.6687204837799072 0.10096839815378189
Car 0.0 0 -0.01988498494029045 592.2180786132812 162.78952026367188 638.1422729492188 181.40924072265625 3.9371116 1.595295 1.6491365 0.4117964 0.73335165 62.667664 -0.013313964940607548 0.10023193806409836
