Pedestrian 0.0 0 3.179920196533203 487.6016845703125 155.65805053710938 516.220703125 219.3470916748047 0.7904846 1.7961215 0.6355422 -3.0744739 0.96368515 20.628086 3.031966209411621 0.2754342257976532
Pedestrian 0.0 0 0.24123814702033997 0.0 150.20883178710938 34.39823913574219 222.54849243164062 0.82708293 1.8449773 0.74277174 -15.698523 0.95328057 18.845173 -0.4533188045024872 0.1939469277858734
Pedestrian 0.0 0 1.1673518419265747 562.4677124023438 170.93917846679688 573.3470458984375 197.76072692871094 0.6642226 1.7995923 0.51516473 -2.7196922 0.8428409 48.639755 1.111495018005371 0.14477205276489258
Car 0.0 0 -1.5608484745025635 582.3712158203125 177.1947784423828 620.2673950195312 213.53445434570312 3.461114 1.6050678 1.6738411 -0.31863147 1.2519276 33.477898 -1.5703659057617188 0.800972580909729
Car 0.0 0 -1.4167684316635132 413.4577941894531 175.59820556640625 459.92376708984375 208.8119354248047 3.8484838 1.4807277 1.5679603 -8.066855 1.0530946 34.024086 -1.6495624780654907 0.32789847254753113
Car 0.0 0 -1.2794489860534668 0.0 232.3911895751953 30.193330764770508 376.0 4.048396 1.4626831 1.612722 -6.903428 2.0462728 6.710906 -2.0789873600006104 0.2475416362285614
Car 0.0 0 -1.7768360376358032 622.219482421875 173.4541015625 660.2510986328125 198.84078979492188 3.8972378 1.5097451 1.59572 2.0142171 0.81141543 44.79791 -1.7319040298461914 0.22397281229496002
Car 0.0 0 -1.8190045356750488 730.0490112304688 206.24722290039062 957.5972290039062 368.37615966796875 4.260932 1.4614488 1.6206512 2.625125 1.7945403 9.188738 -1.540727972984314 0.2216806560754776
Car 0.0 0 1.6811596155166626 492.6082458496094 187.49081420898438 538.5048828125 225.43118286132812 3.432616 1.4342606 1.475175 -3.7156308 1.5329947 29.106745 1.554190993309021 0.21929535269737244
Car 0.0 0 1.5014255046844482 654.5271606445312 181.61087036132812 707.8108520507812 225.85379028320312 4.2628336 1.4951849 1.6369282 2.581877 1.3744916 26.443346 1.598755121231079 0.21503876149654388
Car 0.0 0 -2.0192370414733887 0.0 184.51927185058594 65.93404388427734 270.93280029296875 3.8264 1.4626046 1.5962697 -12.40858 1.4519478 13.619249 -2.7581541538238525 0.16822482645511627
Car 0.0 0 1.4238207340240479 664.6132202148438 190.01071166992188 737.2056274414062 244.58509826660156 3.8405955 1.4309174 1.544002 2.5984607 1.5859084 21.12369 1.5462175607681274 0.1604386419057846
