Pedestrian 0.0 0 -1.8342511653900146 785.8609619140625 152.6194305419922 811.3375854492188 201.99380493164062 1.2262325 1.7793293 0.60831785 6.903304 1.0504842 26.615702 -1.5804736614227295 0.17252127826213837
Pedestrian 0.0 0 1.609708547592163 699.41259765625 165.05654907226562 707.0179443359375 191.08615112304688 0.9258259 1.9165703 0.5258944 6.9031773 1.3427974 53.62455 1.7377361059188843 0.15870270133018494
Pedestrian 0.0 0 -1.2376099824905396 422.00830078125 149.23143005371094 441.31036376953125 191.97952270507812 0.66104066 1.92104 0.67299235 -8.139034 0.8598324 32.781532 -1.4809701442718506 0.15756790339946747
Pedestrian 0.0 0 1.6404125690460205 929.7807006835938 124.28106689453125 968.2909545898438 224.5460662841797 0.6500724 1.8097053 0.60807925 6.274188 0.9333594 13.452119 2.0768280029296875 0.1555812954902649
Pedestrian 0.0 0 -0.8887470960617065 1173.2188720703125 97.56361389160156 1242.0 251.67483520507812 0.7293602 1.822099 0.57039374 7.4540324 0.93227804 8.877213 -0.19027391076087952 0.13625115156173706
Pedestrian 0.0 0 -0.32894816994667053 894.5792846679688 161.54844665527344 955.7550048828125 249.98939514160156 1.0156183 1.8207809 0.6842296 6.588335 1.5883853 15.23318 0.07925701141357422 0.13450048863887787
Pedestrian 0.0 0 -1.8548625707626343 947.5352783203125 133.9474334716797 983.71875 205.9211883544922 0.7224431 1.8828549 0.6912952 9.449334 0.86540544 19.2878 -1.3993175029754639 0.1306566596031189
Pedestrian 0.0 0 1.3011157512664795 807.4266357421875 141.7714385986328 838.6702880859375 205.4181365966797 0.94584906 1.8534396 0.66204023 6.2881536 0.94865036 21.486816 1.5858174562454224 0.10935363918542862
Pedestrian 0.0 0 1.4748587608337402 730.7996215820312 155.39451599121094 744.1895751953125 194.10699462890625 0.790666 1.9946661 0.61285347 6.6022677 1.0954214 37.592564 1.6487127542495728 0.1038782075047493
Cyclist 0.0 0 -1.7614399194717407 785.7047729492188 150.97764587402344 808.7255859375 200.32476806640625 1.5691017 1.7765969 0.5355519 6.8913183 0.9893614 26.77356 -1.509515643119812 0.12760961055755615
Car 0.0 0 1.7261972427368164 474.3280944824219 187.96800231933594 542.80517578125 240.48658752441406 4.111272 1.5720605 1.7154534 -3.4427211 2.1365397 24.857655 1.5885752439498901 0.9045224189758301
Car 0.0 0 -1.558304786682129 596.1249389648438 184.54075622558594 616.5466918945312 203.44468688964844 4.191317 1.5074224 1.7022904 -0.31298393 2.5498817 62.23444 -1.5633338689804077 0.3280014395713806
