Pedestrian 0.0 0 -2.6427574157714844 252.821533203125 146.12921142578125 370.26239013671875 323.5284423828125 0.9304102 1.7269398 0.6145788 -3.032822 1.394044 7.2309074 -3.039896249771118 0.8882821798324585
Pedestrian 0.0 0 -1.8778388500213623 836.1546630859375 173.08279418945312 871.814697265625 243.7335662841797 0.8400081 1.740246 0.62162155 6.235851 1.5591451 17.839733 -1.5415663719177246 0.2631039321422577
Pedestrian 0.0 0 -3.3000521659851074 818.1026000976562 180.22433471679688 866.580078125 268.1592102050781 0.82579815 1.6963627 0.5812486 4.6428194 1.6926775 13.988218 -2.979583740234375 0.2142610251903534
Pedestrian 0.0 0 -0.7642033696174622 943.0674438476562 147.6508026123047 1027.4454345703125 255.08616638183594 1.1665803 1.7044027 0.5526056 6.2087164 1.1849238 11.635814 -0.27404871582984924 0.15122148394584656
Pedestrian 0.0 0 0.5473703145980835 197.43267822265625 155.36685180664062 253.21322631835938 244.36012268066406 0.78151363 1.7159963 0.5815602 -7.5197277 1.2330037 13.93951 0.05265974998474121 0.1476069688796997
Pedestrian 0.0 0 0.11957180500030518 828.7999267578125 134.3784942626953 889.45166015625 239.727783203125 0.9385568 1.789079 0.67439336 4.459093 1.0074753 12.513374 0.46188902854919434 0.13006871938705444
Pedestrian 0.0 0 -0.28237468004226685 622.7968139648438 170.5138397216797 687.4664916992188 268.1583251953125 1.0561382 1.7357417 0.6028139 0.8681275 1.5598692 12.971003 -0.21554601192474365 0.12810967862606049
Pedestrian 0.0 0 0.5001914501190186 55.74986267089844 186.56427001953125 95.9015121459961 253.6637725830078 0.63931084 1.8878455 0.7660678 -15.285489 2.0679724 20.389254 -0.14310719072818756 0.1062505841255188
Pedestrian 0.0 0 0.03286042809486389 751.6862182617188 128.1169891357422 816.033447265625 232.88987731933594 1.0641923 1.7655731 0.5839626 3.0794764 0.8844935 12.336387 0.27748656272888184 0.105252705514431
Pedestrian 0.0 0 -0.566969633102417 866.6402587890625 180.04501342773438 946.1719970703125 297.90911865234375 0.83136445 1.6189904 0.6375088 4.2427945 1.6144102 10.091219 -0.16896414756774902 0.10188429802656174
Cyclist 0.0 0 -1.5034077167510986 858.3129272460938 141.4382781982422 900.5231323242188 253.49472045898438 1.8141454 1.7296212 0.5431787 4.575401 1.1283513 11.845428 -1.134803056716919 0.2641703188419342
Cyclist 0.0 0 -0.7467789649963379 934.514892578125 145.7922821044922 1035.842041015625 256.2823181152344 1.5099454 1.7471884 0.53241515 6.2031994 1.200008 11.624748 -0.2565983831882477 0.15871074795722961
Cyclist 0.0 0 -1.396196722984314 252.9181365966797 186.46994018554688 311.025634765625 302.6861877441406 1.5565228 1.6464705 0.55830157 -5.0037127 1.747319 10.920024 -1.8258607387542725 0.1285996288061142
Cyclist 0.0 0 -0.2534254789352417 618.6205444335938 169.77462768554688 694.759765625 268.945556640625 1.2784925 1.7627202 0.62169194 0.8959613 1.5737242 12.98538 -0.18453694880008698 0.12247421592473984
Cyclist 0.0 0 0.12481966614723206 239.76417541503906 164.5957794189453 313.2566223144531 257.5032043457031 1.2213861 1.7286432 0.59670645 -6.3490453 1.4343652 13.621529 -0.3113451302051544 0.12028375267982483
Cyclist 0.0 0 -2.6319949626922607 251.69056701660156 146.17108154296875 373.6871643066406 324.1507263183594 0.96283484 1.7281166 0.6458269 -3.021613 1.3964915 7.2357945 -3.0275745391845703 0.10589032620191574
Car 0.0 0 0.905058741569519 0.0 193.4359588623047 126.92779541015625 238.063720703125 4.0756326 1.5018488 1.6177725 -19.853745 1.999432 25.822227 0.24959444999694824 0.1182384043931961
