Pedestrian 0.0 0 3.5184762477874756 249.53829956054688 138.50868225097656 339.8204040527344 291.133056640625 0.79588753 1.7664828 0.7122801 -3.780365 1.2821568 8.549994 3.102170944213867 0.7619084119796753
Pedestrian 0.0 0 -0.2397330105304718 817.0557861328125 179.92050170898438 865.9712524414062 267.9697265625 0.7995652 1.7049277 0.5936331 4.635732 1.6953388 14.013579 0.07973837852478027 0.35356467962265015
Pedestrian 0.0 0 -2.01842999458313 835.6735229492188 170.17282104492188 873.1572875976562 240.63197326660156 0.7847058 1.7354152 0.61046094 6.2458525 1.4826529 17.833395 -1.6815471649169922 0.20876449346542358
Pedestrian 0.0 0 2.799151659011841 749.011474609375 122.05186462402344 812.2832641601562 226.74534606933594 0.9160728 1.7773515 0.6215334 3.014296 0.78674215 12.354667 3.038456916809082 0.1992507129907608
Pedestrian 0.0 0 0.4237065613269806 247.0213623046875 164.7938690185547 301.63299560546875 255.36080932617188 0.7726439 1.7034216 0.60541654 -6.3946934 1.4096502 13.60226 -0.015752550214529037 0.1770726591348648
Pedestrian 0.0 0 -0.19538812339305878 712.1605224609375 153.42300415039062 758.779052734375 225.16372680664062 1.0775418 1.8055544 0.5915311 3.2933035 1.1256801 18.093876 -0.015346953645348549 0.12717440724372864
Pedestrian 0.0 0 -0.5858618021011353 845.3785400390625 142.40975952148438 914.184326171875 244.8379669189453 0.9011629 1.6811068 0.6095958 4.608945 1.0576011 11.994905 -0.21901339292526245 0.11885789781808853
Pedestrian 0.0 0 0.10671883821487427 602.8543090820312 167.99119567871094 660.8441162109375 256.1015930175781 1.1378137 1.7691948 0.61405617 0.5213535 1.5196544 14.576772 0.1424696445465088 0.10193709284067154
Cyclist 0.0 0 -1.7672057151794434 852.4423828125 141.1733856201172 908.0899047851562 249.00271606445312 1.7476016 1.7038084 0.54404294 4.622167 1.0840654 12.074214 -1.401602864265442 0.2760103940963745
Cyclist 0.0 0 2.4139628410339355 895.5977783203125 175.22450256347656 1034.902587890625 294.8309020996094 1.6544015 1.6019471 0.8040303 5.0671854 1.5329615 10.066946 2.8802859783172607 0.1227741539478302
Cyclist 0.0 0 2.0898795127868652 1101.433837890625 214.3676300048828 1224.0 370.0 1.2448021 1.508084 0.593524 5.257003 1.846809 6.527646 2.7678706645965576 0.11465483158826828
Cyclist 0.0 0 -0.41344717144966125 900.138427734375 145.7895050048828 1001.7017211914062 251.61305236816406 1.3500537 1.6947579 0.6723282 5.6452017 1.1405257 11.679144 0.03679800033569336 0.10818750411272049
Car 0.0 0 0.05142795667052269 589.12548828125 180.72607421875 681.6703491210938 219.10025024414062 3.6999388 1.5236621 1.6070979 1.2556872 1.5347446 29.054598 0.0946192741394043 0.16213934123516083
Car 0.0 0 1.771470308303833 0.0 165.029296875 64.11810302734375 204.88967895507812 4.190751 1.6874727 1.6679564 -26.115564 1.0340067 32.17109 1.0895929336547852 0.13461129367351532
