Car 0.0 0 -1.600797414779663 536.8611450195312 181.21853637695312 580.2349853515625 222.7170867919922 3.4870193 1.6004534 1.6618685 -2.1088538 1.4474286 29.538553 -1.672069787979126 0.9502867460250854
Car 0.0 0 -1.8330072164535522 666.0862426757812 178.3297119140625 815.6881103515625 284.4580383300781 3.8379653 1.6509641 1.6992706 2.200125 1.5449746 13.171008 -1.667492389678955 0.9447312355041504
Car 0.0 0 -1.3754479885101318 386.4088439941406 186.42161560058594 463.2420349121094 236.56298828125 4.024441 1.4137536 1.5634947 -5.6372705 1.4559282 22.412695 -1.62185800075531 0.9443385004997253
Car 0.0 0 -1.0561981201171875 0.0 189.77694702148438 274.3567810058594 376.0 3.7925403 1.4892159 1.5961641 -4.8673735 1.5476351 7.065425 -1.659435749053955 0.9377155303955078
Car 0.0 0 -1.3161890506744385 299.9736328125 189.37181091308594 416.9951171875 262.46484375 3.4437943 1.4181576 1.621356 -5.4254785 1.5216419 15.922591 -1.6445915699005127 0.9362874031066895
Car 0.0 0 -1.166438102722168 168.89059448242188 164.48300170898438 317.2862548828125 242.0397186279297 4.9463353 1.8861587 1.8575385 -9.931837 1.3830763 20.000317 -1.6273491382598877 0.7683385610580444
Car 0.0 0 -1.4331854581832886 418.4068603515625 181.27578735351562 474.4308776855469 221.1193084716797 4.5634484 1.5559617 1.6992781 -6.771221 1.4032329 30.41214 -1.652260661125183 0.7193894982337952
Car 0.0 0 -1.3744231462478638 461.79962158203125 181.05050659179688 501.1135559082031 207.12232971191406 3.8057272 1.4801888 1.5908133 -7.482855 1.2448481 42.72888 -1.547789216041565 0.6775087714195251
Car 0.0 0 -1.691894292831421 576.1592407226562 182.55548095703125 602.3137817382812 202.24114990234375 3.7893782 1.4733413 1.5771738 -1.4855405 1.2753737 55.787964 -1.7185163497924805 0.6346583366394043
Car 0.0 0 -1.4908757209777832 530.0115966796875 183.28822326660156 564.5337524414062 213.20162963867188 3.5470593 1.5452515 1.5855962 -3.2606828 1.4468144 38.906956 -1.574487566947937 0.5049933195114136
