Pedestrian 0.0 0 0.9648944139480591 997.9208374023438 159.67198181152344 1020.0870361328125 199.69366455078125 0.66332865 1.8612046 0.64915466 18.712627 1.2485337 33.9152 1.4690783023834229 0.3790090084075928
Pedestrian 0.0 0 -1.9012341499328613 1161.560791015625 133.59104919433594 1208.6029052734375 220.10519409179688 0.66584885 1.8499027 0.6242317 12.566117 1.0107143 15.843624 -1.2306938171386719 0.2934165894985199
Pedestrian 0.0 0 -1.4282143115997314 888.8242797851562 171.9403839111328 898.953369140625 197.7304229736328 0.7128892 1.7738862 0.5590335 19.674599 1.7114025 50.07394 -1.053834080696106 0.2411559522151947
Pedestrian 0.0 0 0.491134375333786 629.1116333007812 177.21969604492188 645.8452758789062 202.41094970703125 1.0002562 1.6819708 0.5288138 1.8290204 1.9806416 48.820076 0.5285813808441162 0.24098683893680573
Pedestrian 0.0 0 -3.725336790084839 1194.0386962890625 113.38726806640625 1242.0 225.7405548095703 0.6879603 1.8189911 0.5401041 10.213437 0.8565869 11.988758 -3.01973032951355 0.16244354844093323
Pedestrian 0.0 0 -1.5368705987930298 849.3402709960938 138.81936645507812 868.9017944335938 192.96096801757812 0.8490348 1.8257827 0.6095627 8.53464 0.6784125 24.834536 -1.205854892730713 0.13803808391094208
Pedestrian 0.0 0 2.870173692703247 791.2005004882812 134.58248901367188 816.673583984375 191.6916046142578 0.6791645 1.8710998 0.600239 6.385263 0.61754584 23.941189 3.130812883377075 0.13042451441287994
Pedestrian 0.0 0 -2.8073461055755615 1042.7310791015625 182.78182983398438 1099.878662109375 296.6234436035156 0.5723635 1.6332322 0.5557496 6.8608785 1.7878956 10.814968 -2.2420248985290527 0.12991712987422943
Cyclist 0.0 0 1.231788992881775 629.7515258789062 177.7052459716797 645.2335815429688 203.34695434570312 1.512863 1.6939319 0.5737359 1.8217219 2.0276825 48.776237 1.269120216369629 0.2858368456363678
Car 0.0 0 -1.6933342218399048 572.8770141601562 182.46871948242188 606.60498046875 207.60018920898438 4.275191 1.4905068 1.665026 -1.3902317 2.1436012 46.7429 -1.7230675220489502 0.6662617325782776
Car 0.0 0 1.8698198795318604 390.4349365234375 184.12477111816406 457.0213317871094 223.842529296875 3.5485182 1.3965567 1.5418986 -7.2442694 1.8657672 28.203562 1.6183984279632568 0.2982109487056732
Car 0.0 0 -0.6621378660202026 741.6796264648438 174.51998901367188 850.850341796875 212.9456787109375 4.111783 1.4514903 1.6282688 7.439074 1.5223298 28.955673 -0.41066399216651917 0.1996506005525589
Car 0.0 0 -0.4382545053958893 222.9005584716797 170.92015075683594 281.2088928222656 194.08255004882812 3.5739138 1.6846994 1.6555557 -26.975199 1.5443993 54.391457 -0.8986532688140869 0.18447178602218628
Car 0.0 0 -2.1259145736694336 135.8760528564453 173.31756591796875 193.73898315429688 196.17193603515625 4.1157026 1.6152158 1.6806109 -32.57014 1.6505249 52.729145 -2.6792383193969727 0.16718004643917084
