Pedestrian 0.0 0 -2.92891001701355 441.76507568359375 137.13148498535156 562.5185546875 314.9683837890625 1.1881824 1.8172001 0.53484493 -1.1265374 1.375738 7.524812 -3.0775160789489746 0.8880554437637329
Pedestrian 0.0 0 -2.038792133331299 835.0199584960938 173.408935546875 874.9847412109375 244.55923461914062 0.81612635 1.7484124 0.64951944 6.253878 1.5757576 17.81654 -1.7012131214141846 0.38002505898475647
Pedestrian 0.0 0 -0.2232424020767212 816.1741333007812 178.63087463378906 866.3997192382812 267.82269287109375 0.8325968 1.7247454 0.5844814 4.6257143 1.6902336 13.998335 0.09590864181518555 0.22254036366939545
Pedestrian 0.0 0 0.19057896733283997 823.859375 137.19625854492188 879.2918701171875 243.77554321289062 0.81323177 1.8171927 0.70328623 4.3410735 1.0805049 12.558118 0.5233988761901855 0.15678861737251282
Pedestrian 0.0 0 -1.506664752960205 507.66558837890625 171.6181182861328 549.9481811523438 273.0839538574219 0.9805991 1.7559288 0.69960874 -1.4018518 1.6038682 12.736642 -1.6162879467010498 0.148309126496315
Pedestrian 0.0 0 2.890601873397827 747.8076171875 125.65192413330078 813.4984741210938 231.6075439453125 0.9937472 1.8055233 0.60068065 3.0111732 0.87253934 12.349601 3.129762887954712 0.1233985498547554
Pedestrian 0.0 0 -1.037645697593689 195.26007080078125 156.73907470703125 253.4567108154297 247.73587036132812 0.9274987 1.7452837 0.63584733 -7.5801673 1.2911918 14.031401 -1.5329561233520508 0.10593298077583313
Cyclist 0.0 0 -1.5140866041183472 859.0565185546875 143.93594360351562 899.4246826171875 255.3341522216797 1.7604922 1.737063 0.54119325 4.6053853 1.1685668 11.9337435 -1.1457829475402832 0.1617884784936905
Cyclist 0.0 0 -1.424606442451477 515.63037109375 167.58053588867188 566.3043212890625 271.017333984375 1.2485226 1.8168701 0.76215464 -1.2049488 1.5915837 13.058343 -1.51662015914917 0.12414543330669403
Cyclist 0.0 0 2.4027493000030518 898.3641967773438 182.138427734375 1027.3453369140625 301.6358642578125 1.5244768 1.6018301 0.76243764 5.0333705 1.6281496 10.0623865 2.866569995880127 0.10663983970880508
Car 0.0 0 -1.1890289783477783 490.2868347167969 142.3399200439453 588.7007446289062 211.5339813232422 3.879735 1.8743607 1.6074152 -1.887815 0.84224397 21.237246 -1.277687668800354 0.11916223913431168
Car 0.0 0 0.9758763313293457 7.16500997543335 191.94480895996094 131.30960083007812 236.17686462402344 4.024819 1.489786 1.6676047 -19.710117 1.9352741 25.98795 0.3269999027252197 0.10865581780672073
