Pedestrian 0.0 0 0.17814365029335022 398.78448486328125 154.55679321289062 507.202392578125 325.8707580566406 1.0155696 1.7140679 0.6474784 -1.6190569 1.4561894 7.411609 -0.03692656755447388 0.5493135452270508
Pedestrian 0.0 0 1.4677166938781738 61.52478790283203 185.41998291015625 93.69146728515625 254.0153350830078 0.7878043 1.9200655 0.6646392 -15.236825 2.0670252 20.37479 0.8256075382232666 0.21110515296459198
Pedestrian 0.0 0 1.758413314819336 852.6775512695312 149.35728454589844 908.1691284179688 262.4059143066406 1.6848987 1.7678249 0.57140326 4.621498 1.2824802 11.917702 2.128344774246216 0.151471346616745
Pedestrian 0.0 0 -0.2802934944629669 820.1779174804688 187.80079650878906 865.673583984375 277.9055480957031 0.69704646 1.7298675 0.6497157 4.6470675 1.879222 13.962966 0.04098939895629883 0.12199069559574127
Pedestrian 0.0 0 -0.667251706123352 1072.6043701171875 198.03173828125 1128.877197265625 267.26385498046875 0.9857303 1.6604816 0.5848383 12.179913 2.1024637 17.435474 -0.05748559534549713 0.11881092190742493
Pedestrian 0.0 0 -0.46435293555259705 946.3409423828125 141.73367309570312 1026.4471435546875 255.63604736328125 0.99325293 1.8282865 0.61244726 6.230672 1.2076888 11.663286 0.026288509368896484 0.10780198127031326
Cyclist 0.0 0 1.7559309005737305 852.060546875 148.6424102783203 908.2084350585938 262.77301025390625 1.7423592 1.7818595 0.5757951 4.621113 1.2861413 11.9259615 2.125600814819336 0.2668413519859314
Car 0.0 0 -2.787205219268799 523.8630981445312 158.86988830566406 619.0753173828125 194.07923889160156 4.027643 1.5458026 1.6982307 -1.5440853 0.5976417 32.454456 -2.8347463607788086 0.22386214137077332
Car 0.0 0 2.0263924598693848 475.5071105957031 136.7509765625 586.1573486328125 195.60205078125 4.076914 1.5602162 1.6215861 -2.1021562 0.40195948 20.932991 1.9263049364089966 0.1987292617559433
Car 0.0 0 -2.3056325912475586 0.0 190.06472778320312 131.4680633544922 234.6736297607422 4.2396774 1.5099329 1.6476315 -19.71526 1.8743004 25.628012 -2.961362600326538 0.18498595058918
Car 0.0 0 1.9194529056549072 0.0 191.85704040527344 49.24041748046875 231.07920837402344 3.9611607 1.5320126 1.606326 -26.126368 2.065546 30.984598 1.218916893005371 0.17823569476604462
Car 0.0 0 0.5798318982124329 207.1934356689453 202.6680450439453 379.775390625 262.03253173828125 4.1104274 1.4603182 1.6330115 -8.5219345 2.1057396 19.386457 0.16567540168762207 0.11143062263727188
