Pedestrian 0.0 0 1.66179358959198 1155.3060302734375 162.7529296875 1216.908203125 283.3488464355469 0.8535328 1.8002384 0.6822967 8.984782 1.6498088 11.312519 2.3330085277557373 0.49950137734413147
Pedestrian 0.0 0 -0.22682052850723267 528.3880004882812 175.0414276123047 542.0385131835938 200.37355041503906 0.9034299 1.8417724 0.51224077 -5.51308 2.003729 52.91276 -0.3306378126144409 0.45987778902053833
Pedestrian 0.0 0 2.153775215148926 278.16259765625 191.4438934326172 314.6439208984375 261.2811279296875 0.56879014 1.529031 0.53090763 -7.1265836 1.957627 16.293299 1.7414541244506836 0.3608798086643219
Cyclist 0.0 0 1.3647558689117432 595.1378173828125 178.05178833007812 612.9508666992188 211.418701171875 1.6426153 1.6690708 0.5927739 -0.35351574 1.9438467 37.22523 1.3552595376968384 0.38681623339653015
Cyclist 0.0 0 -0.48198121786117554 873.7404174804688 142.67764282226562 977.7218627929688 238.43601989746094 1.8850626 1.851995 0.45931822 6.174004 1.268733 14.249913 -0.07313001900911331 0.2713266611099243
Car 0.0 0 1.698410987854004 386.7647399902344 184.46022033691406 458.4721984863281 238.7253875732422 4.012061 1.4528629 1.6417334 -5.7348604 1.8456628 22.302427 1.4467231035232544 0.9604949951171875
Car 0.0 0 1.6675059795379639 437.1797790527344 184.31922912597656 480.4346008300781 221.0696563720703 3.485585 1.4066687 1.464257 -6.390667 1.9214369 30.558146 1.461345911026001 0.8891333937644958
Car 0.0 0 1.2620903253555298 634.613037109375 167.08758544921875 733.1893920898438 227.81869506835938 4.2856855 1.6442375 1.7123117 2.0568352 1.4884756 21.808247 1.3561266660690308 0.7559546232223511
Car 0.0 0 -1.3574556112289429 538.0220947265625 175.69940185546875 571.3641967773438 198.7523193359375 3.9456975 1.6198845 1.6582619 -4.068692 1.8385024 53.276382 -1.4336771965026855 0.5834068655967712
Car 0.0 0 1.463278889656067 444.4396667480469 184.2234649658203 486.53375244140625 217.41384887695312 4.2185082 1.525802 1.6609467 -7.495342 2.14452 36.978386 1.2632931470870972 0.36775535345077515
