Pedestrian 0.0 0 -3.237399101257324 902.4578247070312 93.51750183105469 1013.593994140625 278.9378967285156 0.96589786 1.7759079 0.51120096 3.441488 1.0164016 7.3115015 -2.797468900680542 0.6046114563941956
Pedestrian 0.0 0 -1.8363144397735596 757.6182861328125 156.63296508789062 782.057861328125 209.22348022460938 0.75200367 1.8339901 0.66976386 5.6105695 1.2686716 25.55153 -1.6201660633087158 0.5576217770576477
Pedestrian 0.0 0 -2.094851493835449 684.8142700195312 158.91790771484375 705.9820556640625 202.740478515625 0.85665673 1.746896 0.48792106 3.4158776 1.1917205 29.24981 -1.9785951375961304 0.4769214689731598
Car 0.0 0 -1.848260521888733 729.1349487304688 179.2095947265625 898.6326293945312 292.6521301269531 3.7988155 1.5331634 1.6386327 3.0848203 1.6551001 11.881772 -1.5942425727844238 0.9821471571922302
Car 0.0 0 -1.860798716545105 694.3557739257812 177.8608856201172 802.89208984375 252.32992553710938 3.4140322 1.5712805 1.6105324 3.1436708 1.70372 17.246477 -1.6804991960525513 0.949819028377533
Car 0.0 0 1.889853596687317 316.20562744140625 189.4765167236328 434.08978271484375 264.6819152832031 3.8512614 1.5870587 1.6599063 -5.7558947 2.0469863 18.012272 1.5805552005767822 0.9407297968864441
Car 0.0 0 1.804056167602539 396.6199035644531 189.48350524902344 469.0618896484375 242.46890258789062 3.4662955 1.4892688 1.4892669 -5.632332 2.0622585 23.105705 1.5649555921554565 0.9405244588851929
Car 0.0 0 -1.7247318029403687 686.3372802734375 180.16062927246094 759.7193603515625 231.04156494140625 3.9110367 1.4281355 1.6838465 3.4224393 1.6789622 22.771795 -1.575555443763733 0.8693729043006897
Car 0.0 0 -2.3380961418151855 937.5272216796875 186.99163818359375 1242.0 375.0 3.8937356 1.4564879 1.5648725 3.141063 1.5604969 3.331643 -1.582133173942566 0.8472010493278503
Car 0.0 0 0.613747239112854 0.0 190.94235229492188 159.47564697265625 247.8291015625 4.1882167 1.4407606 1.557767 -14.926192 1.9555831 19.666405 -0.035469334572553635 0.6462653279304504
Car 0.0 0 -2.9114534854888916 408.5007629394531 179.661865234375 477.0291748046875 203.48101806640625 4.1258035 1.5254139 1.6726761 -11.007891 1.9821775 47.528255 -3.139047861099243 0.6363682746887207
Car 0.0 0 1.0885679721832275 0.0 198.6402130126953 87.72358703613281 266.9751281738281 3.9759562 1.4163905 1.5057123 -14.799367 2.0936198 17.490734 0.38632726669311523 0.588408350944519
