Pedestrian 0.0 0 -0.9118183851242065 920.5906372070312 160.84278869628906 1030.41748046875 323.36846923828125 0.89622337 1.7267351 0.7036424 4.1812515 1.5086248 8.137708 -0.43718239665031433 0.8019134402275085
Pedestrian 0.0 0 1.3708322048187256 623.7799682617188 179.63560485839844 643.8234252929688 223.38632202148438 0.78313917 1.7961304 0.69110906 1.3277795 1.7205787 29.928123 1.4151687622070312 0.7632567882537842
Pedestrian 0.0 0 -1.5362669229507446 366.3802185058594 195.972900390625 406.2140197753906 271.6606140136719 0.75545573 1.5506058 0.79279464 -4.6250205 1.8707138 15.3583975 -1.8287688493728638 0.7217485904693604
Pedestrian 0.0 0 1.6693068742752075 412.3948974609375 174.78172302246094 449.36572265625 264.7362060546875 0.82656366 1.6419752 0.6036095 -3.2486014 1.5206107 13.559983 1.4341659545898438 0.7166233658790588
Pedestrian 0.0 0 -1.3374131917953491 680.2730712890625 181.6750946044922 705.6655883789062 230.4035186767578 0.95339155 1.7194978 0.70913064 3.2869053 1.7269951 25.92031 -1.2112783193588257 0.6598457098007202
Pedestrian 0.0 0 -0.9228934049606323 0.0 177.3343963623047 113.47486877441406 367.2938232421875 0.75605005 1.6074954 0.6417068 -5.014156 1.5736312 6.4580975 -1.5830861330032349 0.5953336954116821
Pedestrian 0.0 0 2.9963274002075195 574.7391357421875 183.8979949951172 600.4591064453125 228.0950469970703 0.926194 1.7387702 0.77361494 -0.5774394 1.837325 28.7648 2.9762556552886963 0.578130841255188
Pedestrian 0.0 0 1.1707797050476074 427.5833740234375 173.28536987304688 459.4134826660156 237.98817443847656 0.71566546 1.7022632 0.6062033 -4.292021 1.4873133 19.363295 0.9526488780975342 0.5222474932670593
Pedestrian 0.0 0 -1.3226064443588257 515.1021728515625 182.1187744140625 541.2054443359375 237.7920379638672 0.7780604 1.6504476 0.6150185 -2.2391496 1.670653 21.731476 -1.425281286239624 0.5103489756584167
Pedestrian 0.0 0 0.5532681941986084 269.04705810546875 138.98458862304688 368.6069030761719 307.33270263671875 0.7904298 1.7659725 0.6699228 -3.1515331 1.3213471 7.931394 0.1750490665435791 0.41014888882637024
Pedestrian 0.0 0 2.1005806922912598 842.9570922851562 130.47117614746094 876.2261962890625 197.7180938720703 0.7660771 1.8866504 0.59377456 7.3836045 0.45615527 20.624228 2.4443702697753906 0.3325410783290863
Pedestrian 0.0 0 -0.266316682100296 805.5208129882812 142.69740295410156 911.4124145507812 315.35223388671875 0.88348687 1.6015326 0.38639197 2.39786 1.2429792 6.883743 0.06887555122375488 0.3066706657409668
Pedestrian 0.0 0 3.120274543762207 588.4512329101562 187.71417236328125 608.8408203125 228.80970764160156 0.88039106 1.7804883 0.7462324 -0.141632 2.0583205 31.620035 3.115795373916626 0.29993823170661926
Cyclist 0.0 0 3.0811989307403564 574.98095703125 183.56044006347656 599.0341796875 227.9494171142578 0.9172863 1.7507076 0.7740525 -0.6019785 1.835503 28.79064 3.060293197631836 0.2817762792110443
Car 0.0 0 -1.8136605024337769 711.9744262695312 127.13069915771484 871.0029296875 246.8043670654297 4.1490912 1.7436711 1.656927 3.0482345 0.95281035 12.541883 -1.5752389430999756 0.5289074182510376
Car 0.0 0 -1.658383846282959 701.0535278320312 184.5397491455078 774.0189208984375 242.02774047851562 4.1908545 1.5130314 1.7345225 3.8970976 1.6134334 21.298735 -1.4774125814437866 0.3965243697166443
