Pedestrian 0.0 0 -3.5124447345733643 879.27099609375 149.69723510742188 1010.231201171875 324.5579833984375 1.0846269 1.7584194 0.643652 3.5046976 1.4503571 7.463211 -3.0734143257141113 0.7343574166297913
Pedestrian 0.0 0 -3.5895071029663086 946.3880004882812 143.61012268066406 1019.345458984375 258.3055419921875 0.8691454 1.8358476 0.6359542 6.16449 1.2470323 11.646884 -3.1027090549468994 0.20530380308628082
Pedestrian 0.0 0 -3.2941770553588867 822.4267578125 188.79916381835938 865.859130859375 280.1117858886719 0.71447444 1.7444218 0.6862898 4.6733394 1.9148029 13.973474 -2.9714276790618896 0.16017824411392212
Pedestrian 0.0 0 3.767949342727661 0.0 177.47659301757812 57.76554489135742 266.46417236328125 0.9041375 1.7411026 0.67424524 -11.7439165 1.6835786 14.194623 3.0767529010772705 0.15223248302936554
Pedestrian 0.0 0 0.8892730474472046 1157.12451171875 162.42044067382812 1224.0 274.6730041503906 0.9840923 1.8372105 0.6883148 10.105555 1.542959 12.06453 1.5865389108657837 0.14269737899303436
Pedestrian 0.0 0 1.6309179067611694 854.145751953125 146.33840942382812 897.71923828125 261.8437194824219 1.5510317 1.8391714 0.6077846 4.605937 1.2968773 12.085101 1.9950478076934814 0.13493011891841888
Pedestrian 0.0 0 -0.1041518896818161 750.3573608398438 166.51693725585938 791.7825927734375 257.9766540527344 0.749122 1.7965328 0.6210013 3.2929425 1.5234954 14.237663 0.12313556671142578 0.12171462178230286
Pedestrian 0.0 0 1.5683269500732422 688.7643432617188 160.5069122314453 718.5562133789062 248.20327758789062 0.7088155 1.749681 0.59023404 1.9780481 1.3524156 14.492226 1.7039790153503418 0.10981853306293488
Pedestrian 0.0 0 1.206251621246338 55.4932975769043 186.14036560058594 98.37434387207031 253.61801147460938 0.82816565 1.8817406 0.7415104 -15.223331 2.0498395 20.336329 0.5636610984802246 0.10778668522834778
Cyclist 0.0 0 1.5985256433486938 862.479736328125 147.52020263671875 903.86962890625 266.7757873535156 1.7058812 1.8500118 0.6038394 4.644965 1.3400539 11.866614 1.9716235399246216 0.20559319853782654
Car 0.0 0 -2.769270658493042 526.983642578125 165.82810974121094 619.0260009765625 200.617919921875 3.8841333 1.5269916 1.6522413 -1.4759243 0.8844842 32.43469 -2.814743757247925 0.17238210141658783
Car 0.0 0 1.9561952352523804 479.5762939453125 139.75352478027344 584.8826904296875 201.70388793945312 4.1473246 1.6450316 1.6640056 -2.063948 0.56463295 20.994474 1.858201026916504 0.1372075378894806
Car 0.0 0 -0.7051290273666382 0.0 191.8319854736328 153.00840759277344 247.30712890625 4.2495265 1.5884833 1.734938 -17.52666 2.0018768 23.429382 -1.3473894596099854 0.10307541489601135
Car 0.0 0 3.0061540603637695 572.17724609375 176.5316619873047 631.0217895507812 197.9004669189453 4.0880504 1.5181984 1.6228287 -0.26213345 1.237549 51.318752 3.0010461807250977 0.10159016400575638
