Pedestrian 0.0 0 1.1363003253936768 847.7855224609375 151.09014892578125 870.6976318359375 198.1656036376953 0.7137627 1.8385134 0.6129369 9.820037 0.9888929 28.56322 1.467441201210022 0.28973302245140076
Pedestrian 0.0 0 -0.8513391017913818 1077.8665771484375 155.11538696289062 1128.0966796875 231.60330200195312 0.7444432 1.7719095 0.6566565 11.644219 1.3613371 17.123674 -0.2541576325893402 0.1505463421344757
Pedestrian 0.0 0 -1.6696840524673462 775.1390380859375 157.862060546875 788.9877319335938 193.2304229736328 0.5654429 1.9404869 0.69190514 9.4795265 1.1183112 39.910976 -1.436488389968872 0.12271486967802048
Cyclist 0.0 0 2.0871341228485107 134.7962646484375 191.04945373535156 156.51199340820312 217.15745544433594 1.5622325 1.7150887 0.54923767 -31.746729 2.9788034 49.300243 1.5150260925292969 0.19903111457824707
Cyclist 0.0 0 -1.4813734292984009 975.08544921875 171.50575256347656 994.983154296875 215.7681427001953 1.479308 1.6345594 0.5428346 14.213065 1.5851281 27.41238 -1.0030429363250732 0.14831224083900452
Cyclist 0.0 0 -2.2973921298980713 907.4077758789062 178.23590087890625 938.523681640625 214.87667846679688 1.4598329 1.7032908 0.528899 14.932158 1.9671102 34.542797 -1.889371395111084 0.14125697314739227
Car 0.0 0 2.1795778274536133 0.0 200.2971649169922 84.39095306396484 258.7413635253906 3.7450945 1.4034768 1.5653658 -17.427197 2.278667 21.067837 1.4884735345840454 0.7824898958206177
Car 0.0 0 2.0651021003723145 159.24163818359375 191.03146362304688 219.84947204589844 217.3538360595703 4.122262 1.5384147 1.6644706 -27.412779 2.778931 47.137177 1.538356900215149 0.42373907566070557
Car 0.0 0 -1.5308029651641846 535.148681640625 174.652099609375 555.3314819335938 192.79135131835938 3.7661636 1.5000305 1.579182 -5.5569634 1.6595995 61.96549 -1.6202421188354492 0.24259382486343384
Car 0.0 0 1.4999520778656006 1176.6658935546875 176.6119384765625 1242.0 221.97015380859375 4.2728815 1.5244675 1.6864607 22.236073 1.6762613 26.84524 2.191715955734253 0.14179563522338867
Car 0.0 0 0.9389230012893677 992.4931640625 192.5646514892578 1124.7381591796875 243.25680541992188 4.2387304 1.4833708 1.6956902 15.307324 2.2260678 24.989782 1.4885145425796509 0.12488233298063278
