Pedestrian 0.0 0 1.0249218940734863 970.6220092773438 219.25506591796875 1081.2523193359375 375.0 1.1041272 1.8396264 0.68371814 4.9506164 2.4391413 8.751743 1.539717674255371 0.16510902345180511
Cyclist 0.0 0 -1.6840860843658447 920.6939697265625 182.87832641601562 986.6286010742188 333.4637145996094 1.8115413 1.8926524 0.62248635 4.7388325 2.047385 10.151233 -1.2473303079605103 0.2546132802963257
Cyclist 0.0 0 -2.44217848777771 1005.3126831054688 210.70457458496094 1187.4261474609375 375.0 1.7482531 1.7893893 0.67266166 5.5807705 2.284578 8.4963045 -1.8610050678253174 0.2262386828660965
Cyclist 0.0 0 -1.5671885013580322 2.8440918922424316 186.68704223632812 16.09795379638672 224.44247436523438 1.6273909 1.7281015 0.47662017 -28.644726 2.4024167 34.37231 -2.261946201324463 0.1847892850637436
Cyclist 0.0 0 -0.9395067095756531 100.39417266845703 146.01205444335938 146.2236328125 199.7462615966797 1.5618128 1.8200601 0.5055306 -17.037651 0.91124034 25.226622 -1.533519983291626 0.14990434050559998
Cyclist 0.0 0 -1.4694154262542725 718.2948608398438 144.8392791748047 739.2965698242188 197.89971923828125 1.5977272 1.7579777 0.55485266 4.040217 0.8301631 24.746492 -1.3075790405273438 0.14528122544288635
Cyclist 0.0 0 1.78984797000885 292.5248107910156 184.35458374023438 308.94976806640625 216.20346069335938 1.5081044 1.695901 0.51867056 -17.07678 2.342884 39.77692 1.3843291997909546 0.1424705982208252
Car 0.0 0 2.1235268115997314 6.519814491271973 189.53704833984375 260.2222595214844 303.11138916015625 4.2011957 1.5495341 1.6906598 -7.9884243 1.8894966 12.573433 1.5575255155563354 0.9523006677627563
Car 0.0 0 1.5189827680587769 497.08489990234375 178.77308654785156 519.1358032226562 198.53179931640625 3.9501812 1.5163547 1.56875 -8.342392 2.015503 58.71105 1.3778352737426758 0.2205989807844162
Car 0.0 0 1.935777187347412 281.6009216308594 187.10057067871094 345.37939453125 219.84671020507812 3.871747 1.4240925 1.5854763 -14.348764 2.1547601 35.03065 1.5470173358917236 0.20975983142852783
Car 0.0 0 1.592249870300293 0.0 184.26266479492188 17.390121459960938 219.6427459716797 3.8459654 1.5454714 1.5760316 -29.638016 2.1273308 34.78591 0.8865888118743896 0.18767526745796204
Car 0.0 0 -0.7131295800209045 205.04931640625 183.54530334472656 260.6004333496094 204.86585998535156 3.679895 1.5359712 1.5870668 -29.24036 2.3956673 55.98966 -1.1944149732589722 0.17668099701404572
Car 0.0 0 1.5167065858840942 320.7496643066406 188.4033966064453 345.9232177734375 209.80093383789062 4.134716 1.5760814 1.6836458 -22.527815 2.887787 58.616825 1.149787187576294 0.14433149993419647
Car 0.0 0 2.3255443572998047 248.37783813476562 199.2288360595703 316.55157470703125 226.76312255859375 4.172344 1.5405823 1.6140568 -21.234682 3.336569 46.885296 1.900275468826294 0.14352941513061523
