Pedestrian 0.0 0 1.5294674634933472 754.9617919921875 185.68666076660156 843.6248168945312 374.0 0.63983655 1.5836197 0.6432897 1.4996088 1.6205214 5.7097898 1.7863050699234009 0.7130908966064453
Pedestrian 0.0 0 -3.0080032348632812 1101.9609375 153.12278747558594 1127.1090087890625 207.68203735351562 0.6081731 1.797054 0.631832 17.189203 0.8634627 24.096106 -2.38836669921875 0.5191786885261536
Pedestrian 0.0 0 -1.5242669582366943 100.8453369140625 173.46267700195312 124.5237045288086 233.56805419921875 0.9610279 1.778872 0.55232346 -14.860799 1.542129 21.81112 -2.1223597526550293 0.5017356276512146
Pedestrian 0.0 0 -0.9266319870948792 1079.856689453125 149.1342010498047 1105.9930419921875 195.9801788330078 0.7081766 1.9212656 0.5888648 20.406464 0.59485656 29.850582 -0.3269839286804199 0.4061089754104614
Pedestrian 0.0 0 2.4292068481445312 1133.1143798828125 90.13440704345703 1238.0 288.4028015136719 0.68136126 1.8097042 0.6903328 5.6639056 0.9771386 6.907798 3.1159820556640625 0.31904345750808716
Pedestrian 0.0 0 -1.6766247749328613 738.8109130859375 157.85040283203125 759.6056518554688 206.10107421875 0.719243 1.8307118 0.71025693 5.662234 0.934433 27.644295 -1.4745944738388062 0.31802454590797424
Pedestrian 0.0 0 1.2282960414886475 580.3056030273438 127.96649169921875 621.2752685546875 216.88783264160156 0.8689357 1.8260213 0.61150086 -0.059933323 0.72793674 15.26104 1.2243688106536865 0.26659396290779114
Pedestrian 0.0 0 0.8762131333351135 166.81356811523438 158.89476013183594 206.95297241210938 219.3780975341797 0.83829325 1.7682558 0.65318817 -12.403898 1.1085151 21.449259 0.3519096374511719 0.2511473000049591
Pedestrian 0.0 0 0.24855583906173706 784.1713256835938 147.58946228027344 807.841552734375 187.3651123046875 0.9512784 1.8615184 0.66717285 9.238862 0.27540824 34.13983 0.5128438472747803 0.233523890376091
Pedestrian 0.0 0 -2.247328042984009 753.7716674804688 159.6856231689453 775.1771850585938 201.7846221923828 0.6728719 1.9024798 0.68578684 7.456493 0.9176132 32.912098 -2.024531364440918 0.17898990213871002
Cyclist 0.0 0 2.571061372756958 737.6356811523438 160.55455017089844 784.5286254882812 208.7296600341797 1.643277 1.7799517 0.6401521 6.0075655 1.0071077 27.122198 2.7890419960021973 0.3015689253807068
Car 0.0 0 -0.9590746164321899 991.5401000976562 176.68016052246094 1225.30517578125 271.74456787109375 3.540371 1.4609615 1.5404205 8.666784 1.3881913 12.364137 -0.3477036654949188 0.9086275100708008
Car 0.0 0 -3.405369758605957 931.2951049804688 164.7283935546875 994.5936889648438 185.674560546875 4.154071 1.6158998 1.7142115 28.488478 0.32259667 56.670048 -2.939558267593384 0.29437562823295593
Car 0.0 0 2.1222317218780518 1029.3427734375 167.10255432128906 1168.4779052734375 222.71475219726562 3.7672095 1.4828477 1.5392772 14.253323 1.1001176 20.614044 2.7271878719329834 0.17066577076911926
