Pedestrian 0.0 0 -2.9428794384002686 433.9634094238281 161.19007873535156 554.5914306640625 337.29150390625 1.1753877 1.7916886 0.58437014 -1.2036704 1.596919 7.5039287 -3.1019299030303955 0.8960273265838623
Pedestrian 0.0 0 1.5281431674957275 61.77002716064453 186.68026733398438 92.11720275878906 254.80332946777344 0.7501868 1.906307 0.6683494 -15.255223 2.0903854 20.373465 0.8854238986968994 0.20112907886505127
Pedestrian 0.0 0 -3.3536007404327393 1008.9431762695312 155.78285217285156 1087.6641845703125 270.2081604003906 1.0017108 1.8212298 0.5769792 7.2621384 1.4294789 11.689114 -2.7976856231689453 0.16998499631881714
Pedestrian 0.0 0 -1.8627662658691406 838.2355346679688 171.1379852294922 871.415771484375 240.3888397216797 0.72715956 1.7122463 0.60440254 6.264087 1.4823643 17.853945 -1.5253329277038574 0.1537632793188095
Pedestrian 0.0 0 -0.24595776200294495 820.3318481445312 183.53907775878906 867.5011596679688 274.64056396484375 0.7429747 1.752464 0.6598616 4.6704693 1.8157256 13.977253 0.07652568817138672 0.13294853270053864
Pedestrian 0.0 0 -0.4573300778865814 949.4138793945312 140.50732421875 1021.5431518554688 254.15240478515625 0.866982 1.8261982 0.6117863 6.224515 1.1851977 11.676601 0.03242683410644531 0.10995357483625412
Cyclist 0.0 0 -1.6581392288208008 853.9692993164062 144.6773681640625 892.4962158203125 257.41363525390625 1.6815253 1.8294944 0.474392 4.6160913 1.2498144 12.342653 -1.3002499341964722 0.17572452127933502
Cyclist 0.0 0 -1.5560722351074219 1149.3182373046875 191.6276092529297 1224.0 370.0 1.6877826 1.7090333 0.6125032 5.579592 1.8301063 6.7398715 -0.8645796775817871 0.13305644690990448
Cyclist 0.0 0 -1.6412138938903809 494.19610595703125 168.11964416503906 535.7733154296875 270.0736083984375 1.1946955 1.7840642 0.67092025 -1.7169849 1.5690682 13.019885 -1.7723313570022583 0.11001073569059372
Car 0.0 0 -2.790053367614746 522.5772705078125 160.3361358642578 618.2288818359375 195.24496459960938 4.055653 1.5337003 1.6863667 -1.5936294 0.6492807 32.467834 -2.839097261428833 0.26398590207099915
Car 0.0 0 1.992070198059082 477.5123596191406 140.1245880126953 585.1912231445312 198.36456298828125 4.0660715 1.5452743 1.6453059 -2.088305 0.47558308 20.943949 1.8926894664764404 0.16473037004470825
Car 0.0 0 0.7602198123931885 219.07728576660156 201.58450317382812 382.5263977050781 261.32293701171875 4.202479 1.4464537 1.6383603 -8.492099 2.079106 19.66373 0.35254788398742676 0.11499735713005066
