Pedestrian 0.0 0 -1.5800318717956543 876.804931640625 166.70333862304688 900.0796508789062 222.3595733642578 1.0501885 1.7906432 0.70220685 9.141754 1.5931144 23.826187 -1.2136685848236084 0.6525498628616333
Pedestrian 0.0 0 0.22300373017787933 722.7575073242188 176.74119567871094 742.0858764648438 214.1246795654297 0.81731284 1.8007718 0.6122892 5.950375 1.9935935 35.283646 0.39007568359375 0.5966057181358337
Pedestrian 0.0 0 -2.2111353874206543 1175.24169921875 201.4484405517578 1242.0 296.6704406738281 0.78619725 1.7012845 0.6414336 11.180698 2.254634 13.542582 -1.5209810733795166 0.5438492298126221
Pedestrian 0.0 0 1.2575087547302246 700.285888671875 176.8238983154297 712.217529296875 201.2047576904297 0.7783086 1.7456301 0.64730996 6.9388614 2.0358713 52.24302 1.3895548582077026 0.2856370210647583
Pedestrian 0.0 0 -2.434776544570923 740.8522338867188 175.0466766357422 764.7821044921875 201.1616973876953 1.6521933 1.6479821 0.38942996 9.149904 1.791772 46.427437 -2.2401905059814453 0.10761597752571106
Cyclist 0.0 0 -2.431844711303711 740.9412231445312 174.78933715820312 765.1417846679688 200.98974609375 1.6769183 1.6535072 0.3902311 9.16424 1.7804945 46.428402 -2.2369654178619385 0.2937988042831421
Cyclist 0.0 0 1.5378631353378296 876.8832397460938 165.6069793701172 899.378173828125 222.31752014160156 1.0323108 1.8278043 0.65753096 9.139165 1.5945879 23.84798 1.9038259983062744 0.10026147961616516
Car 0.0 0 2.129281759262085 35.503780364990234 191.7480010986328 189.21621704101562 254.4844207763672 4.0473495 1.4904392 1.6823996 -13.922421 2.079729 20.4324 1.5311555862426758 0.9551381468772888
Car 0.0 0 1.8824247121810913 347.126953125 181.7678680419922 399.3474426269531 209.97886657714844 4.298517 1.5499659 1.7324514 -14.116781 2.1100771 43.153717 1.5662695169448853 0.9034203886985779
Car 0.0 0 2.1586899757385254 15.902785301208496 190.3438262939453 157.37408447265625 246.0952606201172 4.2392488 1.5429542 1.6379963 -16.853827 2.1640942 23.460382 1.5357245206832886 0.662538468837738
Car 0.0 0 2.213810920715332 0.0 182.3589324951172 69.84274291992188 228.07276916503906 3.6089554 1.4537536 1.5455495 -21.23143 1.8149706 25.549679 1.5204592943191528 0.30325376987457275
Car 0.0 0 -3.133409023284912 927.1735229492188 188.4814453125 989.5289306640625 210.50111389160156 4.161259 1.5317984 1.6735605 26.122637 2.742893 54.229336 -2.6845028400421143 0.2759484052658081
Car 0.0 0 -0.6333974599838257 932.712646484375 186.18821716308594 1137.3043212890625 256.89410400390625 4.1807466 1.6029294 1.6656477 10.35254 1.9517341 17.801682 -0.1066557765007019 0.2672812342643738
