Pedestrian 0.0 0 0.4944375157356262 341.4297790527344 154.53530883789062 443.964599609375 305.9089050292969 1.0509815 1.8135418 0.6561255 -2.704411 1.504151 8.891419 0.19916892051696777 0.7771042585372925
Pedestrian 0.0 0 1.202369213104248 55.21752166748047 187.95054626464844 97.27145385742188 255.42628479003906 0.8294681 1.8800404 0.71788245 -15.242546 2.101464 20.335115 0.5591447353363037 0.18792152404785156
Pedestrian 0.0 0 1.916064739227295 681.8497314453125 163.39491271972656 722.2052001953125 252.57443237304688 0.73779 1.770724 0.6081295 1.9544355 1.4327192 14.50154 2.050031900405884 0.16487658023834229
Pedestrian 0.0 0 0.6114994287490845 1157.7379150390625 163.37767028808594 1224.0 275.32452392578125 0.8972409 1.8270885 0.69820064 10.107724 1.5492865 12.058454 1.3091189861297607 0.14187820255756378
Pedestrian 0.0 0 -3.514554977416992 944.6824340820312 144.34457397460938 1019.4295043945312 258.81256103515625 0.9266225 1.8302773 0.61239076 6.154826 1.2538275 11.656746 -3.028754711151123 0.13610227406024933
Pedestrian 0.0 0 1.340408444404602 492.9078063964844 165.79330444335938 538.134521484375 267.1933288574219 0.90633994 1.8333398 0.652006 -1.7390544 1.5690794 13.317657 1.2105605602264404 0.11943100392818451
Pedestrian 0.0 0 -1.4670524597167969 860.9385986328125 149.91488647460938 904.9099731445312 269.7215576171875 1.7445334 1.8575826 0.5126515 4.635433 1.3850231 11.850352 -1.0941863059997559 0.10183733701705933
Cyclist 0.0 0 -1.4633605480194092 852.8255615234375 145.06976318359375 897.778564453125 259.9496154785156 1.7587322 1.8284103 0.5408957 4.624919 1.266163 12.154646 -1.09977126121521 0.2054629772901535
Car 0.0 0 -2.255445718765259 0.0 189.2391357421875 129.49569702148438 233.70407104492188 4.1899753 1.5011554 1.6350049 -19.713573 1.8354043 25.640932 -2.910890817642212 0.22546134889125824
Car 0.0 0 -2.779308795928955 525.7950439453125 162.2510223388672 619.2042846679688 197.1735382080078 3.9445405 1.5331824 1.6781272 -1.4978144 0.73347867 32.446873 -2.8254380226135254 0.206020787358284
Car 0.0 0 1.930262804031372 0.0 191.18287658691406 48.696956634521484 230.23521423339844 3.9593327 1.5265126 1.6111844 -26.136168 2.0277066 30.935448 1.228759527206421 0.16510877013206482
Car 0.0 0 0.5345740914344788 186.7133026123047 198.1907196044922 368.5434265136719 258.65728759765625 4.2795043 1.51607 1.6541004 -8.93047 2.0285866 19.374203 0.10265445709228516 0.16477134823799133
Car 0.0 0 1.9893851280212402 476.1595764160156 138.75665283203125 584.8856201171875 199.69656372070312 4.1375284 1.615838 1.6588068 -2.1111925 0.5105866 20.967026 1.889032244682312 0.14606183767318726
