Pedestrian 0.0 0 0.5539222359657288 0.0 164.2200927734375 84.41455841064453 300.10498046875 1.0198053 1.8409026 0.5641197 -8.144568 1.7242923 10.115242 -0.12396793812513351 0.47817134857177734
Pedestrian 0.0 0 2.1023590564727783 205.75157165527344 164.69781494140625 236.3447723388672 222.99330139160156 0.5886816 1.751045 0.60612655 -11.887914 1.5064123 21.975334 1.6064780950546265 0.4522182047367096
Car 0.0 0 -2.006267786026001 767.0039672851562 198.19488525390625 1164.404052734375 375.0 4.4842315 1.4567808 1.619687 2.9393997 1.7937144 7.2990556 -1.6234276294708252 0.9769119620323181
Car 0.0 0 0.3130033314228058 313.0455322265625 182.3092041015625 460.1346740722656 236.3594970703125 3.852309 1.5168688 1.6184629 -6.5864134 1.8083307 21.37542 0.014104366302490234 0.9372113943099976
Car 0.0 0 -1.7076245546340942 653.25 178.12139892578125 716.594482421875 229.2266845703125 4.202419 1.7042944 1.746911 2.6314402 1.914669 26.632465 -1.6091384887695312 0.915503978729248
Car 0.0 0 1.4991750717163086 632.5713500976562 179.3456268310547 659.429443359375 203.7718505859375 3.8749762 1.5801073 1.5660566 2.4129956 2.04493 49.667015 1.5477203130722046 0.7931237816810608
Car 0.0 0 3.597820281982422 99.76133728027344 191.7606964111328 387.1722717285156 287.69281005859375 4.202711 1.527419 1.6457356 -6.314013 1.8813059 12.652177 3.134936571121216 0.7051718235015869
Car 0.0 0 -1.6355669498443604 645.3458251953125 182.64891052246094 680.0311889648438 213.23672485351562 3.5193954 1.4655609 1.562409 2.656453 1.9984674 37.462814 -1.5647764205932617 0.6642571091651917
Car 0.0 0 -2.8771169185638428 456.3415832519531 177.82977294921875 531.7086791992188 206.1899871826172 3.872451 1.5342522 1.6492178 -6.4991693 1.8203791 40.41357 -3.0365681648254395 0.6167165040969849
Car 0.0 0 3.290534257888794 411.0491638183594 180.16102600097656 506.53570556640625 216.9260711669922 3.7986524 1.5063791 1.5976379 -6.441819 1.8281227 30.826834 3.084530830383301 0.5713943839073181
Car 0.0 0 1.7271530628204346 530.1441040039062 187.09725952148438 557.1051025390625 207.32968139648438 3.8296504 1.4826753 1.5676389 -5.288556 2.6587706 57.596443 1.6355888843536377 0.5321074724197388
Car 0.0 0 -2.8318610191345215 354.2681884765625 186.02415466308594 488.7484436035156 234.07046508789062 3.9672573 1.484673 1.6512854 -6.1807923 1.9354184 23.738623 -3.0865743160247803 0.4537113904953003
Car 0.0 0 -2.4549508094787598 720.1748657226562 209.68072509765625 955.1376953125 332.3244323730469 3.3492641 1.4720206 1.5627464 3.4466581 2.1566026 11.578233 -2.1656198501586914 0.4391402304172516
