Pedestrian 0.0 0 1.2373576164245605 729.7740478515625 174.45419311523438 749.3452758789062 216.00506591796875 0.9034079 1.8934646 0.6297594 5.9549856 1.9690249 33.41112 1.4137390851974487 0.8050824999809265
Pedestrian 0.0 0 -1.5288177728652954 897.0852661132812 160.02017211914062 923.2327270507812 219.91305541992188 1.0351748 1.7880558 0.7004404 9.177179 1.4052701 22.155146 -1.1361103057861328 0.4591902196407318
Pedestrian 0.0 0 -0.3614817261695862 702.7936401367188 173.8581085205078 715.1651000976562 200.5336151123047 0.68483675 1.8578093 0.62060946 6.9184694 1.929193 50.65619 -0.2257445901632309 0.25949522852897644
Pedestrian 0.0 0 -0.9126522541046143 674.3128662109375 174.73753356933594 686.7298583984375 197.21511840820312 0.69966596 1.7736079 0.70425653 5.5965433 1.9253948 57.509914 -0.815643310546875 0.22989733517169952
Cyclist 0.0 0 -2.4035484790802 745.922607421875 174.70375061035156 771.2301635742188 202.18556213378906 1.7051715 1.6633172 0.39943767 9.138251 1.7800425 44.582745 -2.201375961303711 0.20589841902256012
Cyclist 0.0 0 -1.6612659692764282 897.28173828125 160.14071655273438 925.2157592773438 221.62637329101562 1.079339 1.8330183 0.69297284 9.180767 1.4543667 22.126274 -1.2679588794708252 0.10184910148382187
Car 0.0 0 2.2205417156219482 0.0 190.97886657714844 111.3700942993164 265.74285888671875 3.717651 1.4740795 1.5895202 -13.847639 1.9494047 17.021154 1.5375901460647583 0.8784806132316589
Car 0.0 0 1.8281455039978027 322.1981506347656 181.7340545654297 376.4680480957031 211.87789916992188 4.4190183 1.5013067 1.7287086 -14.239813 2.0164936 39.551945 1.4825650453567505 0.5932860374450684
Car 0.0 0 -1.0411746501922607 988.2477416992188 187.1434326171875 1179.12060546875 268.94598388671875 4.002719 1.5186969 1.6583315 10.210686 1.860354 15.597307 -0.4615415930747986 0.3191109299659729
Car 0.0 0 -1.3343818187713623 747.5555419921875 172.69464111328125 787.6959228515625 197.1737518310547 3.9395988 1.4905523 1.6271126 10.070398 1.4812058 46.05961 -1.1191306114196777 0.2143164426088333
Car 0.0 0 2.1683859825134277 0.0 187.3697967529297 86.93355560302734 246.23336791992188 4.080146 1.498067 1.5859795 -17.762072 1.9734216 21.503132 1.4779778718948364 0.212013378739357
Car 0.0 0 1.0158830881118774 1018.7136840820312 178.886474609375 1068.5772705078125 200.95895385742188 4.37315 1.879214 1.8012079 38.86918 2.4400005 64.82987 1.5559765100479126 0.2019117921590805
Car 0.0 0 1.8077547550201416 200.18807983398438 177.2185821533203 240.4075164794922 201.76312255859375 3.7413394 1.5735143 1.5686796 -26.428043 1.882305 48.97729 1.3129328489303589 0.19952847063541412
