Pedestrian 0.0 0 2.007416248321533 83.40904998779297 176.5095977783203 158.2311248779297 286.4975280761719 0.9532612 1.8143622 0.73749554 -8.477126 1.8805659 12.464416 1.4101670980453491 0.7879871726036072
Pedestrian 0.0 0 -1.2518877983093262 345.4685974121094 175.1087188720703 366.7491455078125 216.98365783691406 0.7124526 1.8937197 0.7334726 -11.657818 1.9984381 33.0303 -1.5911822319030762 0.28497493267059326
Pedestrian 0.0 0 -2.101750135421753 320.1048889160156 177.67640686035156 339.1856384277344 211.932373046875 0.7491903 1.7294289 0.61839604 -14.427359 1.9804885 37.032913 -2.473243474960327 0.14536571502685547
Cyclist 0.0 0 -1.1244409084320068 192.6796112060547 191.81431579589844 223.75799560546875 236.96365356445312 1.6650349 1.7176648 0.41511598 -16.173903 2.5023236 29.000082 -1.6331912279129028 0.22071868181228638
Cyclist 0.0 0 1.273869514465332 705.6249389648438 178.53041076660156 721.3978881835938 207.1053466796875 1.3800138 1.6878188 0.56321377 6.2192593 2.0371406 43.629333 1.4154632091522217 0.11712734401226044
Car 0.0 0 1.777242660522461 468.10919189453125 178.05563354492188 511.4079895019531 209.39630126953125 3.9160657 1.675553 1.6736472 -6.847439 1.9874802 41.224857 1.6126456260681152 0.1378060281276703
Car 0.0 0 1.756873607635498 437.2145690917969 174.6947021484375 489.036865234375 207.88851928710938 4.1777315 1.4499708 1.6363982 -6.8543777 1.5420424 33.848225 1.5570721626281738 0.1359749436378479
Car 0.0 0 -1.6448723077774048 641.5505981445312 177.74624633789062 666.1217651367188 199.61038208007812 3.3519387 1.510998 1.5285943 3.1215496 1.8774431 52.303356 -1.585261344909668 0.12724734842777252
Car 0.0 0 -1.6269928216934204 888.5594482421875 170.78570556640625 926.9447021484375 203.19313049316406 3.6165304 1.510574 1.5398744 14.597625 1.4145248 35.590164 -1.2377594709396362 0.12634921073913574
Car 0.0 0 1.0395171642303467 1074.92919921875 169.20162963867188 1168.9278564453125 203.93516540527344 3.8839607 1.4281586 1.6077255 22.298403 1.2783402 31.666582 1.6530309915542603 0.11905454844236374
