Pedestrian 0.0 0 0.13037309050559998 954.861328125 160.4161834716797 995.479248046875 264.99652099609375 0.528264 1.6996969 0.6459336 6.1922874 1.3749366 11.902408 0.6100931167602539 0.6195564270019531
Pedestrian 0.0 0 -2.285672187805176 270.72906494140625 179.9886932373047 324.1537170410156 262.93798828125 0.7331284 1.6403061 0.6896647 -6.321673 1.6318246 14.445529 -2.6981844902038574 0.34544241428375244
Pedestrian 0.0 0 -3.504624843597412 992.2160034179688 112.48114776611328 1070.1724853515625 245.76760864257812 0.81694233 1.7792943 0.4314303 5.7968564 0.8729553 9.717188 -2.966740846633911 0.3027583062648773
Pedestrian 0.0 0 3.5701444149017334 127.08516693115234 121.78306579589844 221.3271026611328 260.2012634277344 0.94032353 1.8545038 0.6422771 -6.0230536 1.0694958 9.843303 3.0210254192352295 0.2631739377975464
Pedestrian 0.0 0 -1.8009268045425415 788.9857177734375 161.73910522460938 806.1390380859375 195.7587432861328 0.81837046 1.7936678 0.71332324 10.250959 0.80592066 37.69536 -1.5354056358337402 0.2486497163772583
Pedestrian 0.0 0 -3.1368937492370605 725.3613891601562 161.65679931640625 736.355712890625 185.40855407714844 0.8512047 1.8656442 0.5490693 9.960175 0.38679713 55.878765 -2.9605002403259277 0.22863450646400452
Pedestrian 0.0 0 -1.5104730129241943 117.31417846679688 152.13002014160156 135.93812561035156 193.41070556640625 0.78538084 1.9957503 0.7123166 -23.487326 0.62561953 34.697296 -2.105541229248047 0.1933014839887619
Pedestrian 0.0 0 -1.6177327632904053 1020.20947265625 143.1836395263672 1040.06396484375 186.30374145507812 0.5789232 1.9962128 0.7707157 19.920977 0.2701341 33.1649 -1.0768249034881592 0.18276096880435944
Cyclist 0.0 0 -1.8497302532196045 978.3994750976562 139.89608764648438 1018.0292358398438 206.84474182128906 1.7389152 1.6855934 0.44879442 10.337999 0.6648859 18.694323 -1.3445851802825928 0.49627354741096497
Cyclist 0.0 0 1.03587806224823 874.1408081054688 156.22293090820312 908.0170288085938 194.5685272216797 1.9710588 1.765968 0.5614444 13.547236 0.6493683 33.57405 1.4194008111953735 0.32857924699783325
Car 0.0 0 1.3648008108139038 437.3657531738281 172.88668823242188 496.5208435058594 207.7915802001953 4.0817924 1.4778546 1.8327979 -6.364266 1.1569911 32.16783 1.1694775819778442 0.9215742945671082
Car 0.0 0 -0.8207105994224548 0.0 206.0007781982422 297.4652404785156 370.0 3.8201694 1.4701825 1.5688385 -3.1312842 1.6621008 3.358478 -1.5711150169372559 0.8054623007774353
