Car 0.0 0 -1.7034902572631836 655.978515625 183.7784881591797 725.4151000976562 234.0201416015625 4.136111 1.3688964 1.6069177 2.3895764 1.743934 22.65454 -1.5983998775482178 0.9641700387001038
Car 0.0 0 0.3614482283592224 210.3948516845703 183.8282012939453 441.5733947753906 258.003662109375 4.552561 1.5583947 1.6831055 -6.318507 1.8194097 16.273264 -0.008910004049539566 0.9539493322372437
Car 0.0 0 -2.4440343379974365 0.0 197.55764770507812 260.79510498046875 348.24853515625 3.9936156 1.4258151 1.5591468 -6.2647347 1.7266936 7.9369173 -3.1122264862060547 0.9396645426750183
Car 0.0 0 -0.6496025323867798 920.777587890625 180.35740661621094 1242.0 336.1589050292969 4.0353665 1.5249852 1.6670798 5.7803636 1.6180807 8.029987 -0.025680197402834892 0.9197074174880981
Car 0.0 0 -1.631289005279541 648.9202270507812 179.99827575683594 691.3707885742188 216.0784454345703 4.0806766 1.4464585 1.6054525 2.5495503 1.7819991 31.793468 -1.5512691736221313 0.8553420305252075
Car 0.0 0 3.722679376602173 0.0 198.3805389404297 293.48321533203125 309.067626953125 3.92457 1.390281 1.5281198 -6.8276634 1.7792811 10.201541 3.132871389389038 0.848533034324646
Car 0.0 0 -2.218135118484497 0.0 192.6678009033203 111.56417083740234 375.0 3.9059706 1.444127 1.5860757 -6.36818 1.6234504 5.5822444 -3.0692050457000732 0.8151479959487915
Car 0.0 0 1.6328445672988892 552.171875 178.63449096679688 580.4889526367188 202.6339111328125 3.8526502 1.4603465 1.5978359 -2.8236532 1.8507683 46.75859 1.572529911994934 0.7110946178436279
Car 0.0 0 -2.8872861862182617 359.9109191894531 174.35311889648438 488.2914123535156 223.8529052734375 3.7870128 1.5583608 1.5613302 -6.0439243 1.6092815 23.54691 -3.138538122177124 0.5906118750572205
Car 0.0 0 1.4996367692947388 631.544189453125 176.28085327148438 658.4200439453125 198.3453826904297 3.7255726 1.4625609 1.6035331 2.3749087 1.7107167 50.290714 1.5468252897262573 0.553328812122345
Car 0.0 0 -2.733052968978882 242.94300842285156 173.33619689941406 409.1291809082031 231.82420349121094 3.830538 1.4942911 1.5643505 -7.5602727 1.5081123 19.294468 -3.106501817703247 0.547387421131134
Car 0.0 0 0.2766439616680145 396.4955139160156 186.21817016601562 511.94805908203125 224.88980102539062 4.245047 1.4653227 1.6242856 -6.236683 2.0192719 28.93888 0.06437826156616211 0.5462099313735962
