Pedestrian 0.0 0 -0.701990008354187 1200.4591064453125 147.3245086669922 1242.0 229.2613067626953 0.77107805 1.7984504 0.663211 13.840403 1.2384552 16.168364 0.0059871673583984375 0.4671765863895416
Car 0.0 0 -1.8578453063964844 724.8761596679688 185.298095703125 927.21728515625 318.36700439453125 4.636181 1.5912048 1.6992521 3.0404012 1.8286195 11.402599 -1.5972667932510376 0.9761419892311096
Car 0.0 0 -1.7572225332260132 698.4788818359375 184.6927947998047 797.4049072265625 262.70556640625 3.5819356 1.5735095 1.6055294 3.0581434 1.8805658 16.892754 -1.5781292915344238 0.9637879729270935
Car 0.0 0 -2.0650475025177 811.9652099609375 195.8841094970703 1242.0 375.0 4.2585287 1.4741381 1.661567 2.7804673 1.7047844 5.0773983 -1.5640361309051514 0.9566711187362671
Car 0.0 0 1.7983534336090088 387.6515808105469 192.42984008789062 499.491455078125 273.59326171875 3.8860688 1.5133907 1.6157341 -3.6691568 2.0099847 16.339436 1.5774593353271484 0.9524704217910767
Car 0.0 0 2.1262311935424805 0.0 213.56492614746094 380.8626708984375 375.0 4.1251 1.4287683 1.6571321 -3.5787466 1.8987857 6.231613 1.604931354522705 0.9490930438041687
Car 0.0 0 1.839430570602417 279.0045471191406 195.91929626464844 445.8466796875 317.60797119140625 3.6396554 1.5296274 1.599141 -3.8288262 1.9611549 11.628135 1.5213391780853271 0.8966519832611084
Car 0.0 0 1.3342716693878174 641.5444946289062 185.45098876953125 686.5321655273438 216.61288452148438 3.511823 1.5120584 1.5991827 2.7880595 2.2149985 38.37724 1.4067929983139038 0.8352342247962952
Car 0.0 0 -3.509921073913574 936.2114868164062 160.23106384277344 1079.4957275390625 218.87258911132812 3.8414342 1.8695157 1.6723118 13.12663 1.4674494 24.07964 -3.0108213424682617 0.5526317358016968
Car 0.0 0 -0.11650210618972778 760.9169921875 184.20791625976562 857.9217529296875 221.68505859375 3.7679453 1.4874451 1.6229633 8.281551 1.9828565 30.37441 0.14967703819274902 0.5186411738395691
