Pedestrian 0.0 0 0.7907129526138306 532.9022216796875 172.6961669921875 548.834716796875 203.29415893554688 0.7755106 1.916705 0.64553905 -4.409991 1.9071763 45.69169 0.6944947242736816 0.3045777976512909
Pedestrian 0.0 0 1.0900955200195312 107.29741668701172 176.2747039794922 131.58810424804688 216.96792602539062 0.7175521 1.787995 0.637551 -21.95034 1.9432833 32.226665 0.49215102195739746 0.203452005982399
Pedestrian 0.0 0 1.8342117071151733 609.149658203125 150.02008056640625 659.103271484375 243.29173278808594 0.76262945 1.791934 0.82439935 0.43712544 1.353607 14.343799 1.8646771907806396 0.16658420860767365
Pedestrian 0.0 0 -1.6762562990188599 896.3705444335938 154.16574096679688 923.108642578125 224.29278564453125 0.8732384 1.7813848 0.5527603 7.762888 1.3070191 18.822748 -1.2850886583328247 0.1627771109342575
Pedestrian 0.0 0 2.137712001800537 0.0 184.73565673828125 44.61896514892578 254.43252563476562 0.7519586 1.7523276 0.59106106 -15.260971 2.0671494 18.68555 1.4528553485870361 0.1509200483560562
Car 0.0 0 1.60612154006958 337.7069396972656 185.91323852539062 372.8439636230469 214.9720458984375 4.1845746 1.4109179 1.6586075 -13.8536625 2.1631145 39.292667 1.2671533823013306 0.8883959650993347
Car 0.0 0 -1.415899634361267 78.72088623046875 176.44369506835938 136.38145446777344 223.23341369628906 4.0270967 2.0250113 1.6082134 -23.435238 2.2038958 33.718956 -2.023273229598999 0.409088134765625
Car 0.0 0 1.806281328201294 11.658105850219727 154.89500427246094 104.2516860961914 201.1139373779297 4.1026382 1.4558378 1.6220598 -18.978315 0.8905108 24.92895 1.1555898189544678 0.1908262073993683
Car 0.0 0 1.187729835510254 438.16571044921875 183.7358856201172 491.9436340332031 211.7879180908203 4.0642014 1.461005 1.6142081 -8.393917 2.1177294 41.377834 0.9875855445861816 0.13125239312648773
Car 0.0 0 -1.2330312728881836 604.4528198242188 163.53370666503906 721.7601318359375 245.68885803222656 3.2178118 1.5596292 1.5233953 1.1835601 1.3830513 15.474292 -1.1566942930221558 0.12368465214967728
