Pedestrian 0.0 0 -2.5635173320770264 992.4609985351562 107.78685760498047 1075.609619140625 245.617919921875 0.872194 1.7977438 0.44811913 5.8282204 0.8510134 9.7072935 -2.0228066444396973 0.3116372227668762
Pedestrian 0.0 0 -1.6887747049331665 789.2342529296875 160.75469970703125 805.4855346679688 195.28538513183594 0.8698269 1.8220807 0.73944294 10.265133 0.7815923 37.78836 -1.423527479171753 0.29907190799713135
Pedestrian 0.0 0 -2.4018540382385254 272.359619140625 179.79025268554688 324.5440368652344 264.6309814453125 0.6748477 1.6831709 0.71562195 -6.3088856 1.6707193 14.469858 -2.8130064010620117 0.26713377237319946
Pedestrian 0.0 0 3.6089980602264404 128.32337951660156 121.85882568359375 220.32205200195312 258.7765197753906 0.89971364 1.8380812 0.64983034 -6.0255427 1.0525116 9.847505 3.059885263442993 0.26211556792259216
Pedestrian 0.0 0 -2.145676612854004 985.003662109375 148.84617614746094 1030.3546142578125 221.74252319335938 0.89162713 1.831982 0.6310939 10.333491 1.0380733 18.227795 -1.6299446821212769 0.2570855915546417
Pedestrian 0.0 0 -1.234665870666504 1018.2304077148438 144.92425537109375 1040.994140625 186.8407745361328 0.7097469 1.9380735 0.7226088 19.917543 0.29463002 33.191223 -0.6941840648651123 0.23112785816192627
Pedestrian 0.0 0 1.0706048011779785 874.8855590820312 155.72119140625 907.4131469726562 194.1234130859375 1.9488653 1.7685522 0.56183475 13.544681 0.6288601 33.55751 1.4542330503463745 0.13774879276752472
Pedestrian 0.0 0 -0.08519577980041504 772.1423950195312 159.2211151123047 801.818603515625 191.2379913330078 1.6060191 1.8169271 0.53819734 10.413572 0.6107561 40.517742 0.16637206077575684 0.11343177407979965
Cyclist 0.0 0 1.092623233795166 875.8663330078125 156.2895050048828 907.5262451171875 194.00961303710938 1.929849 1.7388129 0.5652446 13.578591 0.6242184 33.575584 1.4769328832626343 0.33931881189346313
Cyclist 0.0 0 -0.061539411544799805 771.60107421875 158.48399353027344 801.23876953125 190.38052368164062 1.6153837 1.810465 0.5321839 10.387096 0.56220955 40.540833 0.18927836418151855 0.3051583468914032
Cyclist 0.0 0 -1.8716528415679932 982.8817749023438 145.99806213378906 1022.6902465820312 218.49472045898438 1.0636891 1.828708 0.61309683 10.309617 0.95999944 18.414122 -1.3612592220306396 0.10279309004545212
Car 0.0 0 0.6632980108261108 566.9487915039062 170.95257568359375 669.90869140625 212.381103515625 3.7237427 1.4699798 1.5825883 0.44443357 1.1327406 26.868624 0.6798374652862549 0.8649144172668457
Car 0.0 0 -0.8389828205108643 0.0 204.92074584960938 303.64398193359375 370.0 3.8117938 1.4613762 1.561535 -3.0953615 1.6470749 3.412281 -1.5757198333740234 0.8175989985466003
Car 0.0 0 0.021092474460601807 34.27803421020508 177.2086639404297 108.70830535888672 202.12554931640625 3.8550906 1.575657 1.6388375 -35.007755 1.3688664 46.497837 -0.6242556571960449 0.23140697181224823
Car 0.0 0 -0.9968805313110352 1173.4752197265625 162.4191436767578 1224.0 227.9420166015625 4.1001167 1.4743935 1.639054 16.22023 1.0691503 17.189219 -0.24047765135765076 0.21205931901931763
