Pedestrian 0.0 0 -1.0638082027435303 367.1689147949219 154.8929443359375 385.4228515625 191.75917053222656 0.6330494 1.9995159 0.7367758 -12.831606 1.0257185 39.512638 -1.3778111934661865 0.2369842678308487
Pedestrian 0.0 0 -1.1665819883346558 968.2842407226562 106.82156372070312 1034.9840087890625 236.80938720703125 0.7220842 1.8603175 0.64753294 5.809886 0.9156536 10.801753 -0.6731030941009521 0.1698143184185028
Pedestrian 0.0 0 -0.617673933506012 1049.712158203125 82.61734008789062 1182.8929443359375 277.93988037109375 0.7991721 1.7083203 0.6003903 4.5597773 0.9194549 6.613718 -0.014068822376430035 0.11092489212751389
Car 0.0 0 1.9293994903564453 282.8907470703125 168.1945343017578 340.91400146484375 197.4397735595703 3.9639251 1.4858685 1.5824519 -15.930007 1.2494926 38.662994 1.5385724306106567 0.8443194031715393
Car 0.0 0 2.681353807449341 808.6482543945312 177.61912536621094 941.5634155273438 229.57586669921875 3.6009793 1.5468978 1.5461085 8.216149 1.703104 22.626566 3.0296683311462402 0.7885869741439819
Car 0.0 0 3.6100046634674072 154.5758056640625 168.50152587890625 213.75711059570312 186.0084228515625 4.225398 1.5275644 1.6519917 -37.70444 1.1481469 63.91562 3.0770375728607178 0.2081288844347
Car 0.0 0 -3.437621831893921 789.7706909179688 159.99755859375 915.034423828125 208.4488983154297 3.8354056 1.6347797 1.6353056 8.34942 1.2013527 25.205553 -3.1177446842193604 0.1781635284423828
Car 0.0 0 1.8636298179626465 335.2545471191406 178.42962646484375 371.88836669921875 200.837890625 3.530053 1.5308928 1.5347937 -18.459253 1.9469101 51.98735 1.5224436521530151 0.1285116821527481
Car 0.0 0 2.9284749031066895 320.4723815917969 176.75160217285156 378.4208679199219 197.43804931640625 4.2740817 1.64816 1.693265 -21.686474 1.9828324 60.03475 2.581829071044922 0.11147772520780563
Car 0.0 0 -0.52220219373703 868.611572265625 142.8063201904297 1154.16650390625 257.3265075683594 3.9099915 1.7855664 1.6164286 6.535643 1.3174293 12.108458 -0.027255894616246223 0.10278549790382385
