Pedestrian 0.0 0 1.6531856060028076 472.0013732910156 166.23609924316406 490.31390380859375 211.67269897460938 0.88251966 1.8116764 0.6617435 -5.25737 1.5481614 29.237673 1.4752719402313232 0.36936041712760925
Pedestrian 0.0 0 1.495078444480896 593.6737060546875 167.3024139404297 608.6038818359375 206.06057739257812 1.816299 1.8149699 0.57910854 -0.47411504 1.5553579 34.71584 1.4814223051071167 0.10255160182714462
Cyclist 0.0 0 1.445396900177002 593.090576171875 166.8855743408203 610.0224609375 205.755126953125 1.7641888 1.8191934 0.5945256 -0.45431575 1.5402137 34.681736 1.4322980642318726 0.7537479996681213
Car 0.0 0 -1.129629135131836 7.678789138793945 185.83999633789062 423.2004699707031 375.0 3.7000513 1.4004349 1.5608132 -2.9285173 1.5461707 6.2237716 -1.5694301128387451 0.9733557105064392
Car 0.0 0 1.7068190574645996 493.507080078125 167.20103454589844 556.2636108398438 218.85958862304688 3.959574 1.712627 1.7142241 -3.0160148 1.525573 25.914928 1.5909589529037476 0.93000328540802
Car 0.0 0 -2.792741298675537 264.3909912109375 172.0353546142578 438.21502685546875 229.9740753173828 4.14778 1.5144751 1.6762946 -7.0163155 1.4934344 19.710073 -3.134730100631714 0.9297107458114624
Car 0.0 0 -1.662363052368164 673.3958740234375 182.14840698242188 751.408935546875 250.01980590820312 3.8847296 1.5291274 1.6286067 2.5089335 1.796717 18.768429 -1.5294724702835083 0.9126392006874084
Car 0.0 0 -1.7561852931976318 693.9655151367188 180.0900115966797 796.6270751953125 274.593017578125 2.5052 1.6003015 1.4518269 2.4233828 1.7503946 13.668326 -1.58070969581604 0.8727236390113831
Car 0.0 0 1.6496578454971313 529.63720703125 172.54141235351562 572.0001220703125 207.74978637695312 4.130356 1.5584084 1.6695999 -2.7674582 1.5449308 34.001415 1.5684443712234497 0.7870289087295532
Car 0.0 0 1.5619020462036133 635.6541748046875 173.37965393066406 661.0044555664062 196.7493896484375 4.3210225 1.5781775 1.7143172 2.6581888 1.6173041 51.017574 1.6139583587646484 0.6374345421791077
Car 0.0 0 0.16672153770923615 445.1359558105469 162.67701721191406 522.16455078125 195.18577575683594 3.6638398 1.6262904 1.6293919 -6.4587154 1.1175327 36.91958 -0.0064660306088626385 0.38951486349105835
