Pedestrian 0.0 0 0.029796123504638672 170.66183471679688 169.2810516357422 214.2458038330078 264.6477355957031 0.7197584 1.8047295 0.6606966 -8.105122 1.5940561 13.837748 -0.5000612735748291 0.7143117785453796
Pedestrian 0.0 0 1.4137505292892456 530.327880859375 103.14543914794922 596.0333251953125 255.34756469726562 0.8262451 1.8472823 0.7145778 -0.59980106 0.91010725 9.058453 1.3476325273513794 0.5948353409767151
Pedestrian 0.0 0 2.6005258560180664 243.0391082763672 177.88107299804688 260.7255554199219 206.05870056152344 0.78740895 1.7785069 0.65133893 -22.541023 1.614549 45.129314 2.1372973918914795 0.4108744263648987
Pedestrian 0.0 0 3.1744961738586426 307.8367919921875 163.84210205078125 349.1814270019531 261.3547668457031 0.68961114 1.7351282 0.6318327 -5.1129518 1.4403621 12.989442 2.7994985580444336 0.37369075417518616
Pedestrian 0.0 0 3.2427282333374023 177.11029052734375 178.99114990234375 195.1055145263672 211.50746154785156 0.80287373 1.7778493 0.57612354 -23.162226 1.6967516 39.083515 2.70774245262146 0.3406204879283905
Pedestrian 0.0 0 0.9273817539215088 381.38702392578125 190.91148376464844 430.169677734375 283.8220520019531 0.7915698 1.7261475 0.54179287 -3.901711 1.936111 13.688071 0.6497013568878174 0.3167743384838104
Pedestrian 0.0 0 2.375511884689331 226.63427734375 179.02420043945312 275.7874450683594 263.8599548339844 0.71185845 1.8072085 0.65134025 -7.7911344 1.77739 15.500861 1.9097657203674316 0.29389846324920654
Pedestrian 0.0 0 -3.0517449378967285 512.6550903320312 155.42971801757812 611.9554443359375 336.9272766113281 0.96431524 1.7716397 0.59853005 -0.46648902 1.5286187 7.208021 -3.11637282371521 0.23158937692642212
Pedestrian 0.0 0 -2.3455026149749756 1.8445571660995483 172.41773986816406 61.013980865478516 223.6275634765625 1.6442447 1.7857827 0.67185575 -20.365929 1.5054678 25.078436 -3.027571678161621 0.17001141607761383
Pedestrian 0.0 0 1.0739805698394775 62.354888916015625 169.6822052001953 94.122802734375 208.90341186523438 1.4956385 1.7483518 0.50227433 -23.905695 1.2675954 32.054787 0.43318819999694824 0.10316121578216553
Cyclist 0.0 0 -0.6049460768699646 642.5823974609375 165.64105224609375 778.196044921875 316.48260498046875 1.6695302 1.79002 0.60174656 1.3072207 1.6153723 9.026375 -0.46112364530563354 0.8168618679046631
Cyclist 0.0 0 -2.3674235343933105 1.5576786994934082 168.86358642578125 61.87088394165039 220.93414306640625 1.6713997 1.817161 0.6682483 -20.355782 1.4126023 25.079445 -3.049229145050049 0.535034716129303
Cyclist 0.0 0 -2.069939374923706 62.70677185058594 169.3350830078125 94.63374328613281 208.62744140625 1.5018967 1.7518398 0.5032502 -23.890837 1.2555201 32.061123 -2.710339069366455 0.2706247568130493
Cyclist 0.0 0 1.6353949308395386 394.48162841796875 179.36285400390625 433.5291748046875 275.56793212890625 1.0178403 1.8280681 0.68549025 -3.8090456 1.8080953 13.997343 1.3697023391723633 0.12202220410108566
