Pedestrian 0.0 0 0.9965988397598267 988.610595703125 157.5626678466797 1035.578125 234.8620147705078 0.79587376 1.8872308 0.7053135 9.990649 1.5142576 18.03437 1.5024912357330322 0.764270544052124
Pedestrian 0.0 0 -1.5236705541610718 543.36572265625 182.73788452148438 559.3810424804688 224.78208923339844 0.77309626 1.6959398 0.62249994 -2.4495878 2.1084266 29.686005 -1.6060006618499756 0.35142797231674194
Pedestrian 0.0 0 1.8521040678024292 181.72756958007812 167.954345703125 223.44866943359375 237.2244415283203 1.0267814 1.8221785 0.7303479 -11.077941 1.6936493 19.561666 1.3368260860443115 0.2252427190542221
Pedestrian 0.0 0 -1.5759809017181396 657.885498046875 176.00320434570312 673.375732421875 221.42498779296875 0.8161702 1.7867879 0.60926336 2.1805406 1.9150274 28.868742 -1.5005911588668823 0.20827490091323853
Pedestrian 0.0 0 0.7430778741836548 1097.058349609375 135.194580078125 1157.2127685546875 217.2809295654297 0.98945886 1.7580693 0.52294785 11.393356 0.9518635 15.98881 1.362199068069458 0.17601922154426575
Cyclist 0.0 0 -1.471372365951538 543.7877197265625 183.28616333007812 560.5421752929688 224.67660522460938 0.749317 1.6750921 0.61911994 -2.4238365 2.1114113 29.77014 -1.5526115894317627 0.10887172073125839
Car 0.0 0 2.089843273162842 0.0 206.17111206054688 469.4494934082031 375.0 3.9289296 1.4475056 1.6717814 -2.3614597 1.7687968 4.9279695 1.6429775953292847 0.9096987843513489
Car 0.0 0 -1.7071083784103394 643.5220336914062 178.07958984375 694.5147705078125 216.35995483398438 3.686497 1.4843603 1.640363 2.3804328 1.7184217 30.378788 -1.6289098262786865 0.3210228979587555
Car 0.0 0 -1.3406859636306763 41.644813537597656 170.2637481689453 156.07608032226562 244.6183624267578 3.6988528 1.6801269 1.5560879 -12.860537 1.6219554 18.307384 -1.9530731439590454 0.23507925868034363
Car 0.0 0 1.6621860265731812 673.4788818359375 175.41139221191406 703.4019165039062 200.80995178222656 4.073188 1.6177152 1.6383387 5.285878 1.797805 48.547707 1.7706389427185059 0.15387089550495148
