Pedestrian 0.0 0 1.696803092956543 811.9176635742188 156.7284698486328 839.3496704101562 223.13986206054688 0.5232894 1.6334883 0.5997609 5.36495 1.2372144 18.104755 1.984887957572937 0.7069278359413147
Pedestrian 0.0 0 -0.4430360198020935 68.03466033935547 170.881103515625 106.5374526977539 234.48272705078125 0.6743878 1.7746007 0.6530831 -14.955952 1.7199113 20.581858 -1.0714294910430908 0.41492411494255066
Pedestrian 0.0 0 0.6731358170509338 1183.4365234375 137.6004638671875 1242.0 256.4442443847656 0.8862519 1.8651146 0.63368636 10.034388 1.3122094 11.816764 1.3771451711654663 0.2675234079360962
Pedestrian 0.0 0 -2.4290990829467773 1217.796875 137.087890625 1242.0 193.0031280517578 0.69498473 1.8726832 0.6503613 21.262522 0.6751818 24.553333 -1.7154046297073364 0.244033083319664
Pedestrian 0.0 0 -2.1471614837646484 180.5157012939453 183.71678161621094 193.20794677734375 206.31149291992188 0.59389883 1.793813 0.6661031 -34.111603 2.6757762 58.125523 -2.6778640747070312 0.21897105872631073
Pedestrian 0.0 0 -2.640571117401123 1065.5699462890625 137.9762420654297 1139.1075439453125 238.4659423828125 0.9776441 1.8078591 0.5894582 9.179115 1.1807488 13.54754 -2.045072555541992 0.19932964444160461
Pedestrian 0.0 0 -2.0155115127563477 793.5310668945312 166.3966522216797 811.6243896484375 203.77064514160156 0.6788783 1.8132945 0.62574244 9.406115 1.5003573 35.395676 -1.755772590637207 0.1976902037858963
Pedestrian 0.0 0 -1.426966905593872 194.93112182617188 179.15127563476562 216.90818786621094 223.8321990966797 0.767883 1.625768 0.6111162 -15.075315 1.8645828 26.851326 -1.9385480880737305 0.1837923228740692
Pedestrian 0.0 0 -1.7825887203216553 1198.296142578125 106.8714370727539 1242.0 199.66465759277344 0.8326627 1.860071 0.6152979 12.652898 0.5377864 14.972833 -1.0809712409973145 0.1720351278781891
Cyclist 0.0 0 -2.623805522918701 1063.9716796875 137.1821746826172 1141.4530029296875 238.7721405029297 1.0455592 1.8235528 0.5917433 9.184018 1.183597 13.548647 -2.028097152709961 0.11562146991491318
Car 0.0 0 2.063433885574341 187.32647705078125 188.04966735839844 315.5787658691406 244.97276306152344 4.449084 1.5227733 1.7080637 -11.161145 2.0499394 22.757374 1.6074628829956055 0.9491651654243469
Car 0.0 0 -1.552765130996704 599.0232543945312 171.8711395263672 625.9248046875 197.07701110839844 4.2288103 1.5354952 1.6396917 0.16305196 1.4759789 46.0836 -1.549226999282837 0.6246487498283386
Car 0.0 0 -1.6989033222198486 261.623291015625 177.33302307128906 287.48565673828125 196.4393768310547 3.8337808 1.6205982 1.6070956 -29.894022 2.0322754 64.20852 -2.1346354484558105 0.33838486671447754
Car 0.0 0 1.2754464149475098 125.8337173461914 187.15342712402344 165.2329559326172 208.76353454589844 3.746091 1.576959 1.5873145 -36.65188 2.740424 56.870365 0.702960729598999 0.24584726989269257
Car 0.0 0 2.239875316619873 0.0 192.27444458007812 60.8507080078125 263.7845153808594 3.9569798 1.4576291 1.6093298 -15.843573 1.9922163 17.824242 1.5132390260696411 0.1921326369047165
