Pedestrian 0.0 0 1.5363905429840088 485.96978759765625 151.1634979248047 545.2238159179688 304.6163330078125 0.93068945 1.748551 0.673079 -1.1500411 1.4159548 8.566672 1.402942419052124 0.8638291954994202
Pedestrian 0.0 0 3.515557050704956 0.0 169.9925079345703 58.792274475097656 262.2202453613281 0.8113745 1.7938594 0.6925887 -11.646724 1.591117 14.201717 2.828684091567993 0.21284055709838867
Pedestrian 0.0 0 -1.2469851970672607 507.3365173339844 163.911376953125 575.1188354492188 263.7727355957031 1.718714 1.7036868 0.7337213 -1.1786301 1.422324 12.978534 -1.3375505208969116 0.21220287680625916
Pedestrian 0.0 0 1.55600106716156 865.0794677734375 148.03977966308594 903.213623046875 264.1410217285156 1.7009605 1.7972732 0.55380225 4.607488 1.2964395 11.833944 1.92728853225708 0.14928950369358063
Pedestrian 0.0 0 -1.5164350271224976 838.5400390625 179.2176513671875 867.908203125 247.95208740234375 0.86762685 1.6912653 0.65819424 6.261119 1.6613096 17.918962 -1.1802831888198853 0.12704873085021973
Pedestrian 0.0 0 2.536991834640503 947.998779296875 144.45291137695312 1021.6943359375 257.519287109375 0.8451028 1.8049276 0.6592213 6.20586 1.231147 11.658036 3.0261635780334473 0.12514564394950867
Pedestrian 0.0 0 -0.30048468708992004 822.2590942382812 189.60586547851562 867.3062744140625 278.6266784667969 0.6820281 1.709213 0.6395149 4.6849203 1.8949739 13.965023 0.023192405700683594 0.12413670122623444
Cyclist 0.0 0 -1.1602011919021606 503.0622863769531 165.61676025390625 580.7844848632812 268.24090576171875 1.8075033 1.7461195 0.76909477 -1.1636695 1.4945334 13.004199 -1.2494475841522217 0.5586079955101013
Cyclist 0.0 0 1.537339210510254 864.1526489257812 152.3865966796875 904.19091796875 271.0533752441406 1.8052443 1.8305907 0.55269104 4.6072345 1.3985631 11.845389 1.9082813262939453 0.31784865260124207
Car 0.0 0 -1.196892499923706 482.5906066894531 138.61070251464844 583.177978515625 198.0339813232422 3.9943748 1.609211 1.6615347 -2.0842652 0.47640973 21.290333 -1.2944787740707397 0.1802653819322586
Car 0.0 0 1.0321921110153198 5.369775772094727 192.73443603515625 128.85015869140625 237.7998809814453 4.2409863 1.5043436 1.6762755 -19.821703 1.9831766 26.01412 0.38108086585998535 0.17710384726524353
Car 0.0 0 -0.3048985004425049 553.8145751953125 176.75831604003906 611.1329956054688 198.6221160888672 3.8323293 1.5340743 1.5847496 -1.6234134 1.2728368 50.986115 -0.3367280662059784 0.1638423055410385
Car 0.0 0 -2.604368209838867 283.3647155761719 205.5182342529297 441.27154541015625 266.16778564453125 3.7187574 1.4529461 1.645394 -6.5458913 2.1725442 19.100094 -2.9345386028289795 0.1274130642414093
Car 0.0 0 -0.6680934429168701 0.0 191.2068634033203 154.46710205078125 246.9921417236328 4.309194 1.5989014 1.7407452 -17.553057 1.990533 23.45088 -1.3106358051300049 0.1216643899679184
Car 0.0 0 -2.84234619140625 523.8637084960938 165.0345458984375 617.9174194335938 200.21450805664062 3.9908094 1.5494704 1.6964062 -1.562502 0.8697767 32.453846 -2.8904542922973633 0.1164311096072197
