Pedestrian 0.0 0 1.1159393787384033 829.4900512695312 137.197021484375 907.8236694335938 298.03851318359375 0.817753 1.7557456 0.5370653 2.969406 1.2847384 8.148024 1.4654134511947632 0.8441157341003418
Pedestrian 0.0 0 1.1000299453735352 465.1465759277344 134.73980712890625 516.681884765625 226.9875030517578 0.8331031 1.7835037 0.722242 -2.3408084 0.90041506 14.214528 0.9368176460266113 0.7777131199836731
Pedestrian 0.0 0 1.225298523902893 485.4869689941406 123.54399871826172 556.5866088867188 277.2152099609375 0.8266528 1.7938359 0.62787294 -1.1012127 1.1306596 8.759291 1.1002352237701416 0.6948316097259521
Pedestrian 0.0 0 1.1445622444152832 672.2437133789062 133.7504425048828 746.0028076171875 281.8020324707031 0.8032427 1.693441 0.6005307 1.1952393 1.1603957 8.552636 1.2834140062332153 0.6353654265403748
Pedestrian 0.0 0 1.0953603982925415 742.0006713867188 134.9461212158203 824.8836059570312 295.3352966308594 0.94451636 1.749431 0.56026495 2.0059474 1.2542442 8.231832 1.3343837261199951 0.6329700946807861
Pedestrian 0.0 0 0.8114750385284424 619.1051025390625 134.76959228515625 695.865966796875 263.01531982421875 0.9446289 1.8071545 0.674994 0.7277127 1.1644188 10.537381 0.8804256916046143 0.6057975888252258
Pedestrian 0.0 0 -1.1875361204147339 338.09112548828125 140.677978515625 372.155029296875 198.17843627929688 1.001275 1.8505876 0.7379004 -8.242911 0.5705078 23.266565 -1.5280200242996216 0.601991593837738
Pedestrian 0.0 0 1.4280158281326294 596.1460571289062 135.94302368164062 625.4402465820312 223.9763946533203 0.71017987 1.773226 0.507275 0.07183446 0.8773572 14.623448 1.4329280853271484 0.5973390340805054
Pedestrian 0.0 0 1.358206033706665 670.0849609375 139.0972442626953 695.7509765625 197.09703063964844 0.8150439 1.7991593 0.64777505 2.4272697 0.5163965 22.366846 1.4663039445877075 0.5789599418640137
Pedestrian 0.0 0 -1.5081316232681274 114.39356994628906 136.22935485839844 164.04750061035156 248.11453247070312 0.7036816 1.7905446 0.6504553 -7.7905345 1.083718 11.77734 -2.092538356781006 0.5243266224861145
Pedestrian 0.0 0 0.7238038778305054 642.873291015625 135.6459503173828 683.8717041015625 223.00347900390625 0.67480224 1.7829624 0.53266525 1.1838547 0.86911905 14.853594 0.8033373355865479 0.5057895183563232
Pedestrian 0.0 0 0.2887481451034546 1011.9846801757812 99.92610168457031 1147.53759765625 370.0 0.50838 1.6820928 0.66549015 2.7849998 1.2487216 4.2217307 0.8718996047973633 0.5037881731987
Pedestrian 0.0 0 2.606100082397461 904.2903442382812 136.6043701171875 981.8956909179688 281.3990173339844 0.6595085 1.6216834 0.47542825 3.8536725 1.1317436 8.181908 3.046279191970825 0.47155463695526123
Pedestrian 0.0 0 1.315112829208374 557.1734008789062 144.54039001464844 588.1752319335938 229.3745574951172 0.6631796 1.693081 0.48067164 -0.709878 0.9770442 14.494389 1.2661758661270142 0.4327053725719452
Pedestrian 0.0 0 0.7937744855880737 238.36097717285156 138.3652801513672 318.98291015625 251.00465393066406 1.057752 1.7678108 0.6407466 -5.384519 1.1081868 11.577306 0.358440637588501 0.4208729863166809
Pedestrian 0.0 0 0.29526087641716003 283.54632568359375 138.72987365722656 337.72216796875 241.53536987304688 0.73834795 1.7692968 0.6203494 -5.241066 1.0520737 12.509418 -0.10149090737104416 0.39928942918777466
Pedestrian 0.0 0 -2.730980396270752 907.800537109375 102.07820892333984 1090.5037841796875 370.0 0.7317319 1.6731404 0.5861947 2.1585536 1.2836316 3.9911566 -2.235201597213745 0.3910013437271118
Pedestrian 0.0 0 0.876053512096405 517.5885620117188 137.66844177246094 594.4295654296875 279.2573547363281 0.8135172 1.7776246 0.64607865 -0.70281065 1.241559 9.388824 0.8013367652893066 0.38650834560394287
Pedestrian 0.0 0 -1.769200086593628 240.27528381347656 143.8559112548828 272.7204284667969 210.137939453125 0.7366223 1.8065927 0.6808075 -9.781754 0.8093957 19.766039 -2.228740692138672 0.37864816188812256
Pedestrian 0.0 0 -0.09552264213562012 420.9143371582031 149.4414825439453 437.5375671386719 187.84075927734375 0.7546727 1.9311788 0.7338548 -8.9735365 0.3706102 36.02565 -0.3396422266960144 0.3695737421512604
Pedestrian 0.0 0 -0.788585901260376 153.53518676757812 151.82725524902344 197.53907775878906 217.5427703857422 0.92676824 1.7805125 0.5558608 -11.971946 1.0052271 19.667418 -1.3353923559188843 0.3615737557411194
Cyclist 0.0 0 0.803682804107666 236.67323303222656 138.370849609375 318.9215393066406 251.79249572753906 1.0960233 1.7772571 0.63953286 -5.395778 1.1187723 11.569328 0.36728572845458984 0.19394563138484955
