Pedestrian 0.0 0 1.304582953453064 908.4388427734375 161.9918670654297 933.2066650390625 214.7974395751953 0.71015 1.8610628 0.6489461 11.074491 1.4785991 25.823475 1.709713101387024 0.18373413383960724
Pedestrian 0.0 0 1.087143898010254 984.0479736328125 187.68777465820312 1059.0933837890625 330.098876953125 0.7793681 1.5646669 0.44433287 4.719395 1.7459707 8.402984 1.598874807357788 0.169792041182518
Pedestrian 0.0 0 2.4419336318969727 881.7640991210938 139.61502075195312 915.578857421875 197.8439483642578 0.8163349 1.8219962 0.5830142 9.145497 0.7822993 22.9797 2.8206987380981445 0.16753174364566803
Pedestrian 0.0 0 1.5841350555419922 827.277099609375 187.27792358398438 860.5155029296875 277.4512023925781 0.9108406 1.7548978 0.6270864 4.730954 2.0606155 14.74096 1.894689917564392 0.13391949236392975
Pedestrian 0.0 0 -3.697934865951538 1141.4537353515625 146.58798217773438 1239.068115234375 267.7945251464844 1.016253 1.8415277 0.62776226 9.03641 1.442818 11.33079 -3.024714469909668 0.10287776589393616
Cyclist 0.0 0 -1.9112217426300049 843.878662109375 160.7397918701172 872.0855712890625 205.80545043945312 1.759583 1.676408 0.45993313 9.467929 1.2261266 27.72024 -1.5820919275283813 0.3604050576686859
Cyclist 0.0 0 -1.804060459136963 726.6014404296875 163.72483825683594 738.4454345703125 188.8692626953125 1.6916007 1.7242702 0.43327346 8.511821 1.0985992 50.33466 -1.6365407705307007 0.22388331592082977
Cyclist 0.0 0 -1.8657172918319702 790.8980712890625 159.0064239501953 808.3927612304688 192.4833526611328 1.6462101 1.7474741 0.44067347 10.071595 1.0249974 38.49212 -1.609801173210144 0.15410035848617554
Car 0.0 0 1.9209550619125366 348.0123596191406 187.35206604003906 401.0702819824219 214.35133361816406 4.41852 1.5137751 1.7417663 -14.669061 2.4652865 45.09527 1.606460452079773 0.8629168272018433
Car 0.0 0 1.397800326347351 689.9295043945312 182.70724487304688 733.5236206054688 213.4376220703125 3.9223547 1.4706085 1.5985374 5.2330914 2.0142086 37.78981 1.535404086112976 0.1971166878938675
Car 0.0 0 -1.6640995740890503 657.8876953125 172.77590942382812 685.1087036132812 195.02163696289062 3.8485157 1.5362616 1.5871567 4.347245 1.5312264 51.75746 -1.58030366897583 0.11338064819574356
Car 0.0 0 1.844826102256775 31.32219886779785 194.10765075683594 89.34456634521484 223.4307403564453 4.2898083 1.5696735 1.7363977 -33.681553 2.9428637 44.28951 1.1946476697921753 0.10668423771858215
