Pedestrian 0.0 0 1.3465006351470947 872.498046875 118.52430725097656 917.0733642578125 219.9053192138672 0.8162759 1.8737155 0.62303203 5.3754883 0.8699565 13.782165 1.7183847427368164 0.31965962052345276
Pedestrian 0.0 0 -1.4446395635604858 194.8229522705078 136.57350158691406 263.913818359375 278.8259582519531 0.8187181 1.7408612 0.69566596 -4.954952 1.2972243 9.333302 -1.932692289352417 0.2616351246833801
Pedestrian 0.0 0 1.920782446861267 221.66966247558594 136.0019073486328 290.0680236816406 265.62298583984375 0.7710043 1.8275512 0.68009603 -5.232649 1.3083248 10.590528 1.4618759155273438 0.2176884561777115
Cyclist 0.0 0 -1.4446395635604858 194.8229522705078 136.57350158691406 263.913818359375 278.8259582519531 0.8187181 1.7408612 0.69566596 -4.954952 1.2972243 9.333302 -1.932692289352417 0.11231163144111633
Car 0.0 0 -1.8552203178405762 729.1229248046875 174.83009338378906 984.8638305664062 338.8963623046875 4.2520986 1.5203576 1.68853 2.6031048 1.5508188 8.861916 -1.5695159435272217 0.9624472856521606
Car 0.0 0 -1.688893437385559 649.8554077148438 181.0772247314453 706.3349609375 225.42849731445312 3.540548 1.434843 1.5880116 2.3223696 1.7496569 25.796846 -1.5991101264953613 0.9526868462562561
Car 0.0 0 -1.0030068159103394 0.0 184.45025634765625 352.4143371582031 375.0 3.983665 1.4753543 1.6298999 -2.994339 1.5759443 4.202895 -1.6220375299453735 0.8690564036369324
Car 0.0 0 1.458721399307251 675.8067626953125 171.8120574951172 707.7965698242188 196.6245880126953 4.012707 1.5416441 1.6162173 5.234306 1.4772638 46.83461 1.5700210332870483 0.4720844328403473
Car 0.0 0 -2.6742875576019287 673.3021850585938 167.7803955078125 726.7176513671875 188.42816162109375 3.951896 1.6202406 1.6936619 7.249287 1.2224702 58.420597 -2.550830841064453 0.3166537880897522
Car 0.0 0 -1.7334620952606201 649.8439331054688 171.55804443359375 694.3310546875 203.28126525878906 3.57121 1.5149212 1.6635141 3.0332625 1.4533913 36.299694 -1.6500941514968872 0.26418647170066833
Car 0.0 0 1.7611422538757324 636.7266235351562 182.0033416748047 694.5555419921875 222.26144409179688 4.0570807 1.5152122 1.6849358 2.3667378 1.9277565 30.323935 1.8390328884124756 0.21261414885520935
