Pedestrian 0.0 0 0.9867206811904907 517.4942016601562 175.658203125 537.6675415039062 213.24288940429688 0.7091258 1.86794 0.7446233 -4.2013 2.011934 36.44454 0.8719480037689209 0.4366675019264221
Pedestrian 0.0 0 -1.1224888563156128 1102.55908203125 114.43301391601562 1242.0 375.0 0.73085064 1.7362765 0.69076425 3.6487317 1.404327 4.57121 -0.44884756207466125 0.3019169569015503
Pedestrian 0.0 0 -2.2975144386291504 26.724475860595703 109.38941192626953 157.40286254882812 300.2915344238281 0.81912476 1.799579 0.69473386 -5.2223 1.2016747 7.2268114 -2.9232664108276367 0.20716291666030884
Pedestrian 0.0 0 1.7830421924591064 93.97692108154297 127.38867950439453 176.28012084960938 288.96539306640625 0.9208058 1.9015721 0.68523633 -5.975671 1.3668553 9.042328 1.1990736722946167 0.1991167664527893
Pedestrian 0.0 0 -2.8035130500793457 674.0429077148438 165.392822265625 689.292236328125 195.51438903808594 0.7351936 1.8605814 0.7685046 4.4465766 1.400069 45.069584 -2.7051711082458496 0.1883554607629776
Pedestrian 0.0 0 0.24399235844612122 752.6718139648438 148.65811157226562 789.3203125 230.39552307128906 0.68760204 1.8538896 0.6979403 3.7099032 1.3054596 16.827955 0.460982084274292 0.18099026381969452
Pedestrian 0.0 0 -2.31077241897583 526.4840698242188 176.58425903320312 545.2587890625 212.63328552246094 0.6381202 1.8734503 0.7527122 -3.9492755 2.0732956 38.090557 -2.4140844345092773 0.17325294017791748
Cyclist 0.0 0 -1.4122111797332764 509.8984375 183.1077423095703 524.5918579101562 222.1305389404297 1.6971524 1.6942233 0.39859277 -4.225915 2.1704154 32.626717 -1.5410171747207642 0.4693828821182251
Cyclist 0.0 0 -2.057309865951538 1101.138916015625 116.71437072753906 1242.0 375.0 1.1620432 1.7837816 0.5965647 3.6604745 1.4777551 4.56192 -1.3811085224151611 0.2526104152202606
Car 0.0 0 1.8284862041473389 300.95806884765625 173.501220703125 462.0005798339844 285.4906005859375 3.5492392 1.5992272 1.7015246 -3.6927168 1.6120852 12.127373 1.5329113006591797 0.9623212218284607
Car 0.0 0 -1.579450249671936 660.2787475585938 183.89625549316406 697.88818359375 223.26278686523438 3.3924758 1.5588813 1.5370047 2.9364805 2.0652978 31.309513 -1.485935091972351 0.47501978278160095
Car 0.0 0 -1.6505110263824463 635.9671630859375 181.56280517578125 662.5625 203.4687957763672 4.540501 1.6401732 1.7762358 3.0981476 2.369942 58.13722 -1.5972710847854614 0.42271047830581665
Car 0.0 0 0.7175670862197876 0.0 171.57952880859375 168.42803955078125 360.4129333496094 3.8479168 1.5130597 1.5706534 -6.566807 1.5032058 6.677055 -0.059506747871637344 0.17158956825733185
