Pedestrian 0.0 0 1.783812403678894 579.6091918945312 171.453125 602.2835083007812 221.1348876953125 1.0105591 1.8558309 0.6677115 -0.41308603 1.4815698 27.3914 1.7687326669692993 0.8115898370742798
Pedestrian 0.0 0 2.0906901359558105 502.5757141113281 180.05490112304688 561.2794189453125 279.85760498046875 0.8887108 1.6751 0.6743372 -1.2496774 1.6521301 12.597352 1.991811990737915 0.6480112671852112
Pedestrian 0.0 0 1.4933052062988281 612.7267456054688 168.7347869873047 629.2052612304688 211.10906982421875 0.831515 1.9146965 0.69039226 0.8778427 1.3388339 32.88835 1.5199904441833496 0.6237089037895203
Pedestrian 0.0 0 -3.2042322158813477 769.6253051757812 157.699951171875 810.2374877929688 232.15536499023438 0.9365948 1.8035593 0.5467874 4.6158333 1.2282366 17.755472 -2.9498953819274902 0.6218627095222473
Pedestrian 0.0 0 0.5441588163375854 593.0122680664062 172.96823120117188 621.8484497070312 228.6997528076172 0.6840098 1.6749923 0.57724607 0.15736075 1.4196954 22.011703 0.5513076782226562 0.61654132604599
Pedestrian 0.0 0 -0.9970215559005737 706.8927612304688 161.3444366455078 727.02587890625 198.75775146484375 0.77289224 1.9167954 0.7307544 5.9993486 0.8850298 37.33149 -0.8376792073249817 0.560889720916748
Pedestrian 0.0 0 1.4041084051132202 577.1008911132812 168.3475341796875 594.88232421875 212.17462158203125 0.6892794 1.8499277 0.65382075 -0.67892575 1.2957411 30.717962 1.3820101022720337 0.5409478545188904
Pedestrian 0.0 0 1.3185819387435913 636.8062133789062 169.9182891845703 654.4000244140625 210.2060546875 0.83724403 1.8201989 0.6140127 2.0082252 1.2978764 32.921078 1.3795076608657837 0.44231539964675903
Pedestrian 0.0 0 1.5746703147888184 111.82172393798828 150.2766571044922 186.05870056152344 315.73516845703125 0.85654795 1.7776227 0.6913992 -5.2442923 1.4435295 8.261501 1.0090641975402832 0.43004176020622253
Pedestrian 0.0 0 -1.5404512882232666 279.7746276855469 202.9694366455078 330.34259033203125 305.8301696777344 0.7717404 1.5939081 0.74703974 -4.9076247 1.9635158 11.827726 -1.9337577819824219 0.4172687828540802
Pedestrian 0.0 0 0.6198256611824036 619.0011596679688 171.8887481689453 641.5827026367188 211.18191528320312 0.8284751 1.8350594 0.68151313 1.3587674 1.387117 34.06803 0.6596884727478027 0.3726043105125427
Pedestrian 0.0 0 -1.2979834079742432 756.6690063476562 174.97914123535156 779.816650390625 222.733642578125 0.7638474 1.6174587 0.59590954 5.740286 1.3976718 24.80563 -1.0705757141113281 0.3673884868621826
Pedestrian 0.0 0 0.5269814729690552 415.42010498046875 176.9311065673828 462.0707702636719 269.8411560058594 0.6185895 1.6638652 0.6072824 -3.0340357 1.583315 13.243427 0.3017704486846924 0.3529245853424072
Pedestrian 0.0 0 0.35693979263305664 695.0762329101562 162.80116271972656 715.4854125976562 206.2974395751953 0.6756491 1.7706317 0.57603675 4.271978 1.0104389 29.65385 0.5000169277191162 0.3434886932373047
Pedestrian 0.0 0 -0.9584042429924011 622.0148315429688 167.0972900390625 638.061279296875 199.9821014404297 0.6597292 1.8327683 0.6413093 1.6122625 1.0308721 40.489113 -0.918605625629425 0.2974156141281128
Pedestrian 0.0 0 -1.4387516975402832 555.5978393554688 179.2232208251953 576.4921875 226.07781982421875 0.9343747 1.7280566 0.66851646 -1.3436229 1.6451256 26.983566 -1.4885047674179077 0.2866085171699524
Pedestrian 0.0 0 1.5971955060958862 511.8414611816406 173.68350219726562 544.2715454101562 256.34881591796875 0.8929126 1.8790716 0.7339499 -1.7409409 1.7026066 16.799227 1.4939318895339966 0.2842079699039459
Pedestrian 0.0 0 3.229016065597534 501.27105712890625 169.18414306640625 528.4730224609375 217.17572021484375 0.9499938 1.7474782 0.56537104 -3.2034907 1.3000762 26.451792 3.1084961891174316 0.2646459937095642
Cyclist 0.0 0 -1.4387516975402832 555.5978393554688 179.2232208251953 576.4921875 226.07781982421875 0.9343747 1.7280566 0.66851646 -1.3436229 1.6451256 26.983566 -1.4885047674179077 0.13591574132442474
Car 0.0 0 -0.5075659155845642 683.4825439453125 174.23707580566406 824.1694946289062 226.71681213378906 3.9105263 1.5031154 1.6110115 4.6042595 1.296232 21.92002 -0.3005276024341583 0.5724144577980042
Car 0.0 0 1.1645034551620483 720.0811767578125 166.8735809326172 782.2113037109375 198.84375 3.8229446 1.4659281 1.5660359 7.2048264 0.796193 34.96532 1.36771559715271 0.26114383339881897
