Pedestrian 0.0 0 1.4408633708953857 712.2569580078125 128.51014709472656 742.1077880859375 200.0944061279297 0.6874463 1.7871503 0.66437453 2.9269245 0.6804336 18.363869 1.5989189147949219 0.532875120639801
Pedestrian 0.0 0 1.9364467859268188 334.5737609863281 174.39012145996094 378.75335693359375 250.5985870361328 0.7823625 1.6987449 0.72272944 -5.831398 1.7350833 16.49742 1.596680998802185 0.47411876916885376
Pedestrian 0.0 0 1.566697359085083 886.4920043945312 95.13139343261719 941.0972290039062 266.7671813964844 0.68863606 1.701754 0.50556684 3.123358 0.9314991 7.56554 1.958223581314087 0.44568613171577454
Car 0.0 0 -1.27669095993042 244.630615234375 203.5967559814453 419.15753173828125 320.91864013671875 3.5799706 1.3975344 1.5641425 -4.221346 1.9613621 11.387732 -1.6316797733306885 0.9747481942176819
Car 0.0 0 -1.3507044315338135 404.6626892089844 180.644775390625 494.93701171875 251.2861785888672 4.115601 1.7566688 1.6284422 -4.461499 2.0002065 20.457018 -1.5654335021972656 0.9698014259338379
Car 0.0 0 -1.7327704429626465 691.80029296875 179.54124450683594 795.2216796875 259.08721923828125 3.4608254 1.4708526 1.5926131 2.6693857 1.6297917 15.36947 -1.560804843902588 0.9568056464195251
Car 0.0 0 -2.118633508682251 828.3643188476562 178.73118591308594 1242.0 375.0 3.5744565 1.4782242 1.5755235 2.842017 1.5342357 5.017915 -1.6033059358596802 0.9419975876808167
Car 0.0 0 1.7361010313034058 483.0351867675781 183.55101013183594 531.6266479492188 218.48707580566406 3.89112 1.5137647 1.6780754 -4.873614 2.0537484 34.43058 1.5954861640930176 0.9358561038970947
Car 0.0 0 -1.6606123447418213 652.0640258789062 177.76304626464844 696.7550659179688 217.26097106933594 3.4508693 1.5748276 1.5928282 2.6664276 1.7973568 30.923876 -1.5745995044708252 0.9312623143196106
Car 0.0 0 1.520948052406311 521.5901489257812 183.03309631347656 547.2640380859375 207.32862854003906 3.9588742 1.5606123 1.5730083 -5.3161154 2.297987 50.16287 1.4153650999069214 0.6320648789405823
