Pedestrian 0.0 0 -3.407315969467163 989.9058227539062 112.8236083984375 1073.3465576171875 249.3226318359375 0.9005707 1.8180518 0.43568665 5.8146563 0.9183316 9.74325 -2.8692615032196045 0.4794137477874756
Pedestrian 0.0 0 3.249014377593994 120.6203384399414 105.64756774902344 202.18792724609375 248.46856689453125 0.8924498 1.8795202 0.6817026 -6.171506 0.8961376 9.801912 2.6870977878570557 0.39450153708457947
Pedestrian 0.0 0 1.0922759771347046 875.8340454101562 158.03016662597656 907.7167358398438 196.82290649414062 1.9658027 1.7833413 0.5534881 13.552394 0.7518375 33.50334 1.4766631126403809 0.12020193040370941
Cyclist 0.0 0 -1.7510815858840942 987.4866943359375 147.81430053710938 1022.0995483398438 216.6749267578125 1.7677773 1.7020546 0.4683102 10.338592 0.89574605 18.383368 -1.2387769222259521 0.6744914650917053
Cyclist 0.0 0 1.0918737649917603 874.93115234375 155.97047424316406 907.0421142578125 194.61643981933594 2.0050733 1.7817059 0.54959536 13.560337 0.65227014 33.616493 1.475293517112732 0.3537101447582245
Car 0.0 0 0.713693380355835 505.9717712402344 173.57965087890625 626.3319091796875 214.348876953125 4.4942093 1.4069939 1.6612657 -1.5388067 1.1696962 26.42437 0.655524730682373 0.9288892149925232
Car 0.0 0 -0.8260161876678467 0.0 206.08453369140625 297.3171081542969 370.0 3.8492944 1.4615308 1.5721229 -3.1292238 1.6545874 3.353681 -1.5768052339553833 0.7887038588523865
Car 0.0 0 1.51404869556427 458.94512939453125 175.2346954345703 482.07257080078125 194.72938537597656 3.59625 1.4668356 1.5653291 -10.501677 1.0719229 55.129673 1.3258134126663208 0.653663158416748
Car 0.0 0 1.7055847644805908 355.1339111328125 179.59967041015625 388.65716552734375 202.971435546875 4.028201 1.5249484 1.6485491 -15.85908 1.4675344 48.258553 1.388075590133667 0.6095529794692993
Car 0.0 0 1.5668704509735107 88.70988464355469 182.70199584960938 118.0698471069336 206.13375854492188 4.022227 1.5130644 1.5760702 -34.154987 1.6708119 48.13804 0.9497826099395752 0.28370293974876404
