Pedestrian 0.0 0 -0.8791669607162476 1207.005615234375 164.38780212402344 1242.0 234.06549072265625 0.819043 1.7472961 0.59935945 15.865529 1.5353489 18.45546 -0.16908809542655945 0.4449748992919922
Car 0.0 0 1.4586960077285767 719.9059448242188 180.2593536376953 803.01806640625 240.83172607421875 4.0734296 1.4273816 1.7329425 3.9497988 1.6507138 19.618671 1.6573686599731445 0.8433844447135925
Car 0.0 0 1.5716743469238281 632.2151489257812 179.01397705078125 693.3375854492188 235.32411193847656 3.6174004 1.4565895 1.6160702 1.4775285 1.6515543 20.930483 1.642149567604065 0.835496187210083
Car 0.0 0 -1.949657678604126 97.8732681274414 188.24935913085938 189.96177673339844 229.73805236816406 4.0400233 1.4456279 1.6564468 -18.388897 2.0902932 28.350454 -2.5250678062438965 0.6336488127708435
Car 0.0 0 3.4268276691436768 242.46420288085938 186.1593475341797 334.4680480957031 217.44760131835938 4.062332 1.5363173 1.6456807 -16.650854 2.2470515 37.434887 3.008310556411743 0.5916740298271179
Car 0.0 0 -1.7383462190628052 258.13775634765625 200.76353454589844 357.8589782714844 273.19281005859375 3.7863047 1.401123 1.6049356 -7.473549 2.1585975 17.543978 -2.141054630279541 0.5308871865272522
Car 0.0 0 -2.1105024814605713 398.8458557128906 164.24136352539062 627.7327880859375 298.0360107421875 4.3881326 1.8252386 1.7372917 -1.8526375 1.7081019 12.084291 -2.262627601623535 0.5099850296974182
Car 0.0 0 1.292013168334961 80.33190155029297 184.56121826171875 147.90049743652344 222.12301635742188 3.6684656 1.5345582 1.5404284 -22.289505 2.0881264 32.332466 0.6884472370147705 0.4834729731082916
Car 0.0 0 3.4146599769592285 318.03155517578125 184.63421630859375 404.0776062011719 217.220947265625 3.4570982 1.4306072 1.520103 -11.428894 1.9863887 33.156433 3.0827178955078125 0.41187945008277893
Car 0.0 0 1.3627341985702515 836.174560546875 179.955078125 913.8168334960938 230.7912139892578 3.7347853 1.4202772 1.5285829 8.1708555 1.6628789 22.656736 1.7088534832000732 0.38237741589546204
