Pedestrian 0.0 0 1.7429841756820679 516.146484375 177.0274658203125 534.8515014648438 221.67221069335938 0.7079479 1.8669782 0.67810374 -3.6222136 2.046569 30.612331 1.625206470489502 0.2571379542350769
Pedestrian 0.0 0 2.405191421508789 866.7484130859375 130.68804931640625 965.7417602539062 277.22100830078125 1.0364155 1.8208141 0.63296837 3.9427903 1.297219 9.434451 2.8010449409484863 0.20897546410560608
Pedestrian 0.0 0 -0.014835178852081299 780.287841796875 142.4371337890625 799.0343017578125 197.4979705810547 0.62135535 1.8855475 0.6765984 6.202256 0.84428585 25.10579 0.22736024856567383 0.1687164604663849
Pedestrian 0.0 0 0.9302687644958496 1127.466796875 116.58521270751953 1242.0 285.9362487792969 1.6651659 1.6986482 0.6017486 6.6113863 1.1346112 8.079861 1.616042137145996 0.15692539513111115
Pedestrian 0.0 0 2.1426808834075928 252.4626007080078 142.63768005371094 344.4736022949219 266.26593017578125 1.6563308 1.7907205 0.5100955 -4.8867006 1.3534032 11.307214 1.734748363494873 0.1384263038635254
Cyclist 0.0 0 0.9578920602798462 1125.4329833984375 120.79468536376953 1242.0 292.6180114746094 1.6913414 1.7132595 0.61693215 6.569091 1.1945313 8.057193 1.641897439956665 0.39985254406929016
Cyclist 0.0 0 2.1426808834075928 252.4626007080078 142.63768005371094 344.4736022949219 266.26593017578125 1.6563308 1.7907205 0.5100955 -4.8867006 1.3534032 11.307214 1.734748363494873 0.2574784457683563
Car 0.0 0 2.17826771736145 0.0 170.41978454589844 311.3741149902344 375.0 3.5353184 1.5261965 1.5606447 -3.5314212 1.5162851 4.827211 1.546669363975525 0.8375245928764343
Car 0.0 0 -1.6481257677078247 679.8504028320312 181.79385375976562 734.6903686523438 228.9824981689453 3.2663624 1.4131222 1.5373688 3.1147678 1.7304498 23.908846 -1.5185785293579102 0.5235549211502075
Car 0.0 0 0.9607939720153809 946.9600830078125 143.21861267089844 1242.0 375.0 4.494161 1.5219312 1.6671971 4.5479813 1.3700155 5.983258 1.6107391119003296 0.4544324278831482
Car 0.0 0 1.5922192335128784 650.8321533203125 183.85455322265625 675.1804809570312 207.74920654296875 3.8039675 1.5384585 1.6117557 3.6922457 2.3347986 50.236862 1.6655840873718262 0.33504244685173035
Car 0.0 0 1.4628679752349854 687.7485961914062 155.64874267578125 727.3770141601562 189.16250610351562 4.2409887 1.7412994 1.6979836 5.264131 0.8477115 39.627098 1.5949363708496094 0.24993781745433807
Car 0.0 0 1.4646220207214355 672.9327392578125 178.65513610839844 704.1513671875 203.38946533203125 4.1207333 1.5488175 1.6376158 5.1727467 1.9533439 48.20632 1.5715173482894897 0.18005885183811188
