Pedestrian 0.0 0 -0.2850262522697449 986.429931640625 122.77143096923828 1076.8525390625 255.63368225097656 0.9847067 1.7690784 0.42938283 5.8115807 1.0020871 9.740537 0.252918004989624 0.5294123888015747
Pedestrian 0.0 0 -1.4083201885223389 789.5076904296875 162.7989044189453 804.537841796875 198.54566955566406 0.7517608 1.8874357 0.6634593 10.259919 0.9542259 37.806923 -1.1433255672454834 0.4435918629169464
Pedestrian 0.0 0 -1.2101426124572754 273.1951599121094 180.41087341308594 322.41265869140625 261.1240234375 0.74935585 1.6080078 0.7071435 -6.3185186 1.6078608 14.473414 -1.621764063835144 0.3538573682308197
Pedestrian 0.0 0 -3.572824001312256 991.6632080078125 155.360595703125 1029.446044921875 224.04095458984375 0.62101406 1.7253183 0.65589434 10.344537 1.0953858 18.110683 -3.0538620948791504 0.3076629340648651
Pedestrian 0.0 0 0.8061950206756592 871.838623046875 155.90341186523438 910.5405883789062 193.9692840576172 1.8429534 1.7506381 0.58246255 13.514434 0.62090486 33.4757 1.1898945569992065 0.1093263104557991
Cyclist 0.0 0 0.8061950206756592 871.838623046875 155.90341186523438 910.5405883789062 193.9692840576172 1.8429534 1.7506381 0.58246255 13.514434 0.62090486 33.4757 1.1898945569992065 0.49669721722602844
Cyclist 0.0 0 -2.154481887817383 978.2733154296875 151.11221313476562 1032.41943359375 221.81503295898438 1.4172848 1.7604624 0.5233338 10.316152 1.0303177 18.325583 -1.6417603492736816 0.3089439868927002
Car 0.0 0 0.08866047859191895 643.4362182617188 167.22488403320312 773.1170654296875 211.34375 4.345483 1.4572476 1.6754299 3.6031168 1.020312 24.666996 0.2337050437927246 0.8792237639427185
Car 0.0 0 -0.7923732399940491 0.0 206.42803955078125 301.9063720703125 370.0 3.7481751 1.4386215 1.5705254 -3.178417 1.6369336 3.4559855 -1.5359580516815186 0.820320188999176
Car 0.0 0 1.8949339389801025 323.9969177246094 179.18238830566406 375.2539978027344 205.6312255859375 4.286945 1.5096551 1.6178687 -15.283419 1.4358308 42.512157 1.5498148202896118 0.7958924174308777
Car 0.0 0 1.8660266399383545 446.92095947265625 173.54844665527344 486.03558349609375 196.6521759033203 3.9266222 1.5372634 1.5921588 -9.560432 1.0760456 49.074894 1.6736234426498413 0.64961177110672
Car 0.0 0 1.984039068222046 405.2319030761719 173.29196166992188 441.97149658203125 192.2372283935547 3.8911116 1.5526234 1.5927107 -15.327844 0.9631221 59.98892 1.7338800430297852 0.382809042930603
Car 0.0 0 -2.341960906982422 0.0 196.2477569580078 23.48448944091797 257.7103271484375 3.6298897 1.4546957 1.596349 -17.315292 1.8771302 18.030323 -3.1071321964263916 0.3796403706073761
