Pedestrian 0.0 0 -1.460667371749878 688.354248046875 168.08697509765625 702.3484497070312 202.57838439941406 0.9141225 1.7289269 0.61096644 4.3053637 1.4903319 36.679356 -1.3438236713409424 0.5269442200660706
Pedestrian 0.0 0 1.7976558208465576 545.0596923828125 177.23887634277344 558.3958740234375 202.92807006835938 1.56023 1.5879601 0.5053669 -3.714801 1.870871 45.683193 1.7165178060531616 0.17469564080238342
Cyclist 0.0 0 1.7350584268569946 533.416259765625 177.9822235107422 552.8902587890625 220.12696838378906 1.9601978 1.7715707 0.53789645 -2.9523757 2.0033877 31.566648 1.641801357269287 0.6091153621673584
Cyclist 0.0 0 1.7816120386123657 545.3847045898438 177.360595703125 558.523193359375 203.3356475830078 1.5423043 1.6067235 0.5200391 -3.7023106 1.8975456 45.70437 1.7007828950881958 0.5810992121696472
Cyclist 0.0 0 1.752224087715149 517.3985595703125 176.59683227539062 538.0208740234375 218.8739776611328 1.9094727 1.7539661 0.54970425 -3.5718718 1.9205701 31.074854 1.6377822160720825 0.33439528942108154
Cyclist 0.0 0 -1.460667371749878 688.354248046875 168.08697509765625 702.3484497070312 202.57838439941406 0.9141225 1.7289269 0.61096644 4.3053637 1.4903319 36.679356 -1.3438236713409424 0.11305267363786697
Car 0.0 0 -1.7374420166015625 697.0610961914062 179.28834533691406 819.267578125 280.5489196777344 3.3500948 1.5493597 1.5681022 2.4633105 1.6802517 12.943711 -1.5493813753128052 0.9535665512084961
Car 0.0 0 1.89703369140625 317.509521484375 184.4458465576172 447.6263427734375 261.19195556640625 3.9466321 1.4866279 1.6533867 -5.098467 1.7853308 16.57229 1.5985733270645142 0.9269688129425049
Car 0.0 0 1.8165076971054077 461.3030090332031 180.96234130859375 520.0582275390625 217.92137145996094 4.1441584 1.50633 1.648619 -5.3293667 1.8956227 32.47414 1.6538465023040771 0.8154100775718689
Car 0.0 0 1.6721763610839844 632.4613647460938 177.18032836914062 660.1629638671875 198.80503845214844 3.8822448 1.5112963 1.6606106 2.6889381 1.8434303 53.286083 1.7225959300994873 0.7006232142448425
Car 0.0 0 -2.1749050617218018 937.1121215820312 174.90048217773438 1242.0 317.13836669921875 3.7751746 1.4867505 1.524149 5.948002 1.5195485 9.514663 -1.6162046194076538 0.6595637798309326
Car 0.0 0 1.4936482906341553 518.5092163085938 179.57261657714844 544.6273803710938 203.34747314453125 3.6417823 1.5766526 1.5486972 -5.588697 2.068731 50.8721 1.384229302406311 0.4910726547241211
