Pedestrian 0.0 0 2.7462522983551025 857.9037475585938 112.63587951660156 974.4903564453125 284.3674621582031 1.0112332 1.7510324 0.51575404 3.156092 1.1373863 7.613361 3.139235496520996 0.45593124628067017
Car 0.0 0 1.8402973413467407 426.5936584472656 188.3530731201172 487.52447509765625 227.0778045654297 3.720508 1.4204664 1.5330592 -6.3018727 2.1038845 29.892155 1.6325196027755737 0.8761860728263855
Car 0.0 0 -1.6619781255722046 650.3866577148438 174.86131286621094 692.56689453125 209.1497344970703 3.9178205 1.4915092 1.5929277 2.7649105 1.5907624 33.579563 -1.5798243284225464 0.8536325693130493
Car 0.0 0 2.328561544418335 0.0 203.6884765625 200.9968719482422 375.0 3.5290968 1.4674822 1.5317738 -6.103334 1.8616685 7.4003897 1.6389212608337402 0.8252593874931335
Car 0.0 0 -1.0139391422271729 68.05410766601562 200.80348205566406 150.0081787109375 233.82684326171875 3.9690642 1.4719737 1.6605583 -26.03342 3.0074563 37.605106 -1.619467854499817 0.8215242028236389
Car 0.0 0 -1.044417381286621 158.1516571044922 197.65850830078125 233.357177734375 231.36216735839844 3.7546663 1.4937041 1.646799 -20.970453 2.8180625 36.628483 -1.56438410282135 0.7031824588775635
Car 0.0 0 -1.0396887063980103 117.67620086669922 196.24058532714844 194.45645141601562 228.56723022460938 3.8958256 1.469184 1.6395181 -23.596563 2.7526205 37.612595 -1.5999819040298462 0.6895941495895386
Car 0.0 0 1.7912628650665283 457.33642578125 186.1780242919922 505.75079345703125 218.89096069335938 3.8129504 1.447916 1.5457808 -6.2875967 2.1388052 35.45242 1.6157349348068237 0.6677652597427368
Car 0.0 0 0.9082592725753784 989.2014770507812 208.583251953125 1242.0 375.0 3.8622432 1.4806167 1.587335 2.8054755 1.7080609 2.5449185 1.7423176765441895 0.6308113932609558
Car 0.0 0 1.768518090248108 489.754150390625 180.5716094970703 529.1228637695312 207.8900146484375 4.1226044 1.5366812 1.5932212 -6.094046 2.0289166 43.87892 1.630517601966858 0.5739600658416748
Car 0.0 0 -1.7453652620315552 821.0419311523438 160.24229431152344 851.81884765625 182.56130981445312 4.308457 1.7490206 1.662459 18.376219 0.76106733 58.78321 -1.4423801898956299 0.5367844104766846
