Car 0.0 0 -1.79229736328125 461.8810119628906 177.69049072265625 501.5454406738281 204.6299591064453 3.9755778 1.5970883 1.6323462 -8.198169 1.9181498 45.69335 -1.9698256254196167 0.8308724761009216
Car 0.0 0 -3.7742867469787598 932.4171752929688 179.0635528564453 1242.0 375.0 3.3789566 1.4343783 1.5864161 4.7390704 1.4949055 6.1563597 -3.1182432174682617 0.8224651217460632
Car 0.0 0 -2.384420871734619 0.0 192.0523681640625 169.03013610839844 340.4720153808594 3.7043083 1.4259443 1.598557 -7.266265 1.6608313 7.9783297 -3.1231436729431152 0.81492680311203
Car 0.0 0 -0.5206624269485474 830.7067260742188 189.7288055419922 1188.2945556640625 327.5778503417969 3.4631548 1.4623508 1.5597951 4.5852275 1.6858722 8.698403 -0.03554372489452362 0.8095652461051941
Car 0.0 0 3.75358247756958 0.0 181.64578247070312 213.23057556152344 297.575439453125 3.5291202 1.5006268 1.6007595 -7.953775 1.6377602 10.34615 3.0981786251068115 0.8077273368835449
Car 0.0 0 3.6144134998321533 11.248356819152832 166.2682342529297 284.7373352050781 270.2897033691406 3.7353091 1.7022924 1.6846377 -8.06581 1.5948756 12.810263 3.0524868965148926 0.7985817790031433
Car 0.0 0 -2.3168864250183105 1074.176025390625 183.20266723632812 1154.838623046875 212.19326782226562 3.7536232 1.5151156 1.6497363 28.598202 2.1330962 41.08715 -1.708824872970581 0.7721293568611145
Car 0.0 0 3.343749761581421 206.91822814941406 165.88333129882812 354.3812255859375 230.3831024169922 3.7529147 1.8209411 1.6942629 -9.784499 1.6245054 21.608713 2.918566942214966 0.7149765491485596
Car 0.0 0 0.42737069725990295 121.97372436523438 173.6537322998047 339.2762145996094 250.49905395507812 3.8012736 1.5511316 1.6205301 -8.058999 1.5696677 15.489163 -0.05238407105207443 0.5592906475067139
Car 0.0 0 -1.6711516380310059 356.4630432128906 175.55921936035156 393.5670166015625 205.3192901611328 3.5691032 1.4970125 1.5297965 -12.637879 1.6493323 38.586967 -1.9876582622528076 0.493518203496933
