Pedestrian 0.0 0 1.088527798652649 648.5313110351562 142.98126220703125 714.9574584960938 273.695556640625 0.8685827 1.7789294 0.61011994 1.039577 1.269996 10.133931 1.1907539367675781 0.6388422846794128
Pedestrian 0.0 0 -2.4929518699645996 476.6069641113281 144.0286865234375 515.592041015625 216.99539184570312 0.7729892 1.8529544 0.6426278 -2.871056 0.92837507 18.41635 -2.64760422706604 0.5145055055618286
Pedestrian 0.0 0 1.5041420459747314 425.15899658203125 145.3552703857422 448.1440124511719 206.94569396972656 0.8728118 1.9119499 0.65155244 -5.3847923 0.8225078 22.457487 1.2688077688217163 0.5050574541091919
Pedestrian 0.0 0 1.8829090595245361 400.3175048828125 142.00450134277344 429.2192687988281 209.9550323486328 0.746891 1.7378391 0.5268554 -4.998031 0.75490534 18.463444 1.6185461282730103 0.5023141503334045
Pedestrian 0.0 0 2.1058144569396973 516.4180908203125 142.0846710205078 557.4600830078125 218.2658233642578 1.0363145 1.8800237 0.59987706 -1.764129 0.93359417 18.04025 2.008335828781128 0.48546338081359863
Pedestrian 0.0 0 -1.0370882749557495 448.33074951171875 151.62322998046875 480.8108215332031 215.4449005126953 0.8367409 1.7709385 0.5594456 -4.0208273 0.97123563 20.101639 -1.23450767993927 0.48325422406196594
Pedestrian 0.0 0 -1.4877586364746094 18.152902603149414 148.12718200683594 51.73162078857422 219.7129364013672 0.56502926 1.9099307 0.6698051 -15.57483 1.047797 19.281174 -2.167221784591675 0.4629514515399933
Pedestrian 0.0 0 -1.5823894739151 115.65077209472656 141.62841796875 162.44503784179688 253.7449493408203 0.72173417 1.7929715 0.6351753 -7.811762 1.1729903 11.779171 -2.1679773330688477 0.395077645778656
Pedestrian 0.0 0 1.232016921043396 501.37200927734375 143.1107177734375 527.1077270507812 204.0027313232422 0.8383338 1.822586 0.531789 -2.8169522 0.7050325 21.652075 1.1026427745819092 0.3676072061061859
Pedestrian 0.0 0 -1.5574499368667603 434.39776611328125 146.01992797851562 455.370849609375 212.8986053466797 0.6817567 1.73703 0.53307223 -4.278405 0.84307253 18.748251 -1.7818108797073364 0.30711647868156433
Pedestrian 0.0 0 -1.5199222564697266 243.14306640625 140.93374633789062 281.7560119628906 245.30264282226562 0.81457704 1.7025149 0.5528154 -5.8535204 1.0587438 12.0117655 -1.973370909690857 0.3014013469219208
Pedestrian 0.0 0 1.4811205863952637 578.17822265625 137.0696258544922 628.5371704101562 277.84893798828125 0.9306429 1.8396564 0.6054756 -0.08585424 1.2737968 9.727337 1.4722946882247925 0.29760101437568665
Pedestrian 0.0 0 1.450175404548645 652.3640747070312 141.0140838623047 693.37158203125 254.6524658203125 0.820558 1.7510996 0.5536868 1.0285457 1.1443037 11.308603 1.5408782958984375 0.2389984428882599
Pedestrian 0.0 0 -1.3090035915374756 263.0509338378906 146.4850311279297 326.16302490234375 257.72833251953125 1.2668054 1.7262019 0.64911836 -5.128203 1.2000372 11.642052 -1.7239205837249756 0.23679733276367188
Pedestrian 0.0 0 -2.989661455154419 575.1332397460938 145.148681640625 617.3436889648438 213.05128479003906 1.0481678 1.789863 0.6748904 -0.2638816 0.8596142 19.038685 -3.003520965576172 0.23589985072612762
Pedestrian 0.0 0 -2.960512638092041 539.1785278320312 139.40293884277344 558.347900390625 190.102294921875 0.61348194 1.8737633 0.62877303 -2.1279976 0.35640052 26.470058 -3.0407328605651855 0.23265273869037628
Pedestrian 0.0 0 -0.2013358324766159 632.878662109375 160.8347930908203 653.620361328125 209.0818634033203 0.6554133 1.7784377 0.6544813 1.3998932 1.0550735 26.4297 -0.1484186202287674 0.23024702072143555
Pedestrian 0.0 0 -1.0343393087387085 1036.3765869140625 146.60049438476562 1224.0 370.0 1.2163647 1.5212048 0.51765954 2.8622444 1.368668 3.6750903 -0.3726452887058258 0.18489527702331543
Cyclist 0.0 0 -2.6140501499176025 236.05316162109375 144.0213165283203 348.22064208984375 253.59039306640625 1.6230522 1.7459915 0.5671391 -5.1791325 1.1663557 11.631791 -3.0329525470733643 0.46009397506713867
Cyclist 0.0 0 2.278313636779785 993.1659545898438 143.47486877441406 1224.0 370.0 1.3553718 1.488998 0.60031354 2.755624 1.3225667 3.6446795 2.925686836242676 0.3211278021335602
Car 0.0 0 1.8725855350494385 0.0 101.76030731201172 275.6925964355469 370.0 3.7351787 1.5260168 1.5310748 -3.1867404 1.25887 4.423426 1.2482835054397583 0.49367567896842957
Car 0.0 0 -0.6032038331031799 300.58111572265625 167.9860076904297 451.05279541015625 225.36729431152344 3.8227503 1.4611483 1.5883015 -6.4087234 1.1440854 19.997469 -0.9133391380310059 0.31214240193367004
