Pedestrian 0.0 0 -0.8535616397857666 113.25675964355469 176.7509002685547 153.33444213867188 231.45416259765625 0.896321 1.7951354 0.7096186 -16.048134 1.9290555 24.236166 -1.4384353160858154 0.5576868653297424
Pedestrian 0.0 0 -2.8529515266418457 679.7103881835938 164.89971923828125 708.0291137695312 220.288818359375 0.7692804 1.753295 0.59848934 2.66115 1.5018672 23.26293 -2.7390522956848145 0.466467022895813
Pedestrian 0.0 0 -0.20587044954299927 282.3897705078125 179.06927490234375 301.5827941894531 214.50140380859375 0.7570216 1.7264047 0.6358085 -15.818589 2.0392942 35.80055 -0.6219289302825928 0.44998598098754883
Pedestrian 0.0 0 2.9770584106445312 660.9243774414062 159.0562286376953 694.128173828125 217.29351806640625 0.93435925 1.7731299 0.60330015 2.0349557 1.3533921 22.30082 3.068056583404541 0.43616968393325806
Pedestrian 0.0 0 -1.0339423418045044 338.88494873046875 176.75433349609375 352.4490966796875 203.0691680908203 0.66663593 1.7723154 0.6122117 -18.012617 2.0401266 49.09091 -1.3856136798858643 0.42427751421928406
Cyclist 0.0 0 -2.445232391357422 671.7177734375 159.37484741210938 731.9495239257812 224.00827026367188 1.7598825 1.7763977 0.5586596 2.5639825 1.406292 20.661997 -2.3217718601226807 0.5127550363540649
Cyclist 0.0 0 2.9770584106445312 660.9243774414062 159.0562286376953 694.128173828125 217.29351806640625 0.93435925 1.7731299 0.60330015 2.0349557 1.3533921 22.30082 3.068056583404541 0.10498978942632675
Car 0.0 0 -1.34410560131073 397.40643310546875 173.13088989257812 522.8585205078125 262.88397216796875 3.9472919 1.5703969 1.6209253 -2.9210138 1.5771371 14.631013 -1.5411601066589355 0.9219304919242859
Car 0.0 0 2.0586845874786377 192.3636474609375 188.38571166992188 296.2890930175781 236.8048858642578 3.7669733 1.4612712 1.6159962 -12.527293 2.0384374 24.892792 1.5924404859542847 0.8746304512023926
Car 0.0 0 -1.4774916172027588 586.295166015625 173.37281799316406 616.6612548828125 198.2471466064453 4.030291 1.5420022 1.6062956 -0.5441261 1.5775663 46.88706 -1.4890961647033691 0.6362441778182983
Car 0.0 0 2.239699363708496 0.0 193.2196807861328 102.9361801147461 256.1508483886719 3.7366076 1.4274002 1.5443519 -15.789997 2.0300186 19.456732 1.557958960533142 0.5925436019897461
Car 0.0 0 2.1654059886932373 0.0 186.75694274902344 119.16748809814453 238.59173583984375 3.9307432 1.4617178 1.5564104 -18.009438 1.952317 23.430931 1.5100953578948975 0.5040064454078674
Car 0.0 0 -3.1548898220062256 693.2052612304688 179.4784698486328 809.9305419921875 222.30874633789062 4.1657305 1.5145159 1.6115083 5.2171197 1.7737277 27.031063 -2.9642295837402344 0.47871384024620056
Car 0.0 0 3.51802134513855 0.0 190.03855895996094 78.76791381835938 217.10202026367188 3.7433355 1.5092473 1.6632814 -34.43413 2.5723612 43.278957 2.845949411392212 0.4482046067714691
Car 0.0 0 1.9152297973632812 386.12982177734375 178.83924865722656 437.34173583984375 209.49505615234375 3.8330543 1.5943367 1.5527248 -11.033716 1.9450476 40.262733 1.6477535963058472 0.4319826364517212
Car 0.0 0 -1.2488431930541992 305.64617919921875 181.96359252929688 399.5319519042969 237.4114227294922 3.5806446 1.4286188 1.5101044 -7.416722 1.7167068 20.983812 -1.5885878801345825 0.37288495898246765
