Pedestrian 0.0 0 -1.4077742099761963 393.9107971191406 174.67767333984375 409.32769775390625 211.00306701660156 0.6185742 1.6222624 0.5773887 -9.450912 1.7058768 32.59625 -1.6899750232696533 0.4981117248535156
Pedestrian 0.0 0 -2.2148938179016113 15.462258338928223 171.8914337158203 51.12721633911133 229.91151428222656 0.6147887 1.906855 0.7037414 -19.325762 1.8755779 24.128178 -2.890221118927002 0.2335292249917984
Pedestrian 0.0 0 -0.7646704316139221 438.3011779785156 174.16207885742188 452.9482116699219 204.0222625732422 0.5297962 1.7542747 0.67225814 -9.790894 1.8330181 42.828873 -0.9894134998321533 0.22133618593215942
Pedestrian 0.0 0 0.500422477722168 85.18394470214844 182.39617919921875 134.2518310546875 272.8944396972656 0.5068283 1.6553633 0.662993 -9.489982 1.840697 13.627479 -0.10787367820739746 0.19976121187210083
Pedestrian 0.0 0 -3.3955931663513184 1166.068115234375 144.94320678710938 1242.0 217.88539123535156 1.7736875 1.7634139 0.57094866 15.056109 1.0890142 18.077133 -2.7011215686798096 0.172484889626503
Cyclist 0.0 0 -3.405749797821045 1172.4462890625 142.60610961914062 1242.0 214.04737854003906 1.614931 1.7255075 0.562115 15.076994 0.9952941 18.0181 -2.70898699760437 0.387844055891037
Car 0.0 0 -1.4963325262069702 582.45556640625 175.00210571289062 603.430908203125 193.36170959472656 3.5403082 1.5281322 1.5530232 -1.4690977 1.719304 62.28359 -1.5199153423309326 0.5369893312454224
Car 0.0 0 -2.2692294120788574 151.59352111816406 172.96337890625 210.6617431640625 194.6285858154297 3.888628 1.558157 1.6337407 -31.714046 1.5668111 53.316273 -2.805837631225586 0.21953243017196655
Car 0.0 0 1.4995572566986084 1065.1077880859375 183.1239013671875 1094.2022705078125 203.98956298828125 3.8535335 1.4992497 1.615946 36.361313 2.3257582 55.96343 2.075745105743408 0.21309517323970795
Car 0.0 0 2.086974620819092 130.4459991455078 187.6739501953125 247.0104217529297 237.97537231445312 4.0011854 1.4574051 1.5859251 -13.951327 1.9939048 24.092958 1.562092661857605 0.19063794612884521
Car 0.0 0 1.9862862825393677 210.09934997558594 186.8699493408203 296.8360290527344 227.4922332763672 4.062794 1.4155736 1.5747622 -14.064651 2.0121021 28.625902 1.5296019315719604 0.17598725855350494
Car 0.0 0 1.4392688274383545 656.7863159179688 181.8140106201172 703.3807373046875 218.11569213867188 4.026252 1.4729005 1.5484791 3.0355518 1.9000025 32.321373 1.5329118967056274 0.16939854621887207
Car 0.0 0 1.9754881858825684 346.30999755859375 177.98590087890625 399.85528564453125 205.5572509765625 3.9897804 1.5441042 1.6069872 -14.157912 1.8665915 43.230232 1.65899658203125 0.1616797000169754
Car 0.0 0 1.6779485940933228 634.142822265625 175.3338623046875 667.9843139648438 202.2250518798828 4.2528224 1.5246606 1.5947107 2.4912767 1.6823486 43.545696 1.7350969314575195 0.14988350868225098
Car 0.0 0 1.340135097503662 661.75341796875 179.9662322998047 730.5742797851562 223.63487243652344 4.273819 1.4753743 1.6317949 3.1223192 1.7668595 27.314663 1.4539504051208496 0.146023690700531
