Pedestrian 0.0 0 -2.9943737983703613 729.8681030273438 155.15582275390625 764.4725341796875 230.13613891601562 0.7489512 1.7784275 0.5833493 3.2836666 1.3590096 17.509068 -2.8089864253997803 0.5134291052818298
Pedestrian 0.0 0 -0.029950439929962158 362.8583984375 182.31700134277344 373.7158203125 209.48049926757812 0.6361685 1.7036126 0.6364581 -15.425038 2.311918 45.94345 -0.3538651168346405 0.39365237951278687
Pedestrian 0.0 0 -1.7272976636886597 1202.9208984375 176.29396057128906 1242.0 264.461181640625 0.6837991 1.6752172 0.60228276 12.060052 1.7453816 14.19053 -1.022881269454956 0.19762364029884338
Pedestrian 0.0 0 -1.2554515600204468 892.8604125976562 161.9558563232422 920.4745483398438 225.1416015625 0.71895635 1.7965866 0.5471837 8.5755625 1.4870735 20.964146 -0.8671605587005615 0.1697876900434494
Cyclist 0.0 0 2.277581214904785 357.5540466308594 183.00088500976562 376.23077392578125 210.6671600341797 1.037908 1.7181647 0.5930516 -15.470602 2.371434 45.833366 1.9520493745803833 0.1332716941833496
Cyclist 0.0 0 -0.09969735145568848 294.692626953125 151.35292053222656 325.016357421875 185.29452514648438 1.4694414 1.8162884 0.5987877 -16.35024 0.6660768 39.220592 -0.4946693480014801 0.12678104639053345
Car 0.0 0 1.4837217330932617 146.44801330566406 192.8892822265625 189.9375762939453 222.7501220703125 4.0521903 1.4448727 1.6993256 -24.506643 2.6126747 39.907143 0.9330050945281982 0.6905628442764282
Car 0.0 0 -2.2515692710876465 242.2935791015625 158.30560302734375 318.58880615234375 187.47923278808594 4.1111965 1.5490768 1.6116726 -18.291723 0.77693677 39.945423 -2.680988073348999 0.2665276527404785
Car 0.0 0 1.938293218612671 0.0 201.71568298339844 54.70458221435547 231.61306762695312 3.743566 1.5182672 1.6693391 -34.61203 3.3047633 42.612236 1.2561239004135132 0.1985745131969452
Car 0.0 0 1.492804765701294 196.92710876464844 191.97996520996094 236.57827758789062 222.49118041992188 3.5917006 1.4913578 1.633411 -21.681704 2.5947764 39.660583 0.9925129413604736 0.12687835097312927
Car 0.0 0 -0.9523942470550537 249.97476196289062 162.65577697753906 297.6903381347656 184.95648193359375 4.4862947 1.9926617 1.7258294 -31.090067 1.0817645 66.8324 -1.3878118991851807 0.125497967004776
