Pedestrian 0.0 0 -2.470974922180176 946.2911987304688 153.4239501953125 1004.169189453125 258.85040283203125 0.6360135 1.717792 0.59020394 6.195665 1.2782742 11.926349 -1.9918540716171265 0.6270772218704224
Pedestrian 0.0 0 -0.18949240446090698 988.9423217773438 126.128173828125 1071.706787109375 258.5076904296875 0.90838414 1.7583363 0.4479154 5.7998576 1.0378127 9.751525 0.34706830978393555 0.5339413285255432
Pedestrian 0.0 0 -1.2805095911026 788.5512084960938 161.49395751953125 805.1151733398438 196.03932189941406 0.77730453 1.8236244 0.6609651 10.254112 0.82172084 37.82408 -1.0157727003097534 0.40814247727394104
Pedestrian 0.0 0 -0.898611307144165 966.5785522460938 152.66937255859375 1034.1744384765625 264.3106994628906 0.86569065 1.7034369 0.5053491 6.206545 1.2804531 11.182109 -0.3919049799442291 0.29119330644607544
Pedestrian 0.0 0 1.9307115077972412 272.9510192871094 182.23016357421875 321.9174499511719 264.2044982910156 0.7453329 1.6301715 0.7030509 -6.321512 1.6681508 14.4625635 1.5186411142349243 0.2899516820907593
Pedestrian 0.0 0 1.094338059425354 875.6361694335938 153.86289978027344 906.4911499023438 193.13731384277344 1.8140856 1.8104101 0.58611125 13.52688 0.58399093 33.51777 1.4779211282730103 0.14198027551174164
Cyclist 0.0 0 1.1363853216171265 877.3727416992188 154.70889282226562 905.8488159179688 194.02114868164062 1.7742957 1.813487 0.5522681 13.551744 0.62519026 33.511307 1.520673155784607 0.43839749693870544
Cyclist 0.0 0 -1.9084415435791016 977.0099487304688 135.94772338867188 1020.7306518554688 205.6011505126953 1.6303039 1.754143 0.48982915 10.3273535 0.6337376 18.645905 -1.4026342630386353 0.236790269613266
Car 0.0 0 1.370359182357788 439.6863098144531 174.2019500732422 495.06134033203125 209.28407287597656 3.9279196 1.4908789 1.7149998 -6.342457 1.2247106 32.18508 1.1757901906967163 0.8741039633750916
Car 0.0 0 -0.7741596102714539 0.0 210.42572021484375 299.6114196777344 370.0 3.7915776 1.4374355 1.5654413 -3.2148092 1.6668333 3.4449325 -1.5250171422958374 0.8175607919692993
Car 0.0 0 1.8116240501403809 84.79518127441406 181.0840301513672 128.79457092285156 205.10009765625 3.895141 1.5732833 1.5865216 -34.12206 1.6163874 48.51732 1.1986891031265259 0.2400975227355957
Car 0.0 0 -2.172041177749634 0.0 199.47686767578125 16.556562423706055 263.3263244628906 3.5512986 1.4670445 1.6078714 -17.337034 1.9846088 18.071413 -2.936702013015747 0.20521515607833862
Car 0.0 0 -1.5100524425506592 554.8264770507812 170.1652374267578 581.014892578125 193.60325622558594 3.7223282 1.50978 1.5327184 -2.450986 0.84539175 47.40825 -1.5617060661315918 0.17606480419635773
