Pedestrian 0.0 0 -1.66363525390625 1086.6846923828125 127.35296630859375 1132.7149658203125 227.2443389892578 0.9341957 1.8431944 0.64055204 9.541679 1.0039678 13.875045 -1.0612213611602783 0.5103931427001953
Pedestrian 0.0 0 -2.9674553871154785 1196.8275146484375 152.97738647460938 1230.1407470703125 218.21737670898438 0.6248997 1.8262726 0.673743 17.227148 1.2702218 20.651442 -2.272213935852051 0.4890950322151184
Pedestrian 0.0 0 1.1610805988311768 988.1419067382812 151.52525329589844 1055.3375244140625 274.29669189453125 0.7902205 1.7968265 0.6225096 6.195764 1.4850266 10.9826145 1.6747171878814697 0.4838311970233917
Pedestrian 0.0 0 -1.0851325988769531 1210.5274658203125 139.31983947753906 1242.0 211.4764404296875 0.80997133 1.8220047 0.6506057 16.115326 0.9756019 18.667091 -0.3729669451713562 0.4029146134853363
Pedestrian 0.0 0 -3.6095004081726074 1100.04296875 149.9532928466797 1202.68603515625 306.53533935546875 0.7556662 1.7476956 0.6267907 6.240892 1.4924463 8.42344 -2.9718515872955322 0.3269202709197998
Pedestrian 0.0 0 -1.7718772888183594 587.8428344726562 151.3296661376953 611.4136962890625 203.57672119140625 0.8781846 1.8631527 0.69369096 -0.42670736 1.0959435 26.231157 -1.7881430387496948 0.2264370620250702
Pedestrian 0.0 0 0.3597258925437927 494.5044860839844 133.36366271972656 529.8148193359375 194.25762939453125 0.9514524 1.9025894 0.63495374 -3.1540413 0.6690994 22.956089 0.22318625450134277 0.17109324038028717
Pedestrian 0.0 0 0.919265866279602 1051.753662109375 152.80007934570312 1136.158447265625 277.5044250488281 0.82841593 1.7927969 0.6868986 7.1737247 1.5048519 10.806144 1.5053201913833618 0.14450675249099731
Cyclist 0.0 0 -2.1600019931793213 924.2238159179688 139.8453826904297 1016.661865234375 242.31761169433594 1.8861556 1.7669729 0.5777253 6.5922112 1.1981487 13.411994 -1.7031644582748413 0.24745024740695953
Cyclist 0.0 0 1.9069727659225464 496.0294494628906 132.92665100097656 531.7525024414062 193.70310974121094 1.5847818 1.871958 0.6478498 -3.100455 0.6425257 23.062479 1.7733367681503296 0.1668168008327484
Cyclist 0.0 0 -1.6170947551727295 1087.8902587890625 125.07433319091797 1132.2579345703125 226.5491943359375 0.9797365 1.8616182 0.6503157 9.512008 0.9854288 13.822008 -1.0143468379974365 0.11941548436880112
Car 0.0 0 -1.9432591199874878 758.401611328125 175.7676544189453 1050.7122802734375 345.2113342285156 3.932858 1.4319069 1.5911764 2.8823986 1.4732463 8.15458 -1.6034964323043823 0.9425746202468872
