Pedestrian 0.0 0 -0.3916827440261841 757.9927368164062 167.986083984375 798.3370361328125 227.795166015625 1.0408868 1.8115219 0.65351975 5.1356096 1.6644385 22.259258 -0.16493260860443115 0.2754593789577484
Pedestrian 0.0 0 1.9560303688049316 14.3182954788208 132.50804138183594 87.90314483642578 267.63995361328125 0.6635779 1.833331 0.6190137 -7.9280763 1.2863163 10.189903 1.2948284149169922 0.22940967977046967
Pedestrian 0.0 0 -0.2571379840373993 754.3310546875 156.31532287597656 828.8104858398438 281.97332763671875 0.9074529 1.7553127 0.63332736 2.5485106 1.5246423 10.400649 -0.016838816925883293 0.1973627358675003
Pedestrian 0.0 0 1.8838070631027222 118.2575912475586 179.5184326171875 180.14393615722656 280.34918212890625 1.0200117 1.7575716 0.67714685 -8.477934 1.8855052 13.23018 1.3139246702194214 0.19613327085971832
Pedestrian 0.0 0 1.382248044013977 1188.114990234375 130.08718872070312 1242.0 271.61474609375 1.7208607 1.7104326 0.50718564 8.130819 1.1939317 9.59121 2.0854265689849854 0.17061324417591095
Pedestrian 0.0 0 1.6499017477035522 88.9710464477539 161.27427673339844 145.17030334472656 279.1332702636719 1.6210061 1.7304709 0.6130308 -7.8414245 1.5608087 11.4467325 1.0492894649505615 0.10742823779582977
Cyclist 0.0 0 1.382248044013977 1188.114990234375 130.08718872070312 1242.0 271.61474609375 1.7208607 1.7104326 0.50718564 8.130819 1.1939317 9.59121 2.0854265689849854 0.3516559600830078
Cyclist 0.0 0 1.5298032760620117 0.0 152.06773376464844 39.78784942626953 262.5625915527344 1.5948064 1.6752702 0.5253723 -9.704978 1.3604765 11.7051525 0.8375566005706787 0.21276283264160156
Cyclist 0.0 0 0.038717061281204224 389.2963562011719 166.88636779785156 433.5746154785156 211.90187072753906 1.733038 1.818929 0.6096328 -8.186086 1.5781548 29.647102 -0.23068782687187195 0.20262949168682098
Cyclist 0.0 0 -1.2235043048858643 170.77316284179688 178.0080108642578 206.7650909423828 236.19119262695312 1.7086595 1.7094213 0.4023504 -13.002612 1.8748374 22.22797 -1.7527961730957031 0.18268392980098724
Cyclist 0.0 0 1.6499017477035522 88.9710464477539 161.27427673339844 145.17030334472656 279.1332702636719 1.6210061 1.7304709 0.6130308 -7.8414245 1.5608087 11.4467325 1.0492894649505615 0.18034549057483673
Car 0.0 0 1.8287265300750732 277.552734375 192.40757751464844 447.27520751953125 308.41058349609375 4.0055127 1.4295751 1.5693767 -3.8016589 1.8004245 11.623596 1.5126290321350098 0.9037631750106812
Car 0.0 0 1.801540732383728 391.3077697753906 171.1836700439453 499.0654296875 258.6158447265625 4.0833793 1.8871845 1.6588894 -3.9233298 1.851489 17.622566 1.5824822187423706 0.846569836139679
Car 0.0 0 1.7583602666854858 513.8986206054688 179.69911193847656 563.68359375 213.39353942871094 4.0216904 1.5014311 1.6875956 -3.433513 1.8542583 35.07219 1.6607728004455566 0.7637341618537903
Car 0.0 0 1.9992421865463257 473.2437438964844 183.07676696777344 519.0853881835938 208.22645568847656 3.881264 1.5813271 1.619175 -7.7318654 2.307628 49.148533 1.8432047367095947 0.3467004895210266
