Pedestrian 0.0 0 -1.085303544998169 371.3136291503906 171.6601104736328 392.9194641113281 213.0157012939453 0.7115664 1.7825785 0.6432607 -9.751428 1.403021 30.878963 -1.3911876678466797 0.44353240728378296
Pedestrian 0.0 0 2.0843284130096436 299.35430908203125 153.70062255859375 368.64532470703125 271.05364990234375 0.9507162 1.7581699 0.63336897 -4.283185 1.3583258 11.1041765 1.716186285018921 0.39213234186172485
Pedestrian 0.0 0 0.5725879669189453 299.1852722167969 155.00128173828125 324.69378662109375 202.66107177734375 0.74688375 1.8393462 0.54130214 -11.469071 0.85677224 27.61515 0.17894649505615234 0.24626192450523376
Pedestrian 0.0 0 -1.2589302062988281 357.7490234375 163.794677734375 383.7425231933594 218.11476135253906 0.85397017 1.7290126 0.5673938 -7.6214104 1.1988302 22.929987 -1.5798202753067017 0.2440638691186905
Pedestrian 0.0 0 0.4838862717151642 726.711181640625 118.00692749023438 791.6646728515625 244.13253784179688 0.7839729 1.831738 0.5822071 2.2950225 0.92580765 10.738127 0.6944448947906494 0.2196889966726303
Pedestrian 0.0 0 -0.29937097430229187 803.40087890625 112.18203735351562 900.7881469726562 280.5633850097656 0.8705392 1.7876781 0.6193187 2.6634402 1.0640471 7.823695 0.02875518798828125 0.1806962937116623
Pedestrian 0.0 0 -0.3477860987186432 885.4454345703125 113.84404754638672 994.3253784179688 292.8582458496094 0.91042984 1.841962 0.5870514 3.5268204 1.1577995 7.601981 0.08659505844116211 0.1691555231809616
Pedestrian 0.0 0 -3.4748754501342773 1006.5084228515625 73.75234985351562 1102.99072265625 235.83038330078125 0.8064933 1.8400036 0.625852 5.280978 0.62982774 8.417511 -2.9145665168762207 0.158723384141922
Cyclist 0.0 0 0.23988808691501617 350.0464782714844 165.32733154296875 392.2958068847656 219.07269287109375 1.1848984 1.7126874 0.62657905 -7.590329 1.230734 22.886187 -0.08035163581371307 0.11403053253889084
Car 0.0 0 -1.6123781204223633 538.005859375 161.8791961669922 580.5675659179688 203.44473266601562 3.5667057 1.6232753 1.6105626 -1.9784266 0.8975716 29.467842 -1.6794160604476929 0.7974352240562439
Car 0.0 0 -1.5900366306304932 530.8287963867188 167.1172332763672 567.2750854492188 203.25428771972656 4.1222777 1.6569834 1.6708148 -2.7936695 1.0448037 34.549385 -1.6707212924957275 0.35752835869789124
Car 0.0 0 1.6823276281356812 401.9815673828125 178.91920471191406 448.71148681640625 213.95240783691406 3.9557557 1.4533234 1.5806637 -7.9292765 1.3892304 31.393078 1.4349218606948853 0.3059491813182831
Car 0.0 0 -1.4143954515457153 382.7015686035156 170.23036193847656 424.1455993652344 201.68521118164062 3.9442945 1.6309568 1.5881914 -10.9872055 1.0998865 38.70914 -1.690961480140686 0.262488454580307
Car 0.0 0 -1.4484131336212158 426.8963623046875 175.70602416992188 463.14227294921875 204.17742919921875 3.7928555 1.5434211 1.5648464 -9.074745 1.2849435 40.288383 -1.6699604988098145 0.19235101342201233
