Cyclist 0.0 0 -0.7229209542274475 0.0 186.46746826171875 70.24992370605469 274.1993408203125 1.3970757 1.5955032 0.41257426 -11.385005 1.8749593 14.066806 -1.4033386707305908 0.2770478427410126
Car 0.0 0 1.7970991134643555 454.2300720214844 185.37185668945312 538.4680786132812 239.494140625 4.169174 1.4171112 1.6366304 -3.397054 1.8366089 22.017902 1.6440200805664062 0.919203519821167
Car 0.0 0 1.4451842308044434 684.966552734375 178.3087158203125 787.2008056640625 261.07830810546875 3.85834 1.5101688 1.6306385 2.4983835 1.6415877 15.376825 1.6062538623809814 0.9099909663200378
Car 0.0 0 2.1895222663879395 0.0 202.25 337.1859436035156 375.0 4.0070915 1.4428961 1.593546 -3.5723577 1.7346679 5.137825 1.581954002380371 0.8626989722251892
Car 0.0 0 -1.6952499151229858 657.4628295898438 184.6342315673828 722.7265625 237.98362731933594 3.5234036 1.4570957 1.556117 2.3466399 1.8500171 22.265177 -1.5902425050735474 0.799120306968689
Car 0.0 0 1.5487326383590698 649.2528076171875 181.09078979492188 693.2029418945312 224.77633666992188 3.8197982 1.5022266 1.5538357 2.2392013 1.8388083 27.497755 1.6299854516983032 0.5811383128166199
Car 0.0 0 1.734303593635559 517.0935668945312 183.2381134033203 556.3442993164062 214.76609802246094 3.3853586 1.4854609 1.4655106 -3.7376134 2.0414646 36.87106 1.6332788467407227 0.5056719183921814
Car 0.0 0 1.7811696529388428 482.2424011230469 183.65985107421875 542.6403198242188 226.99700927734375 3.796886 1.520033 1.5824808 -3.7836719 1.9725137 28.232998 1.6479475498199463 0.40938234329223633
Car 0.0 0 1.7869702577590942 488.5563049316406 170.46466064453125 522.2500610351562 194.0552978515625 4.0952897 1.6779548 1.6295493 -7.7252955 1.5083623 53.420128 1.6433519124984741 0.3015139102935791
Car 0.0 0 1.7259294986724854 630.5242919921875 176.1427764892578 654.7857055664062 194.7175750732422 3.6843133 1.5185343 1.5210952 2.7951415 1.8087521 61.634296 1.7712488174438477 0.29763972759246826
