Pedestrian 0.0 0 1.4192206859588623 1146.39599609375 170.00587463378906 1179.7674560546875 231.3156280517578 0.89717025 1.7458168 0.64433694 16.109747 1.6650735 21.091467 2.071497917175293 0.5354179739952087
Pedestrian 0.0 0 -1.9450446367263794 863.5401611328125 166.684326171875 888.7303466796875 217.1955108642578 0.582654 1.7861692 0.678692 9.472248 1.5683566 25.811064 -1.5933201313018799 0.3264021873474121
Car 0.0 0 -1.294162392616272 828.9390258789062 174.6568603515625 925.2393188476562 230.9503631591797 3.908051 1.4639237 1.6134255 7.780662 1.5217537 20.945509 -0.9384887218475342 0.9353655576705933
Car 0.0 0 -1.2563390731811523 873.442138671875 175.6072235107422 962.3450317382812 223.77713012695312 4.2222333 1.5179185 1.6165093 10.731531 1.6221488 25.097918 -0.8522796630859375 0.8555049300193787
Car 0.0 0 -1.4694905281066895 1037.2509765625 170.43557739257812 1145.4117431640625 247.11981201171875 3.6250865 1.4769751 1.6110957 10.56123 1.430753 15.80489 -0.8804094791412354 0.8374020457267761
Car 0.0 0 1.441329002380371 1038.0557861328125 176.97084045410156 1242.0 375.0 3.3114078 1.4402937 1.4485984 4.103356 1.4823563 5.508182 2.081594467163086 0.807552695274353
Car 0.0 0 1.753788948059082 965.2809448242188 169.99203491210938 995.49560546875 189.53944396972656 3.8624551 1.5635921 1.548839 30.653675 1.3350203 59.71485 2.2280468940734863 0.6269485950469971
Car 0.0 0 1.4442808628082275 1016.2420654296875 174.0931396484375 1044.7261962890625 193.15086364746094 3.7987015 1.4981738 1.5416751 34.34076 1.6034403 59.03517 1.9711358547210693 0.4572453200817108
Car 0.0 0 1.7537318468093872 985.1112060546875 171.7742919921875 1025.135498046875 196.9246826171875 3.9353523 1.5901145 1.6312441 26.096045 1.5222079 47.65642 2.254720687866211 0.38213667273521423
Car 0.0 0 -1.5867483615875244 1204.926025390625 149.4828643798828 1242.0 212.42466735839844 3.734256 1.4922234 1.5395617 16.671946 0.93849874 19.02519 -0.8671774864196777 0.3274906873703003
