Pedestrian 0.0 0 2.411641836166382 428.5610656738281 175.7691192626953 473.42791748046875 251.7245330810547 0.853644 1.7540919 0.61608696 -3.6142492 1.6229525 17.112755 2.203498601913452 0.6970553398132324
Pedestrian 0.0 0 -2.0790417194366455 758.5030517578125 163.81666564941406 791.036376953125 228.58763122558594 0.7586845 1.7469438 0.57437587 4.744435 1.2711655 19.814426 -1.8440229892730713 0.645027220249176
Pedestrian 0.0 0 1.844599723815918 401.6767883300781 178.22669982910156 432.0368347167969 246.96876525878906 0.80681354 1.661283 0.53097975 -4.5912347 1.5833721 17.766191 1.5917071104049683 0.5926704406738281
Pedestrian 0.0 0 1.3913142681121826 1027.4642333984375 131.64041137695312 1102.0899658203125 288.9498596191406 0.9038393 1.8138207 0.61232215 5.6122956 1.2402749 8.814087 1.9583125114440918 0.5674155354499817
Pedestrian 0.0 0 -0.561490535736084 288.3160095214844 172.39524841308594 317.7966003417969 224.47328186035156 0.75701684 1.7547097 0.5534075 -10.269034 1.4490142 24.66967 -0.9559364318847656 0.5483391284942627
Pedestrian 0.0 0 1.4047253131866455 773.9872436523438 162.05517578125 806.5621337890625 239.94090270996094 0.91797537 1.8302164 0.61496705 4.519367 1.3744903 17.361744 1.6593799591064453 0.5283164381980896
Pedestrian 0.0 0 1.0826917886734009 79.74930572509766 176.1444091796875 143.77981567382812 284.23638916015625 0.6341027 1.6581584 0.6169172 -7.8356504 1.5773045 11.437117 0.48203110694885254 0.5044599175453186
Pedestrian 0.0 0 -1.2588244676589966 621.5079345703125 173.32473754882812 651.9884033203125 232.4672393798828 0.94100803 1.6988077 0.6417372 1.0195642 1.4651209 21.184214 -1.2107330560684204 0.4995838403701782
Pedestrian 0.0 0 0.7868996262550354 742.3853759765625 171.94229125976562 780.79345703125 241.6413116455078 0.81076306 1.7210531 0.5332019 4.0242434 1.4862367 18.22011 1.0042779445648193 0.485607773065567
Pedestrian 0.0 0 -0.3542584180831909 725.133056640625 166.8089141845703 770.3643798828125 245.6333770751953 0.85064566 1.7791861 0.64832914 3.3375902 1.4488006 16.597527 -0.15581537783145905 0.48443403840065
Pedestrian 0.0 0 2.1432456970214844 681.0556640625 170.22406005859375 737.18115234375 268.83642578125 0.7205562 1.6594384 0.6937465 1.8472098 1.4709723 12.584989 2.2889838218688965 0.4659736156463623
Pedestrian 0.0 0 -1.7098115682601929 722.9317626953125 169.56748962402344 741.07666015625 213.4778289794922 0.81124115 1.7086354 0.5966164 5.132803 1.2453332 28.366394 -1.5308018922805786 0.41871148347854614
Pedestrian 0.0 0 1.3379368782043457 476.64849853515625 149.82749938964844 495.49371337890625 193.94989013671875 0.7255736 1.9260572 0.67414385 -5.126617 0.5444268 31.818733 1.1781903505325317 0.32531675696372986
Pedestrian 0.0 0 2.101440906524658 1178.589599609375 156.5360870361328 1238.0 278.4159240722656 0.64288735 1.6628561 0.50987166 8.603835 1.3235861 10.144751 2.804835081100464 0.31396299600601196
Pedestrian 0.0 0 -0.28743794560432434 533.638427734375 179.94467163085938 557.2283325195312 219.9971160888672 0.90715855 1.7875885 0.6874607 -2.5520813 1.7191173 32.540737 -0.3657050132751465 0.3037143051624298
Cyclist 0.0 0 0.7487854361534119 178.45680236816406 190.9759063720703 284.1724548339844 285.7619323730469 1.8457906 1.7125775 0.63301975 -7.0640645 1.9010502 13.63826 0.2708737850189209 0.5404910445213318
Cyclist 0.0 0 -0.262087881565094 531.8060302734375 180.6904296875 556.3907470703125 219.97056579589844 0.9573643 1.7516857 0.7117155 -2.611879 1.7165287 32.527176 -0.34221431612968445 0.14771044254302979
Cyclist 0.0 0 1.3913142681121826 1027.4642333984375 131.64041137695312 1102.0899658203125 288.9498596191406 0.9038393 1.8138207 0.61232215 5.6122956 1.2402749 8.814087 1.9583125114440918 0.14455045759677887
Cyclist 0.0 0 -1.2552454471588135 621.1161499023438 172.62831115722656 651.7042236328125 232.92868041992188 0.9941026 1.7269008 0.62348795 1.0082027 1.4739709 21.144669 -1.2076003551483154 0.12861128151416779
Car 0.0 0 1.675933599472046 548.8255615234375 178.9259033203125 587.9210815429688 209.2107696533203 4.080071 1.4945819 1.6222476 -1.6786318 1.3684359 37.533108 1.6312392950057983 0.8321965932846069
Car 0.0 0 0.5629161596298218 0.0 0.0 1238.0 374.0 3.8044603 1.4739931 1.5790509 2.0359848 1.5953919 1.2778281 1.5732301473617554 0.32497087121009827
