Car 0.0 0 -1.9917757511138916 357.794189453125 195.0034942626953 491.8835754394531 270.9762878417969 3.7594163 1.4302822 1.5823765 -4.4210095 2.002977 16.682503 -2.2508296966552734 0.9147435426712036
Car 0.0 0 1.3001291751861572 854.6641845703125 173.5102081298828 985.9037475585938 243.16403198242188 4.243696 1.4422905 1.7557617 7.1441097 1.4603009 17.193142 1.6939436197280884 0.913296103477478
Car 0.0 0 -1.7230794429779053 256.46612548828125 185.17640686035156 316.3507385253906 226.83811950683594 4.2311373 1.4963756 1.5927631 -13.29574 2.037028 29.426521 -2.1474528312683105 0.8674859404563904
Car 0.0 0 1.5339009761810303 773.5057983398438 170.66567993164062 839.6936645507812 232.70291137695312 3.5342267 1.4405501 1.495108 4.944671 1.3900939 18.640368 1.7931959629058838 0.8552312850952148
Car 0.0 0 -2.7882542610168457 362.0188903808594 181.60890197753906 451.9814453125 211.2746124267578 4.241618 1.4968176 1.6849121 -10.6881275 1.9705815 38.005573 -3.062398910522461 0.7424831986427307
Car 0.0 0 -2.2752065658569336 495.2888488769531 152.3626708984375 785.89697265625 303.9059143066406 4.389149 1.7288486 1.721039 0.15968251 1.4954354 10.4696865 -2.259955883026123 0.7233947515487671
Car 0.0 0 0.46151119470596313 943.6524047851562 161.2108154296875 1133.906494140625 223.1310272216797 4.114731 1.4864496 1.6384029 11.367013 1.2073028 19.487707 0.9895544052124023 0.7029600143432617
Car 0.0 0 -1.785244345664978 229.82504272460938 183.47891235351562 287.460205078125 219.6529083251953 4.180886 1.5366195 1.5815325 -16.656458 2.069457 34.0281 -2.2404496669769287 0.7008466720581055
Car 0.0 0 1.5559834241867065 33.155731201171875 189.3898162841797 73.60469818115234 223.33355712890625 3.665609 1.5816218 1.5986181 -28.938208 2.4841259 37.430836 0.8978543281555176 0.6980521082878113
Car 0.0 0 -2.8875229358673096 439.1496887207031 174.41259765625 529.55419921875 208.87339782714844 3.7837992 1.525266 1.6350214 -5.743663 1.5989856 32.990013 -3.0598981380462646 0.6877850890159607
