Pedestrian 0.0 0 -1.7354991436004639 927.5921630859375 160.32672119140625 955.1083984375 221.2878875732422 1.0691123 1.8600446 0.61402684 10.326491 1.4781709 22.608892 -1.3070504665374756 0.6338576078414917
Pedestrian 0.0 0 2.336371660232544 274.9921569824219 165.5162811279297 306.06280517578125 220.8412322998047 0.7620442 1.8634965 0.6208107 -11.005417 1.6167002 24.764574 1.9181830883026123 0.3140111565589905
Pedestrian 0.0 0 1.564666748046875 269.2406921386719 171.39979553222656 291.54669189453125 228.46566772460938 0.7268811 1.8209368 0.65146226 -10.777582 1.7748923 23.48812 1.1344754695892334 0.2633606195449829
Pedestrian 0.0 0 -0.7318065166473389 4.450449466705322 150.0078582763672 36.49863815307617 202.75982666015625 0.65115887 1.9016289 0.6332668 -21.591507 1.0784178 26.377644 -1.4177584648132324 0.24278026819229126
Pedestrian 0.0 0 -0.8973276019096375 20.163589477539062 159.55392456054688 71.29669189453125 222.63702392578125 1.1086895 1.8583921 0.67434555 -17.085915 1.4669378 21.810675 -1.5618481636047363 0.20962704718112946
Pedestrian 0.0 0 -1.2086032629013062 554.844970703125 180.89407348632812 578.0913696289062 218.43675231933594 1.6523032 1.6850202 0.5324184 -2.0564992 2.0697248 33.621574 -1.2696932554244995 0.10989869385957718
Cyclist 0.0 0 -1.206640362739563 555.3014526367188 180.9643096923828 577.68896484375 218.3717041015625 1.6285232 1.6789601 0.49524868 -2.0546117 2.0666146 33.602207 -1.267709493637085 0.22693116962909698
Cyclist 0.0 0 2.677863121032715 648.3800048828125 175.5696258544922 689.2501831054688 213.67645263671875 1.6780094 1.6799042 0.75538486 2.6136892 1.8053348 32.564526 2.757953405380249 0.16365040838718414
Cyclist 0.0 0 1.4214752912521362 928.8214111328125 159.83973693847656 957.1646118164062 221.7381591796875 1.0648503 1.8820179 0.6500938 10.344412 1.4866782 22.537247 1.8517816066741943 0.1527819037437439
Car 0.0 0 1.825750708580017 441.8441467285156 181.26156616210938 566.0692749023438 267.86358642578125 3.658477 1.4534535 1.5596865 -2.0168228 1.643674 14.384212 1.6864479780197144 0.943198561668396
Car 0.0 0 1.9820621013641357 682.283203125 172.51123046875 726.6693115234375 196.299072265625 4.1414 1.6446837 1.660907 6.8338 1.621342 52.086533 2.112517833709717 0.39992791414260864
Car 0.0 0 3.4428670406341553 70.63108825683594 156.24185180664062 238.63894653320312 218.6077117919922 3.6091208 1.6154605 1.6085141 -12.480421 1.185515 19.925737 2.8832998275756836 0.3786942660808563
Car 0.0 0 1.6584417819976807 519.9255981445312 179.0026092529297 561.710205078125 213.5860595703125 3.7887988 1.4271424 1.5398587 -3.0869515 1.7193735 32.348434 1.563301682472229 0.2564754784107208
