Pedestrian 0.0 0 -1.1085127592086792 950.2184448242188 179.85572814941406 1087.2462158203125 374.0 0.7910118 1.4476007 0.6340929 3.1747832 1.437381 5.558558 -0.589574933052063 0.7653087973594666
Pedestrian 0.0 0 -1.0213454961776733 151.1737060546875 172.09426879882812 185.06175231933594 231.71884155273438 0.737749 1.8211068 0.60635614 -13.476997 1.5349455 22.308105 -1.5647963285446167 0.49309900403022766
Pedestrian 0.0 0 1.2681119441986084 706.656982421875 163.2110137939453 730.1028442382812 213.16436767578125 0.74243367 1.8693962 0.6880218 4.4189496 1.1860031 27.295738 1.4286110401153564 0.47624218463897705
Pedestrian 0.0 0 -1.7111332416534424 1151.32763671875 84.7808837890625 1238.0 288.2392883300781 0.76172566 1.8080323 0.6251505 5.652893 0.9499194 6.8688216 -1.0225372314453125 0.43137216567993164
Pedestrian 0.0 0 -1.9481128454208374 755.0416259765625 162.05322265625 771.4473876953125 203.1071014404297 0.6805903 1.8610995 0.5186409 7.4049487 0.98045415 32.938225 -1.7269761562347412 0.3282797932624817
Pedestrian 0.0 0 -1.0215137004852295 958.8196411132812 159.00607299804688 979.7322998046875 202.82565307617188 0.66892534 1.9578145 0.5783043 16.636932 0.9537533 32.512993 -0.5485491752624512 0.2927907109260559
Pedestrian 0.0 0 -1.9397648572921753 1129.010498046875 148.69081115722656 1159.4993896484375 206.97268676757812 0.6287629 1.8312168 0.5888913 17.310328 0.80145854 22.950443 -1.2935504913330078 0.28209614753723145
Pedestrian 0.0 0 1.3346062898635864 583.2854614257812 134.0804443359375 618.3423461914062 223.7392578125 0.7691296 1.8544797 0.5801498 -0.058152072 0.8749031 15.297733 1.3308049440383911 0.2032851278781891
Pedestrian 0.0 0 -0.49018892645835876 832.2373657226562 160.3249969482422 855.26806640625 198.6266326904297 0.8865993 1.8302238 0.5752161 11.6866665 0.8192941 34.67924 -0.16514816880226135 0.1797419935464859
Pedestrian 0.0 0 0.9975193738937378 479.3926086425781 147.99713134765625 501.1033020019531 201.62847900390625 0.4593782 1.8262273 0.58606416 -3.8660657 0.6864795 24.824186 0.8430225849151611 0.17404945194721222
Pedestrian 0.0 0 -0.9166279435157776 1130.645751953125 169.66798400878906 1176.138427734375 230.54368591308594 0.9014851 1.6856799 0.59298974 15.558295 1.359197 20.291765 -0.26250559091567993 0.170249342918396
Pedestrian 0.0 0 -0.47640156745910645 708.134033203125 157.033203125 754.1602783203125 206.04705810546875 1.5652694 1.7856047 0.6384051 4.798871 0.8953094 26.702072 -0.2985807955265045 0.12665092945098877
Cyclist 0.0 0 2.47748064994812 707.7173461914062 161.73561096191406 757.067626953125 211.8519744873047 1.7630002 1.8000519 0.65466386 4.8142715 1.0912167 26.498312 2.6572024822235107 0.40043672919273376
Cyclist 0.0 0 1.6234197616577148 962.0587158203125 175.6720428466797 1063.977294921875 374.0 0.933169 1.5850492 0.6278528 3.107482 1.5464653 5.4885693 2.1385953426361084 0.15459945797920227
Car 0.0 0 -0.9637176990509033 995.4793701171875 183.90625 1220.5821533203125 279.35205078125 3.287794 1.4492207 1.5485992 8.584333 1.4959083 12.264236 -0.35302627086639404 0.7972843647003174
Car 0.0 0 2.1545639038085938 1032.9156494140625 175.45558166503906 1170.1263427734375 233.05184936523438 3.4261112 1.5235091 1.5653538 14.137658 1.3647922 20.360825 2.7614917755126953 0.35563376545906067
