Pedestrian 0.0 0 -2.773867607116699 518.1102905273438 154.3487548828125 605.8803100585938 300.80169677734375 0.87534314 1.6263663 0.57834435 -0.5429574 1.3376422 8.253104 -2.8395612239837646 0.7245572209358215
Pedestrian 0.0 0 1.4645538330078125 840.347900390625 173.1614990234375 869.1989135742188 240.6376190185547 0.891747 1.6515665 0.5907988 6.243191 1.4735456 17.802652 1.8018420934677124 0.27959582209587097
Pedestrian 0.0 0 3.576475143432617 51.771480560302734 187.4775848388672 100.9337158203125 252.0758514404297 0.93312293 1.8112109 0.6833658 -15.232757 2.017831 20.342867 2.933742046356201 0.20634399354457855
Pedestrian 0.0 0 -2.928954601287842 564.5137329101562 155.76248168945312 614.97412109375 246.27200317382812 0.9622907 1.8486431 0.5539721 -0.35416293 1.345008 14.798718 -2.9528820514678955 0.19171921908855438
Pedestrian 0.0 0 -3.3790082931518555 823.3346557617188 187.36636352539062 881.21435546875 278.218994140625 0.93634635 1.7343653 0.7029884 4.820751 1.8753101 13.946557 -3.046205997467041 0.17022426426410675
Pedestrian 0.0 0 3.0470521450042725 518.2817993164062 169.8304901123047 559.9241943359375 258.74945068359375 0.8207205 1.8281004 0.5767701 -1.4355825 1.6103684 14.892287 2.950951337814331 0.14595328271389008
Pedestrian 0.0 0 1.001680850982666 1160.0615234375 147.39466857910156 1224.0 258.4638977050781 1.0875345 1.812814 0.55810916 10.1256895 1.2741386 12.1099 1.6980788707733154 0.1326671689748764
Pedestrian 0.0 0 1.624626874923706 855.00341796875 153.2666473388672 893.8790893554688 261.6971435546875 1.6681423 1.7238655 0.5378746 4.5890775 1.2925556 12.107535 1.9869229793548584 0.10931102186441422
Cyclist 0.0 0 1.6138771772384644 855.8666381835938 153.36561584472656 893.67822265625 260.8501892089844 1.6128018 1.710019 0.5399366 4.5875006 1.2799813 12.091265 1.976505160331726 0.25061583518981934
Cyclist 0.0 0 -0.019140811637043953 567.0908203125 158.27687072753906 638.692138671875 229.013427734375 1.7701417 1.7461327 0.63093305 -0.09652246 1.1991515 17.78565 -0.0245677437633276 0.17662429809570312
Cyclist 0.0 0 -1.2740283012390137 1145.69384765625 193.21051025390625 1224.0 370.0 1.5372859 1.6246738 0.5311145 5.609327 1.7556767 6.5518312 -0.5659767985343933 0.14250601828098297
Cyclist 0.0 0 1.4645538330078125 840.347900390625 173.1614990234375 869.1989135742188 240.6376190185547 0.891747 1.6515665 0.5907988 6.243191 1.4735456 17.802652 1.8018420934677124 0.1287258118391037
Cyclist 0.0 0 1.001680850982666 1160.0615234375 147.39466857910156 1224.0 258.4638977050781 1.0875345 1.812814 0.55810916 10.1256895 1.2741386 12.1099 1.6980788707733154 0.10918127745389938
Car 0.0 0 -1.4611608982086182 541.27587890625 142.7307586669922 621.423583984375 211.901611328125 4.5471053 1.7487379 1.789725 -0.5859732 0.7954705 20.208487 -1.4901491403579712 0.2231142669916153
Car 0.0 0 -2.6175055503845215 284.86920166015625 194.63990783691406 451.2699890136719 257.6003112792969 3.931675 1.533812 1.6612562 -6.344315 1.938964 18.968647 -2.940272569656372 0.21513916552066803
Car 0.0 0 -0.5652481317520142 1168.20556640625 189.37107849121094 1224.0 370.0 3.5383458 1.4737458 1.5924168 7.364149 1.569438 6.1947904 0.3061797618865967 0.16385386884212494
Car 0.0 0 -1.7387335300445557 670.135009765625 175.71876525878906 724.3555297851562 215.9490203857422 3.6150098 1.5021304 1.5497563 3.5922897 1.3251199 28.233078 -1.6121766567230225 0.14933833479881287
