Pedestrian 0.0 0 -0.8802050352096558 1093.5057373046875 181.92039489746094 1129.6357421875 234.99398803710938 0.8119262 1.6455358 0.5493729 15.850475 1.9380105 22.870619 -0.27415895462036133 0.3221765160560608
Pedestrian 0.0 0 -1.6433831453323364 862.8858032226562 152.26780700683594 876.4249877929688 189.40048217773438 0.40567383 1.9743328 0.65401495 13.868818 0.88012964 38.644417 -1.2988169193267822 0.18208205699920654
Pedestrian 0.0 0 -1.7124310731887817 1078.0687255859375 134.85423278808594 1100.5146484375 183.3804168701172 0.6970295 1.9658307 0.67659825 19.673128 0.42679092 29.687246 -1.1271939277648926 0.15968447923660278
Pedestrian 0.0 0 3.488252878189087 269.83966064453125 175.96987915039062 283.6731872558594 200.7875213623047 0.7852289 1.7889818 0.5105677 -24.213535 2.0167496 52.36996 3.0551717281341553 0.150417760014534
Pedestrian 0.0 0 -1.6769509315490723 1096.1982421875 138.58644104003906 1120.563720703125 194.0413360595703 0.58543295 1.9523102 0.6579015 17.780676 0.74626565 25.813408 -1.0737707614898682 0.14124801754951477
Pedestrian 0.0 0 -1.7643439769744873 1177.4549560546875 163.68505859375 1205.50927734375 214.39512634277344 0.83018494 1.8251485 0.6531324 21.293373 1.4955 26.48606 -1.0872013568878174 0.14010408520698547
Cyclist 0.0 0 -1.6593642234802246 1101.578857421875 181.93051147460938 1127.45361328125 238.0623321533203 0.91375476 1.7156874 0.5888348 15.867285 2.0093358 22.769596 -1.0507469177246094 0.10861581563949585
Car 0.0 0 2.125523090362549 119.42610931396484 196.02102661132812 217.33648681640625 236.66700744628906 3.845496 1.4301239 1.6321906 -17.9765 2.4400775 29.512234 1.5784245729446411 0.8529321551322937
Car 0.0 0 -1.6244462728500366 591.5692749023438 176.8956298828125 616.0426635742188 198.22738647460938 4.0900927 1.5335802 1.6334432 -0.530212 1.8523829 54.755577 -1.6341291666030884 0.711148738861084
Car 0.0 0 2.0383644104003906 437.8057556152344 182.73556518554688 473.1257629394531 200.3789520263672 3.9880307 1.5234724 1.5703644 -14.286764 2.4680178 66.81245 1.8277032375335693 0.239071786403656
Car 0.0 0 1.2428529262542725 993.600341796875 183.49871826171875 1058.2855224609375 218.0440673828125 3.6978035 1.4941454 1.5516298 19.69246 2.030676 34.37787 1.7630501985549927 0.17305651307106018
Car 0.0 0 2.0315420627593994 160.3819580078125 183.31871032714844 225.0156707763672 212.6949462890625 3.9524827 1.5161705 1.5608333 -23.484064 2.1361475 40.698574 1.5081878900527954 0.15230384469032288
