Pedestrian 0.0 0 1.3504410982131958 1166.0289306640625 137.62808227539062 1208.1107177734375 221.52114868164062 0.74479717 1.7861638 0.5697453 12.590215 1.0365283 15.818897 2.0226752758026123 0.31811419129371643
Pedestrian 0.0 0 1.1478917598724365 997.7449340820312 159.9285888671875 1019.6914672851562 201.07858276367188 0.8473997 1.907169 0.6068306 18.680271 1.3084761 33.885025 1.6517202854156494 0.3011696934700012
Pedestrian 0.0 0 1.9923310279846191 790.0728759765625 138.5015106201172 815.7298583984375 194.92726135253906 0.5851545 1.8386006 0.6394273 6.3554015 0.7196026 23.936747 2.2518515586853027 0.24188540875911713
Pedestrian 0.0 0 -0.9712178111076355 886.76904296875 171.30487060546875 899.817138671875 197.05519104003906 0.6938786 1.7734238 0.547613 19.646385 1.6670921 50.111115 -0.5975780487060547 0.23319318890571594
Pedestrian 0.0 0 2.3890597820281982 1180.592529296875 118.39595031738281 1242.0 230.4383544921875 1.0613663 1.8139101 0.6397226 10.235809 0.9326196 12.023161 3.094331741333008 0.20847535133361816
Cyclist 0.0 0 1.2961617708206177 630.3875732421875 179.02212524414062 644.7080078125 204.0607452392578 1.5220886 1.6509035 0.57435554 1.8256164 2.0751514 48.776215 1.3335727453231812 0.5345228910446167
Car 0.0 0 -1.540047526359558 578.4481811523438 182.6026611328125 605.308349609375 207.50828552246094 3.9006548 1.4904559 1.6194448 -1.1671479 2.1477158 46.662384 -1.5650548934936523 0.6339982151985168
Car 0.0 0 1.857709288597107 656.2373046875 174.1905517578125 690.1909790039062 199.87306213378906 3.9072793 1.9370188 1.6223484 4.98291 2.0464227 56.751945 1.9452862739562988 0.3221682906150818
Car 0.0 0 1.8023138046264648 373.48126220703125 182.8431396484375 445.4725341796875 229.84129333496094 4.2017875 1.4981319 1.5748994 -7.1728225 1.8883804 26.031063 1.5334376096725464 0.28689268231391907
Car 0.0 0 1.9242857694625854 271.0340881347656 196.24676513671875 392.9527587890625 266.82952880859375 4.0599704 1.4609269 1.5632063 -6.93558 2.1212852 18.318108 1.5623462200164795 0.219137504696846
Car 0.0 0 2.168991804122925 0.0 195.032958984375 272.0452880859375 330.31683349609375 4.126591 1.4968263 1.5879139 -6.894629 1.8917457 10.748726 1.5986599922180176 0.20607058703899384
Car 0.0 0 -1.5581154823303223 894.513916015625 166.841552734375 913.85791015625 184.4144744873047 3.893213 1.5293474 1.5633585 26.457497 1.0064492 64.88911 -1.1709595918655396 0.17645809054374695
