Pedestrian 0.0 0 -1.11287260055542 166.15023803710938 168.59776306152344 278.84307861328125 362.1136779785156 0.83500636 1.620835 0.58753824 -3.415599 1.5141567 6.440006 -1.6005215644836426 0.7850512862205505
Pedestrian 0.0 0 -3.039611577987671 738.499267578125 173.63661193847656 778.8074340820312 256.6066589355469 0.77959096 1.7155111 0.61794215 3.3087525 1.5541629 15.264531 -2.826153039932251 0.7615487575531006
Pedestrian 0.0 0 -2.403693675994873 1066.62841796875 156.4139404296875 1205.06494140625 344.3734436035156 0.8050117 1.5678638 0.5937849 4.71271 1.3599962 6.4431324 -1.7721827030181885 0.748706579208374
Pedestrian 0.0 0 1.631438970565796 471.93707275390625 177.78073120117188 491.9310607910156 228.40113830566406 0.91413367 1.837163 0.67697364 -4.432823 1.7032273 26.557823 1.466051459312439 0.7123549580574036
Pedestrian 0.0 0 -0.8560124635696411 1145.2130126953125 154.30076599121094 1221.20361328125 248.88156127929688 1.0666221 1.7540549 0.56559813 11.041395 1.2508929 13.691778 -0.1773659735918045 0.698483407497406
Pedestrian 0.0 0 -1.6593940258026123 857.5648193359375 173.86083984375 951.9818725585938 374.0 0.8600325 1.5314251 0.6180206 2.3666759 1.4764377 5.801542 -1.2720624208450317 0.6486449241638184
Pedestrian 0.0 0 -1.6739510297775269 763.6158447265625 187.83778381347656 849.6550903320312 374.0 0.7414734 1.4357271 0.5752658 1.5558636 1.4911577 5.7104964 -1.407950758934021 0.6327845454216003
Pedestrian 0.0 0 -2.1391255855560303 317.1880798339844 184.93165588378906 379.20599365234375 280.96490478515625 0.842338 1.6538886 0.7120999 -4.604979 1.7195878 12.94659 -2.480860948562622 0.6312785744667053
Pedestrian 0.0 0 -1.2092859745025635 848.0079345703125 153.49456787109375 878.7312622070312 214.0754852294922 0.91250056 1.7527745 0.571831 7.7472963 0.9436365 21.31317 -0.8606370687484741 0.5353677272796631
Pedestrian 0.0 0 1.9039349555969238 574.7874145507812 183.58680725097656 596.7341918945312 224.5749969482422 0.88786423 1.7142198 0.6837661 -0.67852217 1.8056731 30.620413 1.881779432296753 0.509722888469696
Pedestrian 0.0 0 -0.18307891488075256 756.5083618164062 171.7362518310547 789.7408447265625 244.2803955078125 0.6479191 1.6170553 0.516241 3.8501048 1.400633 16.283241 0.049102783203125 0.48831629753112793
Pedestrian 0.0 0 -1.8251953125 897.2940063476562 193.18002319335938 961.5519409179688 313.6256408691406 0.65178317 1.4605708 0.59638405 4.1166134 1.616777 9.151361 -1.4024776220321655 0.4822305142879486
Pedestrian 0.0 0 -1.4610337018966675 465.6048278808594 176.6904296875 484.4516296386719 222.5361328125 0.8341144 1.7444566 0.6316182 -4.9003 1.5624752 27.767138 -1.6357134580612183 0.4259755611419678
Pedestrian 0.0 0 1.4089635610580444 565.1309204101562 177.07412719726562 580.8888549804688 218.3762969970703 0.9302506 1.7896756 0.54911804 -1.2700042 1.5988584 31.634506 1.368838906288147 0.3721338212490082
Cyclist 0.0 0 2.111588954925537 879.2275390625 164.3759765625 943.6907348632812 235.3133544921875 1.752671 1.6104399 0.58933955 7.3396645 1.2228984 17.056194 2.5179591178894043 0.5215137004852295
Cyclist 0.0 0 1.8103400468826294 575.9921875 180.79579162597656 596.0001220703125 222.4507598876953 0.92557144 1.7555984 0.6581583 -0.67155063 1.7268946 30.795418 1.7885366678237915 0.19015532732009888
Cyclist 0.0 0 -1.4654579162597656 849.4241943359375 152.93820190429688 874.716796875 215.57925415039062 0.9401987 1.8112975 0.61206216 7.714726 0.9865554 21.324986 -1.1183369159698486 0.14239658415317535
Cyclist 0.0 0 -1.8251953125 897.2940063476562 193.18002319335938 961.5519409179688 313.6256408691406 0.65178317 1.4605708 0.59638405 4.1166134 1.616777 9.151361 -1.4024776220321655 0.1379529982805252
Cyclist 0.0 0 -0.8970960378646851 1145.0208740234375 154.68739318847656 1221.7098388671875 248.9955291748047 1.0735326 1.7460756 0.59879524 11.055952 1.2509152 13.705596 -0.21829859912395477 0.1112779825925827
Cyclist 0.0 0 -2.1391255855560303 317.1880798339844 184.93165588378906 379.20599365234375 280.96490478515625 0.842338 1.6538886 0.7120999 -4.604979 1.7195878 12.94659 -2.480860948562622 0.10125667601823807
Cyclist 0.0 0 -1.6593940258026123 857.5648193359375 173.86083984375 951.9818725585938 374.0 0.8600325 1.5314251 0.6180206 2.3666759 1.4764377 5.801542 -1.2720624208450317 0.10069291293621063
Car 0.0 0 1.7026865482330322 575.3146362304688 173.07278442382812 608.9635009765625 202.9113311767578 4.19561 1.8903704 1.698045 -0.561124 1.3571949 47.690746 1.6909211874008179 0.5182563066482544
Car 0.0 0 1.6783432960510254 510.4836120605469 172.73097229003906 561.6543579101562 220.1696319580078 4.3684688 1.9392875 1.7787765 -2.8090165 1.5818015 31.563406 1.5895811319351196 0.5147355794906616
Car 0.0 0 -0.9288071393966675 1010.7243041992188 192.48458862304688 1238.0 374.0 3.7866623 1.4661907 1.5696923 4.3320107 1.5365585 3.6204677 -0.05417221784591675 0.510001540184021
Car 0.0 0 -1.4986058473587036 177.3710479736328 193.20498657226562 293.081298828125 293.78594970703125 3.7659554 1.4744523 1.5830802 -6.528048 1.7215763 13.04516 -1.9625886678695679 0.4580068588256836
Car 0.0 0 -2.3929035663604736 0.0 217.630859375 202.17886352539062 374.0 3.7686431 1.4496472 1.5584946 -6.626341 1.880358 7.6851473 -3.1044533252716064 0.44651517271995544
