Cyclist 0.0 0 1.6528264284133911 694.9326782226562 166.619140625 707.9996337890625 201.03384399414062 1.6480426 1.7371398 0.53877264 4.6958814 1.4227833 37.279926 1.77812922000885 0.30038583278656006
Car 0.0 0 -1.6124186515808105 591.5256958007812 175.73948669433594 625.0567626953125 207.13475036621094 4.216385 1.5827074 1.622761 -0.17630026 1.7472478 38.908993 -1.6169496774673462 0.817261815071106
Car 0.0 0 1.8628584146499634 383.6472473144531 181.8566436767578 414.31170654296875 202.5651092529297 3.6728609 1.7051412 1.574467 -18.36542 2.512744 62.85332 1.5785775184631348 0.3796387314796448
Car 0.0 0 3.306256055831909 447.4737243652344 172.8615264892578 497.14337158203125 191.1233673095703 4.069217 1.5803692 1.6312231 -12.072162 1.5813949 63.30318 3.117814779281616 0.23476642370224
Car 0.0 0 1.6256201267242432 556.6615600585938 173.8347930908203 577.6612548828125 192.34982299804688 4.322763 1.6090705 1.658894 -3.8536696 1.7008624 65.09763 1.5664907693862915 0.21125927567481995
Car 0.0 0 0.9052218198776245 898.8077392578125 188.32730102539062 981.1820678710938 221.46949768066406 4.0536575 1.4955698 1.657082 16.66799 2.3304195 36.744976 1.3310760259628296 0.20923621952533722
Car 0.0 0 0.9453164339065552 840.3818359375 186.44325256347656 908.7523803710938 214.92691040039062 4.0742803 1.4873085 1.6512593 15.26403 2.318822 41.943375 1.2943378686904907 0.19318531453609467
Car 0.0 0 -1.7762329578399658 739.0429077148438 154.5326690673828 768.4705200195312 178.51290893554688 4.7901535 2.165978 1.7556871 13.396226 0.51148885 67.572525 -1.5805211067199707 0.18273375928401947
Car 0.0 0 1.5279711484909058 979.72314453125 205.8314666748047 1049.7745361328125 267.28045654296875 3.619195 1.4829805 1.6500572 11.9364195 2.5583792 21.531311 2.0341670513153076 0.1820966750383377
Car 0.0 0 1.8321033716201782 535.4907836914062 174.0747528076172 563.2634887695312 191.31741333007812 3.9276044 1.5537544 1.6267262 -5.646227 1.6716378 67.38644 1.7485098838806152 0.17870676517486572
Car 0.0 0 -1.7818968296051025 836.5391845703125 159.69895935058594 868.1065673828125 179.603515625 4.0719995 1.592456 1.6592877 20.027966 0.54034907 59.839478 -1.4589214324951172 0.13768479228019714
Car 0.0 0 -1.7244763374328613 656.7290649414062 175.0440216064453 681.9102783203125 193.5487518310547 3.7701383 1.5104046 1.5678507 4.984527 1.702667 61.286453 -1.643323302268982 0.13185162842273712
