Pedestrian 0.0 0 0.19596180319786072 388.5795593261719 168.52516174316406 417.7261962890625 222.02865600585938 0.7624555 1.5947448 0.5131826 -6.2173467 1.0983921 21.71 -0.08295482397079468 0.14110560715198517
Pedestrian 0.0 0 2.109844446182251 337.0025329589844 159.99192810058594 380.0085754394531 221.52085876464844 1.3305771 1.7638805 0.61053795 -7.4183273 1.0419098 21.317379 1.774957537651062 0.14032313227653503
Pedestrian 0.0 0 -0.907663106918335 37.41965866088867 176.75076293945312 83.0696029663086 240.11712646484375 0.86667866 1.6495194 0.55174166 -14.616158 1.430296 19.145468 -1.559701919555664 0.1237511858344078
Cyclist 0.0 0 3.1753957271575928 331.7424621582031 159.5417022705078 388.8926696777344 219.9015350341797 1.5797514 1.743695 0.69810104 -7.3650503 1.0031474 21.328798 2.842905044555664 0.2796071767807007
Cyclist 0.0 0 -1.5666618347167969 697.5394897460938 173.7194366455078 715.369873046875 227.43630981445312 1.8547251 1.6443925 0.541619 3.1117547 1.2935977 22.95791 -1.4319411516189575 0.2177002876996994
Car 0.0 0 -1.6897454261779785 440.65789794921875 167.6255340576172 479.1313171386719 195.6785888671875 3.9118056 1.4163122 1.5501775 -7.970076 0.5293707 38.389896 -1.8944462537765503 0.9087436199188232
Car 0.0 0 -1.7400305271148682 516.771240234375 165.47219848632812 561.920654296875 198.5266571044922 3.9813828 1.5737262 1.6145924 -3.545084 0.63486785 36.354023 -1.8372387886047363 0.8867264986038208
Car 0.0 0 3.0805039405822754 472.7033996582031 175.9218292236328 523.012451171875 195.42213439941406 3.8837378 1.5266129 1.6144072 -8.815131 0.80015934 57.473 2.928311347961426 0.1688610315322876
Car 0.0 0 -0.213667631149292 484.8778991699219 173.83447265625 529.364990234375 191.6612548828125 3.8524246 1.629811 1.6565256 -9.413284 0.5904145 67.16054 -0.35292142629623413 0.1643439382314682
Car 0.0 0 3.000835418701172 464.8935852050781 181.57762145996094 527.3875122070312 204.49957275390625 4.088822 1.543305 1.6098799 -7.7554483 1.2994884 49.76103 2.8462255001068115 0.16163916885852814
Car 0.0 0 0.685773491859436 0.0 167.32919311523438 83.52830505371094 227.13275146484375 3.7879157 1.5164692 1.5797513 -16.433077 1.0640434 19.062849 -0.02567313425242901 0.14023040235042572
Car 0.0 0 1.7335128784179688 150.47671508789062 180.5150146484375 218.03512573242188 221.7247772216797 3.8520043 1.402338 1.5423309 -15.575208 1.2435088 26.532846 1.2026950120925903 0.13489973545074463
Car 0.0 0 2.731630325317383 119.38531494140625 174.57212829589844 191.2295684814453 196.6298828125 3.9887795 1.4992833 1.6423136 -32.042168 0.7769637 50.967373 2.170389175415039 0.13414202630519867
Car 0.0 0 3.001272678375244 388.23016357421875 179.28506469726562 444.3133850097656 200.5648193359375 3.906727 1.5634173 1.6207325 -14.486854 1.1288267 54.318836 2.7406387329101562 0.13024790585041046
Car 0.0 0 -1.4632869958877563 423.4346618652344 164.29110717773438 452.9254455566406 188.35333251953125 3.9942527 1.6809094 1.6710045 -12.314065 0.22031628 52.298153 -1.6945338249206543 0.12363822013139725
