Pedestrian 0.0 0 2.3637871742248535 137.530029296875 177.900634765625 174.63119506835938 229.52713012695312 0.79927224 1.7869271 0.77336043 -16.10688 1.9692934 25.542263 1.8011729717254639 0.6001801490783691
Pedestrian 0.0 0 -0.14352941513061523 415.6232604980469 163.77926635742188 437.3281555175781 219.94593811035156 0.5819132 1.7762496 0.70290756 -5.9637027 1.489623 23.25191 -0.39459967613220215 0.5433334708213806
Pedestrian 0.0 0 -1.0580861568450928 345.7874450683594 177.85061645507812 359.61773681640625 203.28176879882812 0.68933874 1.7571888 0.65680516 -18.000835 2.1093404 50.403034 -1.4011057615280151 0.3155764937400818
Cyclist 0.0 0 -2.4805874824523926 664.474853515625 164.36761474609375 720.6593627929688 220.05087280273438 1.8004847 1.6506339 0.4766385 2.4748633 1.3994279 22.184786 -2.369490146636963 0.44923046231269836
Cyclist 0.0 0 -1.7853447198867798 649.8245239257812 169.98114013671875 672.5677490234375 216.30641174316406 1.7828399 1.5796216 0.42776248 1.7528213 1.4820192 25.513649 -1.716751217842102 0.3509082496166229
Car 0.0 0 1.982633113861084 235.771728515625 185.38034057617188 323.8770446777344 229.1505889892578 3.9522748 1.4865836 1.6165155 -12.5658865 2.0011594 27.629011 1.555788278579712 0.9390295147895813
Car 0.0 0 -1.384647011756897 418.7336730957031 176.52545166015625 528.5850219726562 259.5065612792969 3.9524677 1.5856596 1.663215 -2.912704 1.6772237 15.94088 -1.5653724670410156 0.9170407056808472
Car 0.0 0 -1.6039496660232544 584.4556884765625 175.9630126953125 611.8198852539062 200.00274658203125 4.090735 1.475744 1.6359999 -0.8404634 1.6872435 46.914425 -1.621862530708313 0.5479732751846313
Car 0.0 0 -1.2126991748809814 166.4365692138672 178.38619995117188 211.80897521972656 200.42929077148438 4.0047107 1.5725199 1.6713909 -31.837296 2.0080988 54.646637 -1.740228533744812 0.41078364849090576
Car 0.0 0 2.114048480987549 409.19952392578125 179.93014526367188 471.125732421875 208.7989044189453 4.2022486 1.576246 1.6340617 -10.0213995 2.0179284 42.747448 1.8837741613388062 0.36325737833976746
Car 0.0 0 -1.6329985857009888 348.2779235839844 178.47116088867188 375.8926086425781 201.6805419921875 3.8962595 1.5821406 1.6494979 -18.03484 2.0063193 52.322617 -1.9649308919906616 0.35293248295783997
Car 0.0 0 3.489388942718506 8.257311820983887 188.94869995117188 90.79885864257812 215.1729736328125 3.7012503 1.511847 1.6071066 -34.574192 2.5360324 44.563354 2.829552173614502 0.31857940554618835
