Pedestrian 0.0 0 -1.5719492435455322 781.5672607421875 168.12400817871094 799.500244140625 211.67298889160156 0.93624514 1.7224015 0.6899569 7.2300663 1.535684 29.072016 -1.3281991481781006 0.734839677810669
Pedestrian 0.0 0 -3.6656885147094727 1022.86083984375 141.4111785888672 1080.7608642578125 230.74456787109375 0.8140095 1.7962865 0.6178205 9.014897 1.1644025 14.823606 -3.1193017959594727 0.47614407539367676
Pedestrian 0.0 0 -1.9500950574874878 718.0152587890625 173.4375 734.422607421875 203.21681213378906 0.9274596 1.61054 0.5851927 6.3317637 1.6433072 39.55659 -1.7913730144500732 0.31156590580940247
Pedestrian 0.0 0 -0.8908151388168335 863.0887451171875 164.58262634277344 890.8513793945312 212.0731201171875 0.80202705 1.7319149 0.5943832 9.862033 1.4306267 26.771435 -0.5378618240356445 0.2732425630092621
Pedestrian 0.0 0 -1.7763495445251465 801.0215454101562 166.63833618164062 823.8527221679688 211.46009826660156 0.9640145 1.768746 0.69891626 8.079839 1.5238227 28.97453 -1.504398226737976 0.22172047197818756
Pedestrian 0.0 0 -3.633666515350342 1121.70849609375 171.90699768066406 1136.8189697265625 198.1542205810547 0.5037055 1.7605226 0.8159345 35.109604 1.6973596 48.831535 -3.010305881500244 0.1991071105003357
Cyclist 0.0 0 -2.0226187705993652 904.3760375976562 135.16587829589844 1017.8004760742188 290.484130859375 1.7815735 1.7999079 0.5723405 4.379379 1.3635164 9.252336 -1.5805366039276123 0.9017829895019531
Cyclist 0.0 0 -1.652983546257019 761.8744506835938 162.6092529296875 785.1987915039062 218.5379638671875 1.9102129 1.7573128 0.5852802 5.3006253 1.4357749 23.654718 -1.432541847229004 0.8837478756904602
Cyclist 0.0 0 -3.574221134185791 1019.8378295898438 142.02432250976562 1082.1162109375 232.79464721679688 0.9254783 1.8226038 0.6004668 9.002754 1.2039235 14.835631 -3.028792381286621 0.1743268221616745
Cyclist 0.0 0 -1.9500950574874878 718.0152587890625 173.4375 734.422607421875 203.21681213378906 0.9274596 1.61054 0.5851927 6.3317637 1.6433072 39.55659 -1.7913730144500732 0.11623892188072205
Car 0.0 0 -3.687731981277466 1039.5867919921875 182.3750762939453 1101.03369140625 201.5681915283203 4.076294 1.558138 1.6251153 38.396477 2.3652046 60.27703 -3.1205499172210693 0.3142881393432617
Car 0.0 0 -1.7236452102661133 700.7762451171875 171.2907257080078 741.1264038085938 199.48284912109375 3.959227 1.5336297 1.6857531 6.250421 1.4489468 41.22999 -1.5731918811798096 0.30746403336524963
Car 0.0 0 -0.38836246728897095 829.0919799804688 187.95655822753906 885.1727294921875 206.8308563232422 4.1058826 1.5054206 1.602978 20.482332 2.779794 59.943172 -0.05910463258624077 0.20617999136447906
Car 0.0 0 -3.2756524085998535 710.4627075195312 178.74526977539062 758.2669677734375 197.99169921875 3.719672 1.5559806 1.5714291 10.239395 2.050786 59.70333 -3.1058003902435303 0.2046404778957367
