Pedestrian 0.0 0 -1.9387328624725342 1192.808349609375 127.0945053100586 1242.0 233.3146514892578 0.68567556 1.7523952 0.636034 10.442587 0.99782336 12.329311 -1.2359989881515503 0.13938966393470764
Cyclist 0.0 0 -2.1736092567443848 1018.5745849609375 141.75244140625 1188.6209716796875 318.1238708496094 1.871253 1.7791264 0.632376 5.4581814 1.4657509 8.216381 -1.587243676185608 0.9209278225898743
Cyclist 0.0 0 2.9997575283050537 680.423583984375 176.88638305664062 704.6011962890625 202.4329833984375 1.6265116 1.7932621 0.639501 5.810005 2.0811129 51.09725 3.11297607421875 0.19100366532802582
Car 0.0 0 1.8640761375427246 326.6274108886719 188.0444793701172 384.5243835449219 219.70571899414062 4.213399 1.4782662 1.7210234 -13.310543 2.3213923 37.8852 1.5262091159820557 0.9300338625907898
Car 0.0 0 -1.6739223003387451 570.1417236328125 174.690673828125 619.9376831054688 213.75741577148438 4.5595613 1.6323652 1.7817999 -0.7929374 1.722124 32.743732 -1.6981340646743774 0.8934105634689331
Car 0.0 0 -1.5977360010147095 660.1373901367188 175.86643981933594 683.63525390625 197.18551635742188 4.01644 1.5276564 1.6486052 4.600265 1.7634335 54.332584 -1.5132688283920288 0.39963188767433167
Car 0.0 0 3.129148006439209 272.1833801269531 174.59255981445312 324.84136962890625 195.13507080078125 3.9264646 1.6375955 1.6525345 -25.622112 1.7846744 59.334717 2.7215123176574707 0.2395094633102417
Car 0.0 0 -3.0330982208251953 874.3372192382812 194.52540588378906 971.5394897460938 228.9281463623047 4.411043 1.5651968 1.710348 15.973185 2.730953 36.96596 -2.6252248287200928 0.17447179555892944
Car 0.0 0 1.8737261295318604 278.12750244140625 182.46932983398438 317.5509338378906 204.55703735351562 3.771184 1.4915601 1.5746655 -22.63867 2.2161233 52.38419 1.465801477432251 0.17014913260936737
Car 0.0 0 -0.3535943329334259 799.309326171875 167.8077392578125 882.2691040039062 196.5270538330078 3.917925 1.5118855 1.6897869 12.368802 1.2465906 38.91534 -0.0458531379699707 0.1532185971736908
Car 0.0 0 -1.8720184564590454 1012.5162353515625 175.61207580566406 1168.3505859375 257.0051574707031 3.8435931 1.4654282 1.6236067 9.847308 1.5318025 15.198017 -1.2970972061157227 0.14783789217472076
Car 0.0 0 -0.9091903567314148 721.1937866210938 174.88619995117188 770.6788330078125 194.92941284179688 4.045869 1.4934657 1.6439953 10.571075 1.6573751 56.111893 -0.7229800820350647 0.14646485447883606
