Pedestrian 0.0 0 -1.7680323123931885 823.8599243164062 158.59555053710938 844.7520751953125 204.22348022460938 0.89175963 1.8326654 0.6507014 9.108832 1.2603267 29.455002 -1.468114972114563 0.3474108874797821
Pedestrian 0.0 0 0.25138309597969055 476.7742004394531 159.8173828125 532.1498413085938 249.37808227539062 1.0516791 1.857239 0.5822602 -2.2803361 1.5872538 15.303817 0.10346698760986328 0.32862454652786255
Pedestrian 0.0 0 3.1288487911224365 577.7113647460938 177.34005737304688 598.0726318359375 221.11495971679688 0.83569914 1.7929934 0.65132487 -0.9641073 1.9818149 29.965616 3.0966861248016357 0.1559731364250183
Pedestrian 0.0 0 1.6872475147247314 1139.071533203125 105.34838104248047 1196.7843017578125 228.32354736328125 0.6079007 1.8134465 0.63629365 8.514215 0.8183364 11.077083 2.3425676822662354 0.15106302499771118
Pedestrian 0.0 0 -1.903018832206726 675.206787109375 155.25845336914062 689.7645874023438 185.58990478515625 1.0513521 1.8312849 0.57337654 4.3970284 0.7692977 44.138306 -1.803727149963379 0.14164921641349792
Cyclist 0.0 0 -1.7680323123931885 823.8599243164062 158.59555053710938 844.7520751953125 204.22348022460938 0.89175963 1.8326654 0.6507014 9.108832 1.2603267 29.455002 -1.468114972114563 0.14069294929504395
Cyclist 0.0 0 -1.903018832206726 675.206787109375 155.25845336914062 689.7645874023438 185.58990478515625 1.0513521 1.8312849 0.57337654 4.3970284 0.7692977 44.138306 -1.803727149963379 0.10351624339818954
Car 0.0 0 -1.8052072525024414 756.0987548828125 177.09695434570312 898.2669067382812 264.0584716796875 3.608362 1.3101475 1.5822648 3.6455958 1.3970677 12.882276 -1.5294251441955566 0.9657518267631531
Car 0.0 0 -1.7412199974060059 741.3880004882812 170.9200439453125 838.4664306640625 237.4025421142578 4.1114373 1.4678473 1.640979 4.3068533 1.4255056 18.031878 -1.5067658424377441 0.8766467571258545
Car 0.0 0 -1.6694746017456055 738.4976806640625 156.37393188476562 807.0025634765625 212.21209716796875 4.2969847 1.6427839 1.7303158 5.1406574 1.1582911 23.46003 -1.4537599086761475 0.7442877888679504
Car 0.0 0 -1.3200749158859253 779.9170532226562 156.0065155029297 828.6762084960938 189.4477081298828 4.785503 2.0137272 1.87227 12.408017 0.9995806 45.98983 -1.0565502643585205 0.21295998990535736
Car 0.0 0 -1.6237608194351196 756.666015625 160.113037109375 795.8623046875 195.0554962158203 3.7685785 1.5723348 1.6152998 7.84809 0.99937725 34.459118 -1.3998297452926636 0.1399478167295456
