Pedestrian 0.0 0 -2.9275081157684326 506.7121887207031 181.60816955566406 526.2220458984375 217.60972595214844 0.7671083 1.5999105 0.58296883 -4.2552505 1.999037 32.54198 -3.05753231048584 0.2739177942276001
Pedestrian 0.0 0 1.4557673931121826 141.9923858642578 122.82643127441406 189.32078552246094 218.53445434570312 1.744694 1.825418 0.6151353 -9.08055 0.8716109 14.633619 0.9003913402557373 0.2201290875673294
Pedestrian 0.0 0 1.0373128652572632 164.84628295898438 142.7096405029297 229.0730438232422 246.4872283935547 0.82611257 1.8110445 0.68575853 -7.5429034 1.2853466 13.090728 0.514575719833374 0.16186673939228058
Cyclist 0.0 0 1.4557673931121826 141.9923858642578 122.82643127441406 189.32078552246094 218.53445434570312 1.744694 1.825418 0.6151353 -9.08055 0.8716109 14.633619 0.9003913402557373 0.3161785900592804
Cyclist 0.0 0 -0.8721634149551392 538.54150390625 183.11703491210938 560.3219604492188 211.64427185058594 1.5156906 1.6760184 0.4441186 -3.6921022 2.3082516 43.673676 -0.9565012454986572 0.2726196348667145
Car 0.0 0 1.333240270614624 691.6544799804688 171.74664306640625 742.4869384765625 204.66729736328125 4.0420375 1.6039057 1.6793108 5.421462 1.5503134 37.241085 1.4778021574020386 0.9159491658210754
Car 0.0 0 -2.7674427032470703 290.9903869628906 180.7858123779297 414.8454284667969 230.02664184570312 3.5251641 1.552724 1.5878853 -8.489512 1.8249167 23.874592 -3.109086751937866 0.9067063927650452
Car 0.0 0 1.5746930837631226 550.6356201171875 178.1296844482422 583.2393798828125 209.35720825195312 3.896923 1.554288 1.6524353 -2.332763 1.8512841 38.575455 1.514293909072876 0.8596009016036987
Car 0.0 0 -2.6654229164123535 0.0 0.0 1242.0 375.0 3.7704036 1.5429479 1.6386069 2.7693615 1.8468908 1.9130771 -1.699151873588562 0.35071542859077454
Car 0.0 0 -2.9099676609039307 451.1429443359375 164.05860900878906 532.6809692382812 196.2273406982422 4.119687 1.7159507 1.7212511 -6.4583025 1.2471433 39.48726 -3.0720863342285156 0.18633276224136353
Car 0.0 0 1.4024028778076172 664.23681640625 174.06649780273438 694.7964477539062 194.21983337402344 4.171891 1.4686809 1.6345724 5.228026 1.5650249 54.97749 1.4972116947174072 0.16730664670467377
