Pedestrian 0.0 0 -0.2847530245780945 1140.32763671875 177.50418090820312 1168.7630615234375 218.47531127929688 0.80693835 1.7206551 0.69754666 23.252987 1.923033 30.874655 0.36075568199157715 0.1969403475522995
Pedestrian 0.0 0 -0.03582143783569336 1173.4344482421875 208.4283447265625 1216.1639404296875 292.81317138671875 0.6546917 1.6272942 0.5035575 11.808885 2.3694303 14.644645 0.6427867412567139 0.1904032677412033
Pedestrian 0.0 0 -3.453460454940796 1225.915771484375 183.11952209472656 1242.0 220.3037109375 0.65890515 1.6550733 0.7188788 28.538809 2.129053 32.82695 -2.7378273010253906 0.18015974760055542
Pedestrian 0.0 0 -0.8524128794670105 848.2713623046875 160.35279846191406 865.2290649414062 193.55226135253906 0.6324083 1.8893361 0.67310196 14.159903 1.178267 41.508545 -0.5236598253250122 0.12912023067474365
Pedestrian 0.0 0 0.9466924667358398 1207.587890625 171.5426025390625 1242.0 221.48658752441406 0.8853958 1.7279377 0.56603813 21.646107 1.682925 25.424862 1.6519845724105835 0.12717223167419434
Cyclist 0.0 0 -1.7952313423156738 1061.6160888671875 175.9242706298828 1082.1795654296875 218.1084747314453 1.6300867 1.6663549 0.35010028 18.798191 1.7955384 29.445988 -1.2270570993423462 0.48719775676727295
Cyclist 0.0 0 0.9730144143104553 886.914306640625 166.95379638671875 910.9942626953125 195.815185546875 1.6958536 1.7225533 0.49014214 17.552673 1.3707657 43.942135 1.3530462980270386 0.17008285224437714
Car 0.0 0 -1.7262834310531616 982.966796875 195.43487548828125 1242.0 375.0 3.651465 1.4988284 1.648715 5.055048 1.807597 7.848896 -1.1541054248809814 0.9724597334861755
Car 0.0 0 -1.6194684505462646 961.3113403320312 187.2606201171875 1014.1784057617188 231.31570434570312 3.939582 1.5268643 1.6477066 14.819109 2.1396065 28.53387 -1.1404597759246826 0.8982787132263184
Car 0.0 0 -0.9871491193771362 1098.3016357421875 169.39739990234375 1185.79736328125 203.10543823242188 3.69616 1.5274642 1.5446845 25.070337 1.3711878 34.056408 -0.3525765538215637 0.24200084805488586
Car 0.0 0 -3.42533016204834 1118.9188232421875 172.86190795898438 1200.2730712890625 196.17237854003906 4.096406 1.5428919 1.7412214 37.43825 1.5438052 49.301537 -2.775857448577881 0.21729257702827454
Car 0.0 0 -1.582477331161499 864.130859375 166.0632781982422 889.2297973632812 190.3821258544922 3.8619595 1.650122 1.6060327 18.806484 1.189705 51.04461 -1.2294769287109375 0.1450275033712387
