Pedestrian 0.0 0 2.6072754859924316 738.49951171875 139.8043212890625 780.2445678710938 215.4047393798828 0.81396323 1.8501344 0.63598806 3.691625 1.0416827 18.088678 2.808595657348633 0.4660818874835968
Pedestrian 0.0 0 -2.4004971981048584 1176.349853515625 144.28163146972656 1220.4969482421875 204.86940002441406 0.86414635 1.7734673 0.57113254 17.548006 0.9374821 21.586689 -1.7179346084594727 0.26947396993637085
Cyclist 0.0 0 -1.6211309432983398 1187.48828125 143.028564453125 1242.0 311.5345153808594 1.705955 1.7323935 0.53831995 6.931288 1.426119 8.257865 -0.9228489398956299 0.46063676476478577
Car 0.0 0 1.8065754175186157 356.4434814453125 179.36483764648438 421.7641906738281 218.4343719482422 4.2716208 1.5161968 1.7218943 -9.405794 1.8151939 30.909435 1.5111768245697021 0.8609017729759216
Car 0.0 0 1.696108102798462 452.973388671875 177.52261352539062 483.72076416015625 199.57037353515625 4.5228677 1.5920466 1.7661711 -10.85261 1.9658432 55.396088 1.502648949623108 0.7188741564750671
Car 0.0 0 -1.5697505474090576 591.8096313476562 175.8213653564453 617.5728759765625 200.11911010742188 3.8447838 1.505105 1.6128635 -0.37793 1.7070694 47.09129 -1.5777758359909058 0.5966091752052307
Car 0.0 0 -1.5723828077316284 549.4945678710938 181.67236328125 571.5648803710938 202.2660675048828 4.154908 1.487669 1.6481298 -3.875247 2.199427 56.075287 -1.641381025314331 0.5178908109664917
Car 0.0 0 -2.8440842628479004 365.6209411621094 178.2859649658203 416.4979248046875 198.28759765625 3.60488 1.5733975 1.5956572 -17.595179 2.0164287 57.995277 -3.13864803314209 0.36428502202033997
Car 0.0 0 -1.7217106819152832 709.5418090820312 175.3902587890625 739.7374267578125 197.57533264160156 3.5558496 1.4710846 1.5445307 7.8830094 1.6535804 50.031654 -1.5654349327087402 0.35826942324638367
Car 0.0 0 -0.3537241220474243 703.8701171875 171.097900390625 759.3739013671875 193.1565399169922 3.731044 1.6030539 1.6274109 8.987445 1.4757909 53.580345 -0.18753351271152496 0.34419336915016174
