Car 0.0 0 -1.7196147441864014 657.6110229492188 182.67005920410156 720.02734375 232.28555297851562 3.61945 1.5380641 1.6077149 2.6032424 1.9028138 24.938221 -1.6156038045883179 0.949984610080719
Car 0.0 0 1.9283382892608643 179.5865478515625 201.82501220703125 413.3014831542969 356.49737548828125 3.5753753 1.5129418 1.6325092 -3.9101732 1.9694753 9.546239 1.5395805835723877 0.9416108727455139
Car 0.0 0 2.776526927947998 755.5938110351562 166.6822967529297 883.6609497070312 214.06124877929688 4.342735 1.7256799 1.6675125 7.8301697 1.5012463 27.294308 3.055903196334839 0.9098708629608154
Car 0.0 0 -0.4081743061542511 832.7088012695312 166.8880157470703 1048.29638671875 232.60072326660156 4.5514708 1.5483032 1.7222832 8.013171 1.4080927 17.888504 0.012974262237548828 0.9017456769943237
Car 0.0 0 -1.3710386753082275 423.42120361328125 188.28358459472656 483.0022888183594 228.31912231445312 3.9680545 1.4362512 1.6161667 -6.351615 2.1083014 29.413492 -1.5837152004241943 0.8771339058876038
Car 0.0 0 1.8795967102050781 293.2673034667969 195.25196838378906 412.63665771484375 267.71392822265625 4.1582427 1.4905851 1.6381251 -6.373624 2.1224208 18.239172 1.54341459274292 0.7558704018592834
Car 0.0 0 2.413686752319336 0.0 210.11439514160156 209.17916870117188 375.0 4.037572 1.4557054 1.6515688 -3.5355232 1.7110271 2.8813286 1.5266902446746826 0.7241005301475525
Car 0.0 0 -0.6786448955535889 1086.84033203125 155.83981323242188 1207.4398193359375 194.54237365722656 3.8589852 1.5731986 1.6773299 22.411646 0.8819565 30.243498 -0.04090283438563347 0.5972369313240051
Car 0.0 0 -2.170304298400879 968.1793212890625 158.0761260986328 1043.611328125 187.16685485839844 3.9553084 1.4476138 1.4991745 20.685831 0.7125946 37.945282 -1.6711931228637695 0.5829054713249207
Car 0.0 0 2.7709593772888184 799.9021606445312 156.47972106933594 968.4456176757812 223.23561096191406 4.2588296 1.8652902 1.7295779 7.8557997 1.4081191 21.051825 3.128120183944702 0.5635058879852295
Car 0.0 0 2.95058536529541 695.9009399414062 173.21290588378906 756.691162109375 194.72354125976562 4.1569037 1.5490832 1.6653589 8.465048 1.5761964 52.887966 3.10929536819458 0.5407232046127319
Car 0.0 0 1.796775460243225 475.5721740722656 185.1717529296875 519.5411376953125 214.4245147705078 4.0071764 1.4990375 1.5974095 -6.3280816 2.230359 40.759125 1.642749547958374 0.5112808346748352
