Pedestrian 0.0 0 -2.0843286514282227 986.7841186523438 155.8241424560547 1044.37744140625 248.1148223876953 0.9885621 1.7935147 0.59923416 8.089822 1.4629259 14.514925 -1.5758637189865112 0.27238723635673523
Pedestrian 0.0 0 -0.0705510675907135 722.8733520507812 174.26124572753906 735.4732666015625 200.0410614013672 0.81832474 1.777624 0.66917914 8.252993 1.8765414 50.16165 0.09251594543457031 0.2498035728931427
Pedestrian 0.0 0 2.5300207138061523 104.5702133178711 195.74290466308594 154.35177612304688 256.69140625 1.052304 1.8162102 0.76045114 -15.086043 2.5534549 22.598345 1.9413909912109375 0.2281595766544342
Pedestrian 0.0 0 -1.6282010078430176 898.8140258789062 160.70574951171875 918.7455444335938 208.64950561523438 0.91287196 1.8057445 0.6540965 11.425756 1.3485532 27.71148 -1.2371267080307007 0.17348316311836243
Pedestrian 0.0 0 -0.3683924674987793 917.8168334960938 199.2742919921875 968.0568237304688 291.27447509765625 0.7006728 1.7045686 0.61876297 6.3454294 2.2255378 13.885227 0.06026029586791992 0.1673835813999176
Pedestrian 0.0 0 0.43202632665634155 144.7223358154297 214.2230224609375 203.91017150878906 289.7218322753906 1.120017 1.8249956 0.62921363 -11.04015 2.892006 18.225723 -0.11260707676410675 0.1497601866722107
Cyclist 0.0 0 -1.3180325031280518 464.41668701171875 176.08721923828125 484.3570556640625 218.17201232910156 1.6834078 1.6564589 0.3920931 -5.5531263 1.7923071 29.380848 -1.5048339366912842 0.18509647250175476
Cyclist 0.0 0 -2.3229687213897705 1135.647216796875 186.3220977783203 1234.448486328125 293.6720886230469 1.5561318 1.8125345 0.47016704 10.398396 2.0736966 13.174486 -1.6547969579696655 0.14452257752418518
Cyclist 0.0 0 -0.8713297843933105 755.9589233398438 178.6755828857422 779.8027954101562 204.05966186523438 1.7087618 1.7130996 0.6658944 10.880375 2.1219134 49.83704 -0.6563833951950073 0.13888101279735565
Car 0.0 0 1.7900725603103638 275.7148742675781 199.62841796875 490.3121337890625 353.0978698730469 4.802548 1.4879845 1.8061336 -2.9295325 1.9614427 10.297216 1.5128982067108154 0.9403333067893982
Car 0.0 0 1.0324640274047852 1078.150146484375 108.7735595703125 1242.0 235.07110595703125 3.757945 1.7310382 1.6164855 9.469586 0.8531075 11.8576355 1.7063547372817993 0.4632558822631836
Car 0.0 0 3.091484546661377 460.1647644042969 192.72251892089844 516.395751953125 213.74061584472656 4.37978 1.5808461 1.7159023 -9.832872 3.2160432 58.05642 2.9237091541290283 0.2648766040802002
Car 0.0 0 -1.7661349773406982 714.0562133789062 163.28427124023438 775.4318237304688 207.4432830810547 3.878587 1.61626 1.6325692 5.1716676 1.2663572 28.357473 -1.5857434272766113 0.21194136142730713
