Pedestrian 0.0 0 1.6554317474365234 100.31136322021484 172.41160583496094 129.90797424316406 240.59658813476562 0.8950473 1.816683 0.5965739 -13.590341 1.8052542 19.75801 1.0529139041900635 0.46487686038017273
Pedestrian 0.0 0 -1.6202609539031982 419.5357360839844 159.74659729003906 433.2584533691406 195.99147033691406 1.0161462 1.8356197 0.6332271 -9.486775 1.1721545 37.118404 -1.870485782623291 0.20461450517177582
Pedestrian 0.0 0 -1.7994474172592163 725.1199951171875 170.99110412597656 743.5110473632812 212.28378295898438 0.90425026 1.5431625 0.49511492 4.677485 1.4739019 27.428185 -1.630536675453186 0.17912380397319794
Car 0.0 0 3.091592788696289 285.6084289550781 185.77191162109375 429.06854248046875 242.86599731445312 4.0335956 1.5822781 1.7147293 -7.810574 2.0089567 22.253668 2.7540459632873535 0.9170442223548889
Car 0.0 0 1.6007161140441895 485.0479736328125 181.0457000732422 529.7144165039062 220.8033905029297 4.464172 1.4841605 1.7159367 -4.2655373 1.8536572 30.198551 1.4603947401046753 0.8913145065307617
Car 0.0 0 0.1339186280965805 344.7352600097656 177.77976989746094 404.1438293457031 200.0045166015625 3.8635955 1.5410135 1.6314554 -16.856327 1.9021056 51.687817 -0.18132413923740387 0.43927058577537537
Car 0.0 0 -1.63392174243927 486.9253845214844 175.6270751953125 508.7447814941406 194.41453552246094 3.7789483 1.4840972 1.5406896 -9.314169 1.7212546 59.599678 -1.7889466285705566 0.37635236978530884
Car 0.0 0 -2.1268579959869385 908.4700317382812 146.74932861328125 1242.0 334.02801513671875 3.6728055 1.543084 1.5610961 4.7246337 1.3283525 7.7870235 -1.5815033912658691 0.34426024556159973
Car 0.0 0 3.3044662475585938 247.7902069091797 177.42886352539062 302.9168395996094 197.68260192871094 3.8181708 1.578654 1.6084105 -26.924767 1.955585 58.10366 2.8705315589904785 0.192021906375885
Car 0.0 0 -1.9944677352905273 635.4837036132812 163.5509490966797 673.6853637695312 185.02127075195312 3.5785663 1.5735921 1.5595526 3.3248289 0.89211476 54.82943 -1.933902382850647 0.18550793826580048
