Pedestrian 0.0 0 0.37792494893074036 233.1682891845703 138.25863647460938 346.7096862792969 314.1522216796875 0.91811955 1.773226 0.66540974 -3.3557494 1.3490741 7.4755344 -0.044011831283569336 0.7350855469703674
Pedestrian 0.0 0 2.7222533226013184 604.0702514648438 178.81005859375 654.5852661132812 268.82672119140625 0.87662405 1.8032763 0.5925466 0.45713177 1.77105 14.5992155 2.7535550594329834 0.2349506914615631
Pedestrian 0.0 0 0.7128729820251465 1.7947944402694702 173.88369750976562 74.37528228759766 263.69293212890625 1.0235533 1.7808517 0.5704073 -11.512833 1.6512845 14.318561 0.03566765785217285 0.14998522400856018
Pedestrian 0.0 0 3.402653932571411 52.94761657714844 187.83963012695312 95.19615173339844 254.4170684814453 0.8132064 1.8604684 0.7299877 -15.305456 2.0784445 20.351875 2.757847547531128 0.14899566769599915
Pedestrian 0.0 0 -0.9776044487953186 834.417724609375 177.9051055908203 872.5354614257812 242.35462951660156 0.7343692 1.5844357 0.59989583 6.2324142 1.52224 17.837254 -0.6414603590965271 0.13604716956615448
Pedestrian 0.0 0 -0.20476283133029938 747.4110717773438 175.34527587890625 793.8162231445312 263.52191162109375 0.79765195 1.7357177 0.6221492 3.2824657 1.6358794 14.232703 0.02190232276916504 0.1272474229335785
Pedestrian 0.0 0 2.079664707183838 839.412353515625 152.70115661621094 918.3193969726562 259.560546875 1.570445 1.6899543 0.5444711 4.57812 1.2519784 11.888476 2.447251081466675 0.12211216986179352
Cyclist 0.0 0 1.735059142112732 856.4664306640625 151.40097045898438 907.1576538085938 260.4305419921875 1.741958 1.6844109 0.5140871 4.598089 1.2365147 11.798438 2.1066722869873047 0.27566054463386536
Car 0.0 0 1.3736259937286377 582.4758911132812 172.75289916992188 635.2274780273438 209.4476318359375 3.9516282 1.5383617 1.6105862 0.08714011 1.2150605 31.730982 1.376372218132019 0.2120499163866043
Car 0.0 0 -1.240814447402954 482.38763427734375 145.5773162841797 580.9501953125 205.56605529785156 4.03843 1.6077119 1.7009754 -2.0989347 0.6733592 21.104353 -1.339943528175354 0.1746043711900711
Car 0.0 0 -2.1321775913238525 0.0 189.51644897460938 116.8498764038086 236.85891723632812 4.3396864 1.5774473 1.6977618 -20.126986 1.9258797 25.668554 -2.797154426574707 0.17245294153690338
Car 0.0 0 2.099360227584839 0.0 188.392333984375 17.51382827758789 225.6800994873047 3.8272622 1.4537592 1.6030924 -27.419327 1.8179973 30.459002 1.3664323091506958 0.14813895523548126
