Pedestrian 0.0 0 3.0064268112182617 667.1869506835938 172.98153686523438 687.4517822265625 208.4619598388672 0.96181935 1.8006526 0.5859462 3.4048462 1.8075935 36.931458 3.098360538482666 0.6393147706985474
Pedestrian 0.0 0 2.4525647163391113 721.3627319335938 172.40322875976562 738.5341796875 203.89376831054688 0.70211166 1.696632 0.5989388 6.4980354 1.6727035 39.30705 2.6163978576660156 0.4163878560066223
Car 0.0 0 -1.9190884828567505 756.2742309570312 185.5339813232422 969.0068969726562 316.9900817871094 3.5982463 1.4436157 1.6001475 3.2244222 1.6537144 10.103082 -1.610154628753662 0.966711699962616
Car 0.0 0 2.1136436462402344 0.0 192.60511779785156 287.36669921875 351.9028015136719 3.436591 1.4948672 1.5415541 -5.564881 1.7869895 8.926463 1.5561857223510742 0.9510496854782104
Car 0.0 0 1.9459049701690674 210.1362762451172 188.5806121826172 385.3807067871094 291.326416015625 3.9548538 1.5533915 1.6435026 -5.6574655 1.8917729 13.511205 1.5493621826171875 0.9070358872413635
Car 0.0 0 -2.2335734367370605 850.5365600585938 189.8944091796875 1242.0 375.0 3.8524768 1.483642 1.6128426 3.1090064 1.6431142 4.7481 -1.6538386344909668 0.8826798796653748
Car 0.0 0 0.8664151430130005 468.92376708984375 179.48236083984375 530.8623046875 205.66998291015625 3.7763429 1.4443703 1.5218531 -6.5514407 1.8520117 42.521446 0.7135434150695801 0.7394922375679016
Car 0.0 0 1.780290126800537 242.31671142578125 177.4877471923828 305.1240539550781 216.31431579589844 4.058646 1.5284549 1.6415265 -14.43262 1.7422998 31.078737 1.3455350399017334 0.6674929261207581
Car 0.0 0 -0.4479963779449463 573.1292724609375 180.0067596435547 629.0836181640625 200.56651306152344 4.068342 1.5298076 1.6444839 -0.71490264 2.1062353 56.4678 -0.4606560468673706 0.5176485776901245
Car 0.0 0 -2.4175243377685547 1027.7789306640625 171.7643280029297 1242.0 280.4250793457031 4.357278 1.5969814 1.7037779 9.823861 1.5813242 12.904504 -1.766847014427185 0.5135849714279175
Car 0.0 0 2.869969606399536 676.6237182617188 173.15924072265625 730.2335815429688 192.3130340576172 4.1064897 1.5555655 1.661493 7.6938715 1.5816715 59.748016 2.9980368614196777 0.45954152941703796
