Pedestrian 0.0 0 1.3046722412109375 454.93975830078125 181.88099670410156 478.8923645019531 221.090576171875 1.8420146 1.7001287 0.597576 -6.532753 2.121369 32.681427 1.1073806285858154 0.12902621924877167
Cyclist 0.0 0 1.3046722412109375 454.93975830078125 181.88099670410156 478.8923645019531 221.090576171875 1.8420146 1.7001287 0.597576 -6.532753 2.121369 32.681427 1.1073806285858154 0.7064589858055115
Car 0.0 0 -1.910058856010437 641.9602661132812 182.47679138183594 726.4303588867188 234.06793212890625 3.604726 1.4868538 1.605822 2.2759118 1.8260148 23.458984 -1.8133448362350464 0.9310596585273743
Car 0.0 0 -3.318992853164673 831.2144775390625 185.28530883789062 1035.1046142578125 259.84954833984375 3.8099172 1.4528073 1.5865871 6.797789 1.7440186 15.669031 -2.9096620082855225 0.9202765822410583
Car 0.0 0 -1.8235208988189697 574.7055053710938 182.4847412109375 621.0912475585938 213.35838317871094 3.5388055 1.49245 1.5997366 -0.7217987 2.0255778 37.99332 -1.8425166606903076 0.9144285321235657
Car 0.0 0 -3.713535785675049 1056.272216796875 179.4701690673828 1242.0 258.37371826171875 4.2769876 1.49006 1.6378183 11.803003 1.6358193 14.825018 -3.0411441326141357 0.9069679975509644
Car 0.0 0 2.3052890300750732 526.6500854492188 179.86875915527344 579.353515625 201.08712768554688 3.9740305 1.4576622 1.6125845 -4.1747684 1.9933832 52.998302 2.226679563522339 0.6549850106239319
Car 0.0 0 -2.409860372543335 0.0 0.0 1242.0 375.0 3.7850342 1.5192933 1.6112479 2.8473835 1.7168373 1.9323058 -1.4352998733520508 0.5230141282081604
Car 0.0 0 -0.8671128749847412 613.1539916992188 177.12545776367188 670.8529052734375 201.10476684570312 4.1640077 1.5584449 1.6787853 2.2148054 1.8656615 49.735012 -0.8226101398468018 0.3739696145057678
Car 0.0 0 2.2092721462249756 701.4535522460938 174.75555419921875 751.4325561523438 195.28640747070312 4.286489 1.536418 1.627664 9.117753 1.6910467 56.456635 2.369389772415161 0.3013734519481659
