Pedestrian 0.0 0 -1.5436142683029175 248.63002014160156 164.12811279296875 289.9491882324219 257.958251953125 0.6244172 1.7499943 0.7042089 -6.595663 1.5876085 13.882348 -1.9871535301208496 0.3761526048183441
Pedestrian 0.0 0 2.168973684310913 425.4613037109375 161.65150451660156 450.38507080078125 194.12806701660156 1.6158581 1.781803 0.54476124 -9.66784 1.167544 40.435894 1.934288740158081 0.17374201118946075
Cyclist 0.0 0 2.168973684310913 425.4613037109375 161.65150451660156 450.38507080078125 194.12806701660156 1.6158581 1.781803 0.54476124 -9.66784 1.167544 40.435894 1.934288740158081 0.37816429138183594
Car 0.0 0 3.659921169281006 0.0 161.3271942138672 309.71514892578125 335.6075134277344 4.1339407 1.6040189 1.6976633 -5.673652 1.4982879 7.7194176 3.026099443435669 0.9369713664054871
Car 0.0 0 -1.6476619243621826 639.0616455078125 176.18063354492188 673.2239990234375 203.24078369140625 4.208913 1.4634947 1.6393661 2.580245 1.6656826 41.65708 -1.5858007669448853 0.8986719250679016
Car 0.0 0 -2.8157174587249756 335.3059997558594 175.03099060058594 457.88433837890625 224.0168914794922 3.4102266 1.4950758 1.5945377 -6.7749586 1.5673159 22.958698 -3.1026666164398193 0.8765265345573425
Car 0.0 0 1.276289701461792 708.8323364257812 186.26734924316406 860.5111083984375 287.29486083984375 3.9640348 1.514971 1.5937047 2.989949 1.802222 13.393894 1.4959208965301514 0.8195809721946716
Car 0.0 0 0.035607077181339264 469.66644287109375 175.77476501464844 544.9534301757812 202.07717895507812 4.3332405 1.511025 1.7014102 -6.077803 1.6888397 42.7612 -0.10558082908391953 0.6016952395439148
Car 0.0 0 -2.8387134075164795 382.2177734375 175.8820343017578 501.2718505859375 217.0948028564453 4.1894097 1.5320326 1.6504868 -6.5039988 1.6537676 27.94147 -3.067413091659546 0.5232559442520142
Car 0.0 0 0.21460729837417603 352.2923278808594 175.07864379882812 488.19110107421875 223.6893768310547 4.3784366 1.647893 1.7174934 -6.6598287 1.7297765 25.491577 -0.040936924517154694 0.3787117302417755
Car 0.0 0 3.5752267837524414 0.0 180.02444458007812 321.52276611328125 302.2394714355469 3.770054 1.5279964 1.6069857 -6.30196 1.6395868 10.164454 3.020231246948242 0.3357102870941162
