Pedestrian 0.0 0 1.7413161993026733 1185.1224365234375 182.34922790527344 1236.9345703125 278.4200134277344 0.7303316 1.6023611 0.5801818 10.429754 1.7743311 12.5801115 2.4335312843322754 0.5347668528556824
Pedestrian 0.0 0 1.7793667316436768 944.1189575195312 184.62509155273438 969.8689575195312 239.58792114257812 0.82499427 1.5603396 0.52297765 10.1410055 1.9141369 21.175745 2.225990056991577 0.18175476789474487
Cyclist 0.0 0 1.8732154369354248 768.7119140625 176.9662322998047 783.19775390625 201.86965942382812 1.5678635 1.6837567 0.5341367 11.444861 1.972929 49.86129 2.0988411903381348 0.244958758354187
Cyclist 0.0 0 2.5603325366973877 934.1832275390625 181.95184326171875 983.25048828125 237.33792114257812 1.1019773 1.575507 0.67113656 10.124282 1.8465745 21.061098 3.008429527282715 0.17306002974510193
Car 0.0 0 2.16190242767334 134.57647705078125 194.513916015625 226.02325439453125 227.7772674560547 4.2915225 1.3874502 1.7245778 -20.832506 2.5084279 35.136864 1.6267229318618774 0.8952885866165161
Car 0.0 0 0.2177647352218628 837.5831909179688 176.8660888671875 957.8387451171875 219.12733459472656 4.24019 1.5689243 1.6224645 11.478363 1.7408752 28.996809 0.5946877002716064 0.5039925575256348
Car 0.0 0 0.22214248776435852 115.27440643310547 181.115478515625 186.27984619140625 204.10214233398438 3.7956216 1.4797121 1.6069828 -31.050528 2.0553606 48.84511 -0.34410974383354187 0.3751378059387207
Car 0.0 0 0.9111959934234619 773.8900146484375 169.58485412597656 821.51904296875 189.65663146972656 3.7618275 1.4857255 1.5598387 14.350828 1.2440985 55.44193 1.164481282234192 0.22705724835395813
Car 0.0 0 3.5124292373657227 262.82861328125 172.1980438232422 321.08355712890625 191.432373046875 3.930549 1.5069304 1.5986425 -25.296728 1.4558958 57.412117 3.0974059104919434 0.16094572842121124
Car 0.0 0 1.9208710193634033 753.2903442382812 173.87811279296875 796.5101928710938 196.5574951171875 4.190407 1.5421515 1.6708891 11.774874 1.6187106 51.4728 2.1457605361938477 0.15719445049762726
