Cyclist 0.0 0 2.279348850250244 207.30426025390625 179.8936309814453 241.1505584716797 212.40179443359375 1.9000586 1.6961341 0.50101244 -20.895615 2.0870926 39.050797 1.7880263328552246 0.6540894508361816
Cyclist 0.0 0 -1.6877470016479492 687.9456176757812 163.56082153320312 700.5440673828125 195.53436279296875 1.7341104 1.6678965 0.465731 4.452012 1.1834769 38.503685 -1.5726325511932373 0.37406015396118164
Cyclist 0.0 0 -0.9471969604492188 49.90528869628906 202.9231414794922 93.24968719482422 252.55679321289062 1.5387375 1.6709747 0.43680963 -19.423403 2.7871292 25.998672 -1.5888344049453735 0.23798801004886627
Cyclist 0.0 0 -1.959591031074524 901.4655151367188 159.80682373046875 940.8523559570312 216.10922241210938 1.8223232 1.6002942 0.40820095 9.166673 1.2298096 21.419897 -1.5552232265472412 0.18116390705108643
Car 0.0 0 2.0266292095184326 224.4470672607422 188.0426025390625 295.3948974609375 221.5408935546875 3.6876717 1.4469326 1.6087679 -16.779375 2.2164333 34.687458 1.5760818719863892 0.9418269991874695
Car 0.0 0 -1.9524788856506348 839.2356567382812 176.62086486816406 971.1937255859375 249.3864288330078 3.8634503 1.5512078 1.6066732 6.941633 1.6531192 17.514462 -1.575134038925171 0.2560010850429535
Car 0.0 0 -1.6462757587432861 600.5975952148438 163.7575225830078 623.71630859375 185.8045196533203 4.241306 1.8912717 1.7321675 0.13796096 1.1113002 64.07181 -1.6441224813461304 0.18573790788650513
Car 0.0 0 -1.6229429244995117 654.6563720703125 183.12925720214844 685.4091186523438 210.4027099609375 3.7326372 1.478313 1.6008514 3.4553533 2.1096892 42.4191 -1.5416648387908936 0.18368111550807953
Car 0.0 0 1.4264086484909058 350.25091552734375 175.66355895996094 376.6624755859375 194.382080078125 3.9151504 1.5440519 1.6058272 -21.320433 1.7950464 62.25648 1.0964655876159668 0.18055769801139832
Car 0.0 0 -1.2403398752212524 291.38330078125 181.89651489257812 334.86407470703125 204.29022216796875 4.454076 1.5479326 1.6527439 -22.169367 2.2532837 53.979446 -1.6300363540649414 0.15308894217014313
Car 0.0 0 0.7943382859230042 134.76609802246094 179.7581024169922 207.8915557861328 205.48988342285156 3.771742 1.4992232 1.6318139 -26.745905 1.9322629 43.962715 0.24778199195861816 0.14008696377277374
Car 0.0 0 -1.4043854475021362 657.8231201171875 182.4108123779297 701.0289306640625 214.26141357421875 3.5455017 1.4303299 1.5490776 3.4193285 1.9257421 35.460728 -1.3082568645477295 0.13951054215431213
