Pedestrian 0.0 0 -1.6492456197738647 1111.776123046875 51.11807632446289 1242.0 375.0 0.57716966 1.7381171 0.6806158 3.2016914 1.1224871 4.077054 -0.9835354685783386 0.6114149689674377
Pedestrian 0.0 0 -3.3876891136169434 1182.930419921875 160.27078247070312 1242.0 323.0430603027344 0.746606 1.6218091 0.4343966 6.4638433 1.496792 7.547271 -2.6794636249542236 0.3837279677391052
Pedestrian 0.0 0 -0.505600094795227 924.785888671875 165.07464599609375 971.8646850585938 246.0565948486328 0.748388 1.8149099 0.6620126 7.68974 1.6409229 16.524231 -0.07004526257514954 0.23097527027130127
Pedestrian 0.0 0 -0.4070058763027191 886.2445678710938 137.19378662109375 929.3877563476562 205.664306640625 0.9113696 1.7905374 0.55869466 7.850454 0.8583635 19.153326 -0.018016377463936806 0.18850474059581757
Pedestrian 0.0 0 -1.9535393714904785 987.7342529296875 124.06146240234375 1050.8607177734375 236.32952880859375 0.80337137 1.8583219 0.6898784 6.954393 1.0510393 12.383246 -1.4418361186981201 0.18664342164993286
Pedestrian 0.0 0 3.47312068939209 0.0 141.88270568847656 95.37865447998047 352.8854064941406 1.0920678 1.8977764 0.6340313 -5.7808332 1.6195759 6.9760537 2.781141996383667 0.16524294018745422
Car 0.0 0 1.6769543886184692 548.1211547851562 184.574951171875 588.92724609375 217.779541015625 3.865702 1.5129061 1.6464344 -2.06732 2.1339462 36.235245 1.6199634075164795 0.836952805519104
Car 0.0 0 1.471289873123169 698.3500366210938 174.55470275878906 736.4441528320312 203.15126037597656 4.413994 1.567386 1.7547268 6.1669564 1.6721733 42.05708 1.6168853044509888 0.4338817894458771
Car 0.0 0 1.4002735614776611 680.4126586914062 175.72360229492188 708.7871704101562 195.08004760742188 3.8922157 1.4517465 1.5703121 6.5844035 1.685467 56.688232 1.515906572341919 0.3873732089996338
Car 0.0 0 -1.5080375671386719 581.8504028320312 179.39283752441406 601.0421142578125 195.6968231201172 3.8933244 1.4349583 1.5439664 -1.7178363 2.0609424 67.05908 -1.5336487293243408 0.29786282777786255
Car 0.0 0 2.985849618911743 480.8575439453125 163.8272247314453 532.5590209960938 184.10025024414062 4.2891555 1.7444674 1.7383801 -9.125508 0.96808195 63.54582 2.843219518661499 0.18176504969596863
