Pedestrian 0.0 0 2.660484790802002 735.4185791015625 159.72776794433594 853.3236083984375 331.7572021484375 1.0368534 1.7349397 0.64300096 1.9580415 1.5271426 7.555868 2.914048910140991 0.8138248324394226
Pedestrian 0.0 0 3.263333797454834 57.3250732421875 188.59954833984375 94.79568481445312 255.03781127929688 0.78462493 1.8550216 0.71790785 -15.260446 2.0957553 20.366613 2.620288848876953 0.2721613645553589
Pedestrian 0.0 0 -1.7815361022949219 838.591064453125 173.5200958251953 870.4999389648438 239.89602661132812 0.8038036 1.6358757 0.6027968 6.257209 1.4654486 17.857351 -1.4445053339004517 0.13874341547489166
Pedestrian 0.0 0 -0.2550565302371979 819.5481567382812 186.91616821289062 867.8333740234375 277.8275146484375 0.7390817 1.7403692 0.74090636 4.6655493 1.8724858 13.980469 0.06704115867614746 0.13315518200397491
Cyclist 0.0 0 1.8951642513275146 59.058650970458984 157.63160705566406 132.77447509765625 259.0402526855469 1.7156345 1.7498995 0.5952142 -9.434199 1.3569305 13.103248 1.2711482048034668 0.14650358259677887
Cyclist 0.0 0 -1.420961856842041 1135.073974609375 200.2297821044922 1224.0 370.0 1.6975678 1.7044859 0.6198523 5.571078 1.9157344 6.708796 -0.7279489040374756 0.13033002614974976
Car 0.0 0 1.5605950355529785 590.9017944335938 172.99209594726562 631.4443969726562 211.76675415039062 4.1272683 1.5738721 1.6458321 0.22127883 1.2706163 30.760408 1.5677884817123413 0.2496277242898941
Car 0.0 0 -1.2062793970108032 481.3416442871094 145.4867401123047 580.3758544921875 204.3388671875 3.8527343 1.5823368 1.6662766 -2.1292462 0.6425296 21.082191 -1.306935429573059 0.24448557198047638
Car 0.0 0 -0.7346204519271851 0.0 187.18045043945312 123.8370590209961 237.52931213378906 3.9278467 1.5227962 1.6985887 -18.762674 1.7708929 24.012026 -1.3979082107543945 0.1577257513999939
Car 0.0 0 -2.4871251583099365 200.2216033935547 186.27171325683594 381.6576232910156 248.5613555908203 4.539111 1.5933421 1.6648839 -8.738614 1.7664605 19.670065 -2.9051949977874756 0.1467902511358261
Car 0.0 0 2.11826491355896 0.0 192.52899169921875 34.179786682128906 236.5146484375 3.6894765 1.5188681 1.6431836 -24.248827 2.0206537 27.441881 1.3945605754852295 0.1367272436618805
