Pedestrian 0.0 0 1.5101300477981567 728.1481323242188 167.14768981933594 781.1270751953125 286.62347412109375 0.9208897 1.7152265 0.71968275 2.244892 1.5104953 10.817301 1.7147533893585205 0.7946511507034302
Pedestrian 0.0 0 1.9184362888336182 502.7268371582031 175.96446228027344 524.9434204101562 215.52285766601562 0.82823974 1.7260658 0.7403866 -3.8900745 1.4854888 31.827305 1.796815037727356 0.7103146314620972
Pedestrian 0.0 0 1.7100874185562134 430.1934814453125 174.20919799804688 451.93780517578125 229.8397674560547 0.65976506 1.7333816 0.5872792 -5.0969696 1.5073183 22.732473 1.4895199537277222 0.6576387882232666
Pedestrian 0.0 0 1.8838298320770264 555.9302368164062 172.81871032714844 570.41455078125 203.15899658203125 0.7783815 1.7460338 0.6334687 -2.2222598 1.2472272 41.793922 1.8307080268859863 0.46433112025260925
Pedestrian 0.0 0 1.9611355066299438 394.7566223144531 177.56886291503906 420.0647277832031 231.18563842773438 0.652006 1.6484913 0.5584902 -6.084251 1.5287396 22.441591 1.6963847875595093 0.4627206027507782
Pedestrian 0.0 0 -1.5169343948364258 370.0580749511719 168.0329132080078 390.1175537109375 222.71511840820312 0.84513044 1.7977512 0.6004193 -7.4438257 1.3560909 24.096525 -1.816551685333252 0.41584837436676025
Pedestrian 0.0 0 1.635464072227478 573.8909912109375 175.8638916015625 585.6890869140625 205.5994415283203 0.5585007 1.7273324 0.6558198 -1.2624925 1.4007128 42.015797 1.6054251194000244 0.4055960178375244
Pedestrian 0.0 0 1.49409818649292 880.018310546875 115.91083526611328 944.204833984375 256.1513366699219 0.85170156 1.8965747 0.77115947 4.360989 1.010889 10.238848 1.8967527151107788 0.2907505929470062
Pedestrian 0.0 0 -1.4166585206985474 521.0857543945312 174.5526580810547 534.7467651367188 205.56838989257812 0.79178995 1.810172 0.6885863 -4.3276124 1.4054811 42.334923 -1.518527865409851 0.24652011692523956
Pedestrian 0.0 0 1.449620008468628 841.1573486328125 116.57872772216797 888.0219116210938 231.9961700439453 0.7582979 1.8605347 0.64552784 4.3472404 0.81529325 12.018785 1.7966830730438232 0.24080196022987366
Pedestrian 0.0 0 -0.38531696796417236 541.0657958984375 173.6297607421875 559.93505859375 197.58106994628906 1.2628913 1.7506222 0.58439696 -3.743495 1.1759765 53.041435 -0.4557769298553467 0.23275376856327057
Pedestrian 0.0 0 1.7888493537902832 286.6869812011719 176.35043334960938 325.555908203125 254.46450805664062 0.6604795 1.6635985 0.6592649 -6.4730215 1.5551575 15.677981 1.3972947597503662 0.2234213650226593
Pedestrian 0.0 0 0.12610837817192078 464.99114990234375 177.45751953125 489.328369140625 214.69369506835938 1.060804 1.7508806 0.7074102 -5.9124727 1.5617154 34.151554 -0.04531699791550636 0.2088702768087387
Pedestrian 0.0 0 1.2382116317749023 1009.298583984375 109.46341705322266 1066.1129150390625 233.8785400390625 0.6868136 1.7307673 0.50207937 6.244732 0.72996944 10.378343 1.77988600730896 0.2008686661720276
Cyclist 0.0 0 -1.463606595993042 0.0 195.27426147460938 57.124080657958984 345.8507080078125 1.772441 1.7258301 0.46533635 -7.4432845 1.9215074 9.2616415 -2.140580177307129 0.37909212708473206
Cyclist 0.0 0 -1.1769895553588867 73.42132568359375 36.07832717895508 232.16427612304688 270.5439147949219 1.704277 1.7665274 0.56490767 -3.8863251 0.67227864 6.2956605 -1.7300342321395874 0.35634350776672363
Car 0.0 0 2.0504794120788574 0.0 203.9514617919922 465.6236572265625 374.0 4.032114 1.4831463 1.6190569 -2.1374211 1.687066 4.4376206 1.6016117334365845 0.6962593793869019
Car 0.0 0 -0.7557452321052551 0.0 134.86439514160156 190.03994750976562 233.84304809570312 4.0440454 1.5040152 1.7094125 -9.760748 0.7966749 13.051662 -1.397871971130371 0.19960877299308777
