Pedestrian 0.0 0 1.7393019199371338 504.922607421875 170.94570922851562 527.7924194335938 220.35076904296875 0.78111476 1.7542713 0.6986663 -3.3304374 1.248705 25.925768 1.6115411520004272 0.22896316647529602
Cyclist 0.0 0 1.822794795036316 610.8942260742188 156.79246520996094 629.22998046875 192.02383422851562 1.4326202 1.7239871 0.57955164 0.5913657 0.33427614 35.93973 1.839247703552246 0.41618233919143677
Car 0.0 0 -1.6184282302856445 549.4461059570312 189.79751586914062 723.2120971679688 351.9820861816406 3.6787682 1.4552879 1.592788 0.15600035 1.5219352 8.413505 -1.5998886823654175 0.9458795785903931
Car 0.0 0 -1.6369688510894775 566.9365234375 177.78176879882812 657.5502319335938 258.33392333984375 4.084713 1.5258968 1.6677805 -0.07421244 1.386207 15.709783 -1.6416927576065063 0.9123294353485107
Car 0.0 0 -1.6721559762954712 558.4713134765625 176.26832580566406 623.3219604492188 229.49514770507812 3.9317577 1.5771258 1.694785 -0.67244387 1.313144 23.355347 -1.7009398937225342 0.8952794075012207
Car 0.0 0 -0.8804843425750732 736.5379638671875 165.60458374023438 780.9512939453125 184.43260192871094 3.7415993 1.511309 1.5875531 12.530001 -0.065783635 59.634068 -0.6733822226524353 0.6847317814826965
Car 0.0 0 -3.0194852352142334 620.95849609375 178.0467987060547 672.8216552734375 197.44677734375 3.835842 1.4664667 1.5317115 3.0161066 0.92569387 55.426056 -2.9651219844818115 0.3185988962650299
Car 0.0 0 -2.7432658672332764 431.8475036621094 178.73202514648438 482.07049560546875 194.99563598632812 4.292643 1.4954162 1.6696396 -14.116086 0.90038264 67.322334 -2.949950695037842 0.3009112775325775
Car 0.0 0 1.8574010133743286 422.8036804199219 176.969482421875 459.8333740234375 196.55633544921875 4.0446815 1.482777 1.7645743 -13.044367 0.8596482 56.48681 1.6304517984390259 0.26527923345565796
Car 0.0 0 -2.569190502166748 515.5206909179688 170.32046508789062 571.9976806640625 191.08604431152344 3.8776717 1.4812138 1.6230729 -4.734714 0.41986492 52.8917 -2.6584696769714355 0.22268949449062347
