Pedestrian 0.0 0 -1.7972440719604492 356.9957275390625 178.08221435546875 381.83575439453125 231.2451171875 0.6784055 1.7396876 0.6523727 -8.103365 1.9184495 24.158741 -2.120872974395752 0.3022195100784302
Pedestrian 0.0 0 1.6073081493377686 684.234375 167.2978515625 698.5275268554688 208.22860717773438 0.69808584 1.6557584 0.55828744 3.296872 1.4313557 29.571663 1.7183371782302856 0.2748991549015045
Pedestrian 0.0 0 1.9145076274871826 179.2900848388672 136.1309356689453 276.1563415527344 267.5331115722656 1.9133437 1.8587021 0.72667074 -5.9224014 1.339607 11.202108 1.4281752109527588 0.16656330227851868
Cyclist 0.0 0 1.9145076274871826 179.2900848388672 136.1309356689453 276.1563415527344 267.5331115722656 1.9133437 1.8587021 0.72667074 -5.9224014 1.339607 11.202108 1.4281752109527588 0.4213245213031769
Car 0.0 0 1.829081416130066 275.6484069824219 184.77037048339844 441.1520690917969 307.748291015625 3.6988308 1.5708053 1.5548675 -3.8382473 1.7920535 11.476534 1.5063323974609375 0.9536478519439697
Car 0.0 0 1.6718116998672485 486.2788391113281 181.86366271972656 529.52294921875 218.2589569091797 3.3608549 1.431682 1.5057391 -4.367511 1.8396885 30.935034 1.531555414199829 0.9279905557632446
Car 0.0 0 2.157968282699585 0.0 191.9296112060547 257.95733642578125 375.0 3.8407764 1.5147034 1.6012719 -3.9827065 1.6953787 4.825349 1.4679471254348755 0.8425393104553223
Car 0.0 0 2.8896024227142334 453.9361267089844 176.4415740966797 516.872314453125 197.33621215820312 4.3442197 1.4940807 1.6808491 -9.315527 1.7702966 53.819374 2.7182118892669678 0.6388348340988159
Car 0.0 0 2.4069182872772217 446.1746826171875 170.3928680419922 494.5257263183594 190.3388671875 3.5940235 1.5171463 1.597444 -10.986139 1.3303032 56.795517 2.2158448696136475 0.3417649269104004
Car 0.0 0 -1.7733341455459595 644.5382080078125 171.14239501953125 679.1942749023438 195.5035400390625 3.7766428 1.5832136 1.6072768 3.4405134 1.4723358 48.867313 -1.7030448913574219 0.2527417838573456
Car 0.0 0 -1.6824355125427246 657.391357421875 175.4800262451172 694.451416015625 203.50173950195312 3.9415665 1.4651548 1.6111306 3.5770226 1.6186489 40.08509 -1.593435525894165 0.19049793481826782
