Pedestrian 0.0 0 -0.5371484160423279 161.2332763671875 156.61793518066406 182.17933654785156 196.87257385253906 0.60965604 1.9644085 0.70446736 -21.688858 1.1724535 35.642185 -1.0838065147399902 0.18373967707157135
Pedestrian 0.0 0 2.7927682399749756 778.5189819335938 172.0449676513672 799.8269653320312 215.55628967285156 0.6581513 1.7493587 0.65035015 7.246425 1.7171897 29.364862 3.0347063541412354 0.13920952379703522
Cyclist 0.0 0 -2.4060161113739014 1197.387939453125 146.434814453125 1242.0 191.6294708251953 1.8108487 1.7525938 0.4518309 24.54052 0.728448 28.904812 -1.7020962238311768 0.44496309757232666
Cyclist 0.0 0 2.080705404281616 96.47721099853516 201.89520263671875 140.260498046875 253.44178771972656 1.6637996 1.6949539 0.5385975 -17.419567 2.7575314 25.535929 1.4820538759231567 0.3301179111003876
Car 0.0 0 1.9194011688232422 286.8267517089844 191.249267578125 354.220458984375 227.7797393798828 3.8129756 1.427827 1.5708193 -12.818979 2.295174 32.073708 1.5391771793365479 0.8790098428726196
Car 0.0 0 -1.6746407747268677 595.623046875 180.3489990234375 632.1712646484375 208.6774139404297 4.3903766 1.5422803 1.7086035 0.14403549 2.0103188 42.750717 -1.671271562576294 0.8583840727806091
Car 0.0 0 3.451923370361328 263.4859924316406 168.33229064941406 330.9818115234375 191.52867126464844 4.4173393 1.7382592 1.7286408 -23.880287 1.3997744 55.14388 3.043250560760498 0.28574615716934204
Car 0.0 0 1.3067705631256104 660.1921997070312 181.40524291992188 693.60546875 201.61117553710938 3.8750734 1.4335117 1.571377 5.0286803 2.109482 54.96047 1.3980128765106201 0.18477874994277954
Car 0.0 0 1.3885289430618286 693.3025512695312 180.6985321044922 737.8455810546875 211.95347595214844 3.7840946 1.4467512 1.5450232 5.2139792 1.8624791 36.281757 1.5312597751617432 0.18427322804927826
Car 0.0 0 -0.3367554247379303 784.9940795898438 174.17181396484375 831.7782592773438 192.17567443847656 3.7872698 1.6159599 1.6382426 18.063263 1.7383153 65.84634 -0.06901732832193375 0.16405737400054932
Car 0.0 0 1.3809562921524048 30.549875259399414 181.3279266357422 86.7359848022461 212.98953247070312 3.7993047 1.5236858 1.6345261 -28.793839 1.9876287 37.597008 0.7273852825164795 0.15865017473697662
Car 0.0 0 1.7597715854644775 308.8331604003906 182.8332061767578 345.71697998046875 206.55474853515625 4.071236 1.5151861 1.647541 -19.585726 2.2375233 50.047314 1.386749267578125 0.1450367271900177
