Pedestrian 0.0 0 -2.486571788787842 269.75018310546875 180.36851501464844 325.8336486816406 261.61541748046875 0.80864364 1.6143483 0.6769723 -6.3216443 1.6133647 14.469716 -2.898468494415283 0.5681996941566467
Pedestrian 0.0 0 -0.187910795211792 994.5610961914062 114.22425842285156 1068.8067626953125 246.2011260986328 0.81176895 1.7567681 0.41011232 5.814736 0.876232 9.738593 0.3503601551055908 0.4480966627597809
Pedestrian 0.0 0 3.3786683082580566 126.96722412109375 114.94709014892578 214.04843139648438 254.04302978515625 0.91756815 1.8467039 0.5927731 -6.050799 0.9780648 9.80635 2.825821876525879 0.41583558917045593
Pedestrian 0.0 0 -0.9204274415969849 787.3627319335938 161.22549438476562 805.91552734375 195.00738525390625 0.66816235 1.784747 0.69543296 10.242241 0.76785743 37.82879 -0.6560143232345581 0.255048543214798
Pedestrian 0.0 0 1.8965239524841309 116.04986572265625 151.49090576171875 137.8468780517578 192.1447296142578 0.86587375 1.9665344 0.64432937 -23.472336 0.56472725 34.69987 1.3017865419387817 0.23661626875400543
Pedestrian 0.0 0 -2.5217976570129395 593.2037963867188 170.0558624267578 604.68505859375 193.45950317382812 0.5107922 1.7671249 0.79039097 -0.45031565 0.97978675 53.851986 -2.5301594734191895 0.19736342132091522
Pedestrian 0.0 0 -0.10712409019470215 771.3580322265625 159.66921997070312 801.5618896484375 191.49806213378906 1.6213695 1.8066064 0.60263896 10.389382 0.625635 40.541515 0.14374256134033203 0.18325203657150269
Pedestrian 0.0 0 2.458775043487549 876.353515625 146.93128967285156 903.4989013671875 185.88258361816406 1.0607141 1.822457 0.5871705 13.488087 0.2532916 33.5138 2.8414034843444824 0.16123758256435394
Cyclist 0.0 0 -1.8460447788238525 985.7622680664062 150.6113739013672 1025.64306640625 215.12786865234375 1.7555418 1.5960214 0.43611312 10.363156 0.8582274 18.390577 -1.3328932523727417 0.6338734030723572
Cyclist 0.0 0 -0.08413097262382507 770.305908203125 158.61488342285156 800.6702270507812 190.58370971679688 1.6420778 1.8147146 0.6011926 10.338602 0.57378817 40.562466 0.1654362678527832 0.2736004590988159
Car 0.0 0 -0.3382472097873688 873.4763793945312 161.59864807128906 1005.8905029296875 210.20516967773438 3.6495144 1.5464753 1.584968 10.98679 0.94665575 23.460869 0.09972262382507324 0.9060277938842773
Car 0.0 0 -0.8101381659507751 0.0 211.1788330078125 297.5307312011719 370.0 3.8119195 1.4393265 1.5769333 -3.1603477 1.6711806 3.3856053 -1.5611381530761719 0.8276149034500122
Car 0.0 0 3.3807740211486816 1.9319581985473633 163.94419860839844 87.91658020019531 193.2105255126953 3.7676563 1.6972725 1.6813177 -33.61889 0.73851174 42.54844 2.7120790481567383 0.2392495572566986
Car 0.0 0 -1.4852490425109863 0.0 187.2679901123047 16.831924438476562 217.48680114746094 4.3274283 1.4800396 1.6514788 -32.7654 1.8652916 37.861275 -2.198619842529297 0.16381071507930756
