Pedestrian 0.0 0 3.283123254776001 249.58209228515625 165.5111541748047 265.72735595703125 194.92996215820312 0.88823265 1.9248788 0.5573816 -23.276611 1.4447927 47.60963 2.828390598297119 0.5407260060310364
Pedestrian 0.0 0 -0.5972437262535095 986.7245483398438 146.43251037597656 1017.9697875976562 196.18551635742188 0.7913932 1.8026358 0.62796974 14.357314 0.8456986 26.491928 -0.10060153901576996 0.23236121237277985
Pedestrian 0.0 0 3.324659585952759 324.080810546875 169.1566925048828 336.5919494628906 192.39268493652344 0.90121317 1.9221052 0.46314967 -23.275244 1.6166172 59.99494 2.9545810222625732 0.22001945972442627
Pedestrian 0.0 0 -0.15255406498908997 801.678955078125 163.70372009277344 832.6824951171875 205.2633056640625 1.2097596 1.7770286 0.61270803 8.918858 1.3861338 31.22892 0.12563633918762207 0.15628531575202942
Pedestrian 0.0 0 2.2350099086761475 87.80424499511719 197.7245330810547 121.15869903564453 232.32977294921875 1.5346766 1.7577207 0.6538528 -27.033995 3.1141713 38.55637 1.623509168624878 0.1136910691857338
Cyclist 0.0 0 -3.3622446060180664 916.3132934570312 187.94699096679688 961.553466796875 227.3367919921875 1.8551533 1.8286419 0.7018653 15.644187 2.5605257 34.435642 -2.935818672180176 0.258013516664505
Cyclist 0.0 0 2.114675521850586 88.62051391601562 194.23886108398438 120.27739715576172 229.38174438476562 1.6161662 1.788736 0.64330125 -27.03631 2.9565048 38.55841 1.5031594038009644 0.21913474798202515
Cyclist 0.0 0 -0.15255406498908997 801.678955078125 163.70372009277344 832.6824951171875 205.2633056640625 1.2097596 1.7770286 0.61270803 8.918858 1.3861338 31.22892 0.12563633918762207 0.13733434677124023
Cyclist 0.0 0 2.5609323978424072 987.7233276367188 142.05958557128906 1022.0094604492188 192.95068359375 0.8787959 1.8412323 0.6715893 14.438123 0.7274532 26.47277 3.0602333545684814 0.114400215446949
Car 0.0 0 -2.4174962043762207 773.9259033203125 187.61610412597656 930.7433471679688 258.8971862792969 3.393609 1.4631138 1.5718259 5.6932034 1.8584036 17.439493 -2.1019492149353027 0.971030592918396
Car 0.0 0 1.936773657798767 323.0842590332031 183.98939514160156 378.7071228027344 211.55979919433594 4.7414536 1.6205204 1.812272 -16.722 2.3789675 46.728695 1.5931200981140137 0.8705700039863586
Car 0.0 0 2.0668787956237793 232.8964080810547 189.7855224609375 298.3144226074219 220.88941955566406 3.4348638 1.4041961 1.5123752 -17.258345 2.2960727 36.235214 1.622381329536438 0.8532929420471191
Car 0.0 0 1.1514077186584473 199.94654846191406 195.4922637939453 242.87744140625 214.010498046875 4.7740326 1.5310975 1.7122633 -36.133 3.7010336 67.011505 0.6568894386291504 0.17665700614452362
Car 0.0 0 0.8859388828277588 966.0432739257812 186.93568420410156 1132.678955078125 251.6045684814453 3.9314225 1.4536694 1.6473366 11.423106 1.8687432 19.181528 1.4230624437332153 0.15808449685573578
