Pedestrian 0.0 0 1.3396294116973877 867.400634765625 144.9907989501953 891.2714233398438 192.35069274902344 1.3337901 1.7862399 0.5719467 10.3642845 0.7357008 27.908213 1.6952141523361206 0.13573546707630157
Cyclist 0.0 0 2.07029390335083 254.88758850097656 181.86155700683594 278.8195495605469 211.5760498046875 1.7927616 1.7453403 0.51941246 -20.868513 2.3043613 43.83887 1.6260075569152832 0.6768589615821838
Cyclist 0.0 0 1.7573814392089844 684.52685546875 166.00296020507812 700.2399291992188 198.16053771972656 1.7463143 1.7616236 0.5628507 4.590811 1.3866749 40.441113 1.8704159259796143 0.6219626665115356
Cyclist 0.0 0 2.113612651824951 114.29255676269531 201.72434997558594 150.9249725341797 245.0665740966797 1.5237324 1.6527368 0.5320157 -19.418232 2.8569727 29.31256 1.5285319089889526 0.2090500444173813
Cyclist 0.0 0 2.0439705848693848 172.25521850585938 185.1593780517578 195.809814453125 217.62464904785156 1.4969239 1.6840143 0.4594033 -22.90906 2.358463 38.762215 1.5101836919784546 0.18144366145133972
Cyclist 0.0 0 1.3396294116973877 867.400634765625 144.9907989501953 891.2714233398438 192.35069274902344 1.3337901 1.7862399 0.5719467 10.3642845 0.7357008 27.908213 1.6952141523361206 0.14541949331760406
Car 0.0 0 1.9394128322601318 291.7890930175781 188.27247619628906 347.4188232421875 216.51361083984375 3.9856474 1.4635773 1.6484305 -16.693583 2.3953578 41.581562 1.5576432943344116 0.9211288690567017
Car 0.0 0 -1.7729145288467407 817.3220825195312 180.381591796875 902.5258178710938 236.10012817382812 3.8811612 1.4133404 1.5542445 7.062596 1.6525291 20.867813 -1.4465709924697876 0.46757030487060547
Car 0.0 0 1.9686765670776367 205.8667449951172 192.49462890625 305.78076171875 241.61920166015625 4.1327257 1.4461497 1.6300997 -12.187292 2.185356 25.03213 1.5155912637710571 0.179434135556221
Car 0.0 0 2.089571475982666 151.59078979492188 199.4659423828125 237.44338989257812 233.86199951171875 4.1349626 1.4124159 1.779953 -20.011711 2.7762685 34.89694 1.568901538848877 0.12911325693130493
Car 0.0 0 2.0586111545562744 152.57505798339844 185.2019500732422 217.64918518066406 216.32562255859375 3.614142 1.5878133 1.6110522 -23.572235 2.3061001 40.108143 1.5272722244262695 0.11179491877555847
Car 0.0 0 -0.22345849871635437 658.10400390625 177.244384765625 736.6156616210938 207.57098388671875 3.7359612 1.5031204 1.609738 4.4152923 1.7349596 37.04411 -0.10482800751924515 0.10568897426128387
Car 0.0 0 1.6612249612808228 373.4420471191406 180.1532745361328 395.9675598144531 197.76138305664062 4.205092 1.5371273 1.6270764 -20.923334 2.2384143 67.05781 1.3587779998779297 0.1026676744222641
