Car 0.0 0 -1.9084972143173218 730.0596313476562 158.91229248046875 1016.0684814453125 346.29632568359375 4.4651704 1.724415 1.7580721 2.756191 1.5964733 8.901165 -1.6082165241241455 0.9343443512916565
Car 0.0 0 -1.7229139804840088 677.4255981445312 175.6131134033203 759.2946166992188 238.9708709716797 3.7730076 1.5568852 1.6391106 2.8178384 1.6401675 19.78774 -1.581461787223816 0.9273064732551575
Car 0.0 0 3.553210973739624 144.10357666015625 174.3744354248047 380.95513916015625 267.0446472167969 3.585574 1.5917534 1.6065253 -6.3066087 1.6219101 13.278809 3.1098134517669678 0.9175392389297485
Car 0.0 0 3.6455745697021484 18.880794525146484 185.09934997558594 325.0635070800781 289.83624267578125 3.6919487 1.4406046 1.5398592 -6.524293 1.6409054 10.947302 3.108121633529663 0.9151833653450012
Car 0.0 0 -1.6862576007843018 649.5282592773438 173.6820831298828 694.2298583984375 208.2911834716797 3.6404624 1.4321804 1.5407685 2.6304166 1.4711416 31.78852 -1.6036983728408813 0.9103879928588867
Car 0.0 0 -2.4706153869628906 0.0 188.4088592529297 273.3548889160156 322.6487731933594 3.7716823 1.3947241 1.4830498 -6.2430954 1.595708 8.492714 -3.104519844055176 0.8852131962776184
Car 0.0 0 -1.7892937660217285 700.221923828125 181.8463134765625 822.8650512695312 266.3564147949219 3.7838786 1.4212077 1.5725323 2.8253007 1.6254987 14.449411 -1.5961995124816895 0.8572760224342346
Car 0.0 0 -2.804753303527832 343.539306640625 170.79122924804688 474.6186828613281 221.55699157714844 3.6262157 1.5225 1.5877627 -6.264522 1.4609941 22.54812 -3.0757477283477783 0.7796451449394226
Car 0.0 0 3.855894088745117 0.0 214.27072143554688 189.96409606933594 375.0 4.115531 1.5015041 1.6542037 -6.1007547 1.9022834 5.982506 3.0607099533081055 0.7342827320098877
Car 0.0 0 0.38668665289878845 294.1387023925781 184.6709442138672 461.0124206542969 240.28228759765625 4.115079 1.4390507 1.5806808 -6.422628 1.7827104 20.01449 0.07616853713989258 0.6994706988334656
Car 0.0 0 3.2739334106445312 430.6250915527344 168.00389099121094 520.236572265625 201.7055206298828 4.1007566 1.5954909 1.6757603 -6.5263715 1.3662372 35.098385 3.090088129043579 0.6777207851409912
Car 0.0 0 -2.7376179695129395 247.1297149658203 161.5179901123047 423.1834716796875 229.51458740234375 3.7494688 1.6029662 1.6103442 -6.7759323 1.3360869 17.889957 -3.099677801132202 0.659831166267395
Car 0.0 0 0.3284352421760559 397.345703125 175.84402465820312 505.5504455566406 212.7607879638672 4.134211 1.4882271 1.6270853 -6.655293 1.6184385 30.29289 0.11217284202575684 0.6423622369766235
