Pedestrian 0.0 0 1.1932713985443115 746.7987060546875 152.46682739257812 774.0159912109375 206.44607543945312 0.85091686 1.7481074 0.6078159 4.917033 1.088231 23.83578 1.3967056274414062 0.19006562232971191
Pedestrian 0.0 0 1.309144377708435 788.6900024414062 133.9325714111328 826.7496337890625 203.77444458007812 1.0412844 1.8321264 0.74236697 5.267916 0.8114783 19.4467 1.5736855268478394 0.1733051836490631
Pedestrian 0.0 0 -1.6381877660751343 347.96826171875 150.38258361816406 379.3614807128906 218.07977294921875 0.9686437 1.8053919 0.7505381 -6.825824 1.206468 19.831732 -1.9696745872497559 0.14630503952503204
Pedestrian 0.0 0 -0.6019353866577148 834.8048706054688 172.61209106445312 858.6856689453125 216.8551483154297 0.65719545 1.8268485 0.7213279 9.873881 1.8172175 30.229168 -0.2862261235713959 0.1353565752506256
Pedestrian 0.0 0 2.9009010791778564 677.6406860351562 171.6630859375 697.443115234375 205.58609008789062 0.9187067 1.765968 0.5949702 4.0351048 1.7043291 37.91562 3.006925344467163 0.13392479717731476
Pedestrian 0.0 0 2.2048661708831787 869.8409423828125 179.97511291503906 899.9324340820312 212.4381103515625 1.7180067 1.66339 0.5756356 14.44107 2.045667 37.986877 2.56815242767334 0.13246791064739227
Pedestrian 0.0 0 0.3088568150997162 892.91015625 147.29922485351562 931.844970703125 185.7644500732422 1.6225785 1.830281 0.6625937 14.668184 0.6146726 35.107914 0.704615592956543 0.11871012300252914
Cyclist 0.0 0 0.23155593872070312 895.3976440429688 146.4880828857422 933.4856567382812 184.70880126953125 1.6030891 1.8202136 0.6381055 14.762558 0.5649283 35.0895 0.6297886371612549 0.4451305568218231
Cyclist 0.0 0 -1.5566320419311523 876.1260986328125 180.70523071289062 886.880126953125 213.4845428466797 1.6241072 1.6733431 0.5102747 14.30085 2.0974035 38.08681 -1.197440266609192 0.23580726981163025
Cyclist 0.0 0 1.2366118431091309 747.1658325195312 155.6069793701172 775.302734375 211.09378051757812 0.8800649 1.7969502 0.6559767 4.945131 1.2387606 23.843142 1.441115140914917 0.1060459315776825
Car 0.0 0 -1.5803251266479492 560.1444091796875 180.60903930664062 599.5232543945312 216.34231567382812 3.4904687 1.3864738 1.5712667 -1.3387198 1.7344202 30.55262 -1.6241140365600586 0.9334107041358948
Car 0.0 0 -0.8929204940795898 1048.3179931640625 197.47177124023438 1220.8193359375 261.4571838378906 3.6531625 1.3975369 1.509106 12.935507 2.0499058 17.897568 -0.2670872211456299 0.8699784278869629
Car 0.0 0 -1.5180085897445679 512.484375 181.1039276123047 543.8004760742188 207.30224609375 3.8453264 1.4317687 1.6399359 -4.8286552 1.9421818 42.638203 -1.6307753324508667 0.8156371116638184
Car 0.0 0 1.1835212707519531 847.6364135742188 188.9403076171875 906.5790405273438 217.2781982421875 4.1513395 1.471747 1.7682822 15.419076 2.4547303 41.96665 1.5356234312057495 0.2278231978416443
Car 0.0 0 -2.7368767261505127 840.174560546875 150.6934356689453 938.3356323242188 184.2716064453125 4.302234 1.5929471 1.6568422 13.958902 0.5420087 36.320763 -2.369957685470581 0.15165482461452484
Car 0.0 0 2.5244393348693848 820.9645385742188 159.27911376953125 892.36083984375 184.63955688476562 4.055924 1.556818 1.6748127 15.570665 0.7238452 45.670692 2.8530142307281494 0.14673879742622375
