Pedestrian 0.0 0 -3.7226123809814453 1069.2001953125 114.92219543457031 1188.95556640625 282.4084167480469 0.89726156 1.8159121 0.6346116 5.785161 1.1881644 8.153559 -3.1055216789245605 0.7271641492843628
Car 0.0 0 1.9553366899490356 275.7945251464844 193.671142578125 422.6346130371094 272.7037353515625 4.1783376 1.4249271 1.6373209 -5.7158375 1.955513 16.250502 1.6171188354492188 0.9281660318374634
Car 0.0 0 -3.4285030364990234 794.1138916015625 157.85604858398438 912.9576416015625 197.20623779296875 4.1157827 1.4928612 1.6251013 9.422196 0.9242296 28.254826 -3.1066277027130127 0.8757537007331848
Car 0.0 0 1.8400897979736328 374.61468505859375 187.84202575683594 462.4202575683594 244.42990112304688 3.9231873 1.4713291 1.5660403 -5.7068987 1.9649909 21.773771 1.5837559700012207 0.8607775568962097
Car 0.0 0 1.8096210956573486 421.89947509765625 185.07691955566406 488.21392822265625 230.2834930419922 3.690002 1.482212 1.5530156 -5.657694 1.9636662 26.530573 1.5995163917541504 0.8435493111610413
Car 0.0 0 1.7442525625228882 493.1529235839844 181.41946411132812 534.4418334960938 211.9676971435547 4.070823 1.5598112 1.594514 -5.3203764 2.060353 40.065052 1.6122314929962158 0.795394778251648
Car 0.0 0 1.7511582374572754 459.2096252441406 181.5845489501953 509.40362548828125 217.74241638183594 3.940531 1.4872186 1.5525149 -5.6522675 1.9060689 32.606667 1.579516887664795 0.7479260563850403
Car 0.0 0 -0.6894370317459106 0.0 224.13525390625 103.85382843017578 375.0 3.8184803 1.5440979 1.6265639 -5.853272 2.0471053 5.1362495 -1.5399888753890991 0.7129018902778625
Car 0.0 0 1.484860897064209 668.0416870117188 173.35830688476562 709.3679809570312 207.50177001953125 4.043696 1.5213225 1.5953969 3.638352 1.5470413 34.244164 1.5907111167907715 0.5512261986732483
Car 0.0 0 2.838980197906494 768.4727172851562 162.1095733642578 859.8524169921875 195.0757293701172 3.7483923 1.4765227 1.5399472 9.292636 0.99564826 33.138638 3.112375497817993 0.5384329557418823
