Pedestrian 0.0 0 2.057276725769043 362.932373046875 140.48739624023438 446.26055908203125 290.8731689453125 0.8440687 1.7607704 0.67991275 -2.5121324 1.2939715 8.756321 1.777886986732483 0.8221920132637024
Pedestrian 0.0 0 1.6578742265701294 415.14483642578125 162.43812561035156 451.4565734863281 250.166259765625 0.8555689 1.8090541 0.6822025 -3.6846404 1.4382215 15.049958 1.4177699089050293 0.1425720602273941
Pedestrian 0.0 0 1.3444689512252808 837.1682739257812 172.99703979492188 871.5565185546875 241.0511932373047 0.9147716 1.6691203 0.62553436 6.2392383 1.4866978 17.825415 1.6811609268188477 0.14001458883285522
Pedestrian 0.0 0 -0.257170170545578 826.6292114257812 189.35696411132812 871.4227294921875 278.6701354980469 0.69699067 1.7157085 0.6353286 4.7760057 1.8968908 13.987077 0.07187509536743164 0.12727703154087067
Pedestrian 0.0 0 -0.3814218044281006 1123.2012939453125 179.8236541748047 1224.0 370.0 0.7421712 1.6521531 0.6559129 4.421863 1.6491716 5.329792 0.3111388683319092 0.12649650871753693
Pedestrian 0.0 0 -1.1935813426971436 1170.9310302734375 153.07818603515625 1224.0 256.3154296875 0.62028396 1.7043704 0.5936161 10.13043 1.2533077 12.076467 -0.49559199810028076 0.12167904525995255
Pedestrian 0.0 0 2.938709259033203 669.9942016601562 144.75823974609375 726.8099975585938 234.7184295654297 1.0434422 1.797123 0.6434525 1.8604712 1.0847428 14.479611 3.066498041152954 0.11371423304080963
Pedestrian 0.0 0 2.4117953777313232 742.4486083984375 122.8563232421875 800.19580078125 231.0233917236328 0.7236268 1.8174703 0.6626422 2.854744 0.8505653 12.339782 2.6391406059265137 0.1066972017288208
Pedestrian 0.0 0 2.583559989929199 647.9303588867188 167.3446807861328 713.2132568359375 265.0779113769531 1.0433387 1.7535543 0.615742 1.3644785 1.5191599 13.186854 2.6866657733917236 0.1058485358953476
Pedestrian 0.0 0 3.1225435733795166 219.37684631347656 161.20501708984375 320.3587341308594 254.1479949951172 1.7294315 1.7094389 0.5167722 -6.4778624 1.3561976 13.616762 2.678502082824707 0.10419505834579468
Cyclist 0.0 0 3.1225435733795166 219.37684631347656 161.20501708984375 320.3587341308594 254.1479949951172 1.7294315 1.7094389 0.5167722 -6.4778624 1.3561976 13.616762 2.678502082824707 0.42533355951309204
Cyclist 0.0 0 1.3586949110031128 856.1015625 139.9477081298828 908.8216552734375 245.1459503173828 1.5538743 1.6606894 0.50552577 4.621717 1.0221752 11.963544 1.7273499965667725 0.136371448636055
Car 0.0 0 -1.2283782958984375 486.92156982421875 136.73419189453125 582.1583862304688 195.91783142089844 3.790169 1.5948989 1.6431879 -2.0247142 0.41706628 21.08715 -1.3241013288497925 0.11358057707548141
