Pedestrian 0.0 0 -2.1349599361419678 995.1132202148438 100.40314483642578 1079.2056884765625 237.58230590820312 0.7915892 1.8262213 0.6850421 5.85185 0.8620648 10.010441 -1.6059598922729492 0.2981199324131012
Pedestrian 0.0 0 1.0551073551177979 251.68328857421875 151.64083862304688 293.00823974609375 225.9790496826172 0.67753845 1.794706 0.6823988 -8.420225 1.2829267 17.89109 0.6152241230010986 0.2770041525363922
Pedestrian 0.0 0 -0.17473700642585754 250.43821716308594 163.34454345703125 265.5542297363281 205.53794860839844 0.4796056 1.7854301 0.6286275 -15.1301365 1.3833917 30.924643 -0.629754364490509 0.21808232367038727
Pedestrian 0.0 0 -3.4092538356781006 943.8092651367188 151.76780700683594 1049.8831787109375 331.39691162109375 0.7917705 1.7023534 0.64256555 3.7950928 1.5028763 7.2338057 -2.9260945320129395 0.16547459363937378
Pedestrian 0.0 0 1.5389796495437622 734.2039794921875 141.7970428466797 755.2349853515625 200.03187561035156 0.8750327 1.8722624 0.64856094 4.3687096 0.87413275 23.676073 1.721447229385376 0.1378248929977417
Pedestrian 0.0 0 -0.0013836026191711426 281.9818115234375 154.56788635253906 295.1312561035156 199.8258514404297 0.51032054 1.9158484 0.764834 -13.850464 1.1421235 30.994549 -0.4216296672821045 0.11789721995592117
Cyclist 0.0 0 1.4550771713256836 1173.538818359375 57.11637496948242 1242.0 259.9790344238281 1.5434228 1.755361 0.5466492 5.869708 0.7542467 7.0360694 2.1503450870513916 0.1575257033109665
Car 0.0 0 1.8138258457183838 336.7112731933594 187.07080078125 482.9747009277344 284.1744384765625 4.4072146 1.5109277 1.7009506 -3.736072 1.8326576 14.090597 1.5546432733535767 0.9553605318069458
Car 0.0 0 1.7767213582992554 437.8871154785156 175.65602111816406 516.65185546875 238.21871948242188 3.9346535 1.7594706 1.6344916 -4.071328 1.8547657 22.45574 1.597365140914917 0.8849635720252991
Car 0.0 0 1.7147384881973267 521.7429809570312 173.85250854492188 559.4187622070312 203.39505004882812 3.7239597 1.5326139 1.533707 -3.7843332 1.5901997 39.4544 1.6191143989562988 0.6816484332084656
Car 0.0 0 -2.2573349475860596 1091.499267578125 179.06520080566406 1242.0 375.0 3.8059528 1.4511578 1.5212663 4.298456 1.50179 3.8398137 -1.415640115737915 0.18439295887947083
Car 0.0 0 1.6494718790054321 500.5206604003906 178.10723876953125 529.50439453125 203.32217407226562 3.879504 1.5550855 1.5855892 -6.218374 1.9142368 47.29952 1.5187535285949707 0.1249183937907219
