Pedestrian 0.0 0 -2.1122913360595703 977.3543090820312 144.9635467529297 1116.2703857421875 354.6900634765625 0.81142044 1.6233882 0.65073305 3.6091373 1.3419728 5.96424 -1.5681086778640747 0.8794233202934265
Pedestrian 0.0 0 -0.5561819076538086 598.5011596679688 164.71682739257812 693.1329345703125 304.1584167480469 1.044819 1.7269897 0.67019844 0.5344 1.5204678 9.438414 -0.499622642993927 0.8501030802726746
Pedestrian 0.0 0 -1.5814144611358643 513.2782592773438 169.59927368164062 533.9622802734375 225.44412231445312 0.8769205 1.7639345 0.65080714 -2.540647 1.3891383 23.161188 -1.6906718015670776 0.7902121543884277
Pedestrian 0.0 0 -1.8153505325317383 546.3217163085938 165.84951782226562 573.7802124023438 227.17672729492188 0.7808133 1.7937055 0.6481843 -1.2712127 1.3370912 21.476793 -1.874471664428711 0.7660773396492004
Pedestrian 0.0 0 1.9234942197799683 462.7621765136719 171.0498046875 490.2200927734375 226.27488708496094 0.85068476 1.7775741 0.6353843 -4.122833 1.4423021 23.594288 1.7505022287368774 0.7273910045623779
Pedestrian 0.0 0 1.9263553619384766 278.39166259765625 148.70510864257812 386.08740234375 339.9790344238281 0.81434506 1.714019 0.7254667 -2.5847466 1.4215219 6.8436184 1.5652309656143188 0.717705249786377
Pedestrian 0.0 0 2.451331615447998 582.8524169921875 168.164794921875 610.3353881835938 226.1284942626953 0.65121377 1.6882267 0.49256274 -0.17201103 1.3009654 21.317293 2.443262815475464 0.5843865871429443
Pedestrian 0.0 0 0.5335642099380493 905.0892333984375 116.90603637695312 1034.0908203125 351.3155822753906 0.6492289 1.6830338 0.66772085 2.8159351 1.2206584 5.608606 0.9988696575164795 0.5651963353157043
Pedestrian 0.0 0 -2.3435986042022705 344.28350830078125 193.2626953125 427.0731201171875 316.86859130859375 0.7899798 1.5261978 0.68722934 -2.879249 1.6903765 9.451625 -2.6392977237701416 0.5386777520179749
Pedestrian 0.0 0 2.170687437057495 720.5379028320312 147.86569213867188 758.244384765625 214.22340393066406 0.88200086 1.8316687 0.67015195 3.8851688 0.9044157 20.374094 2.359116792678833 0.4705336391925812
Pedestrian 0.0 0 -1.6016924381256104 571.4075927734375 162.5771942138672 586.5186157226562 206.9436492919922 0.84332293 1.7779979 0.5869707 -0.9357545 1.0206618 29.22413 -1.6337014436721802 0.46877145767211914
Pedestrian 0.0 0 -0.8839981555938721 883.7552490234375 140.53079223632812 941.4892578125 247.5102081298828 0.6453283 1.7307891 0.6196494 5.1707964 1.0692521 12.042706 -0.47843053936958313 0.43183761835098267
Pedestrian 0.0 0 1.9966133832931519 480.0793151855469 169.0643768310547 507.8884582519531 222.5830535888672 0.8809932 1.7048789 0.585216 -3.5173357 1.3098334 23.384151 1.8473172187805176 0.4138810932636261
Pedestrian 0.0 0 -1.7910656929016113 624.9805908203125 167.87158203125 641.6170654296875 209.37411499023438 0.7499153 1.7304956 0.55079323 1.3278548 1.1632236 30.366686 -1.747366189956665 0.3952409327030182
Pedestrian 0.0 0 3.0351531505584717 567.177490234375 171.6065216064453 584.0479736328125 207.9780731201172 0.79827327 1.8290894 0.5773756 -1.3202491 1.332432 36.46423 2.998962163925171 0.37167248129844666
Pedestrian 0.0 0 -2.973116636276245 569.4238891601562 171.803955078125 599.052978515625 227.97833251953125 0.8454049 1.7259681 0.5443376 -0.55910677 1.4291701 22.398193 -2.9980735778808594 0.3697671890258789
Pedestrian 0.0 0 1.307051420211792 597.0560913085938 173.28585815429688 619.0433959960938 228.22608947753906 0.8019887 1.7268732 0.51174027 0.18090288 1.4697933 23.028685 1.3149068355560303 0.36528220772743225
Pedestrian 0.0 0 2.1445021629333496 1097.537353515625 89.8440933227539 1238.0 350.71026611328125 0.92803144 1.7992129 0.64508337 4.33483 1.1684608 5.4042854 2.820528268814087 0.33894631266593933
Pedestrian 0.0 0 -2.7322404384613037 907.880859375 147.6183624267578 956.9994506835938 244.78659057617188 0.6342644 1.7715013 0.65441483 6.2034965 1.1550626 13.548142 -2.3028483390808105 0.2977796196937561
Cyclist 0.0 0 1.7622547149658203 400.7273864746094 169.07144165039062 483.3269348144531 332.17535400390625 1.7607627 1.637327 0.5868744 -1.7941836 1.5139292 8.096307 1.5441738367080688 0.8870375752449036
Cyclist 0.0 0 -2.385085105895996 816.0797729492188 184.4540557861328 1140.9361572265625 374.0 1.7438921 1.6537 0.5860349 2.0175261 1.6763574 4.247231 -1.9416191577911377 0.4051993787288666
Cyclist 0.0 0 1.5822786092758179 701.5487060546875 160.66575622558594 715.2299194335938 208.59095764160156 1.6781327 1.6600296 0.46898052 3.8188105 0.9394417 25.744598 1.7295392751693726 0.3436375558376312
