Pedestrian 0.0 0 2.2652180194854736 1154.573974609375 192.49803161621094 1224.9429931640625 297.933349609375 0.6952509 1.6793078 0.6082648 9.576117 2.016306 11.9944 2.938971757888794 0.4898269474506378
Pedestrian 0.0 0 -1.8719161748886108 878.3193969726562 183.7586669921875 928.1957397460938 263.4423828125 0.8710659 1.6565282 0.7722344 6.2710147 1.8995756 15.590012 -1.4894753694534302 0.2992227375507355
Pedestrian 0.0 0 -1.3573366403579712 594.0777587890625 158.63250732421875 608.6264038085938 195.3859405517578 0.45923755 1.9082305 0.6798303 -0.48771292 1.1702117 37.75206 -1.3702547550201416 0.2680639326572418
Pedestrian 0.0 0 -0.690780758857727 987.1796875 162.8875732421875 1012.4088134765625 206.49501037597656 0.62983996 1.767486 0.6682929 15.9629135 1.363887 29.63167 -0.1966458410024643 0.2563823163509369
Pedestrian 0.0 0 0.6079761981964111 912.4696044921875 173.5385284423828 953.3837280273438 218.35342407226562 1.3744897 1.7956711 0.71543986 13.242714 1.8249468 29.705109 1.027336835861206 0.1777351051568985
Pedestrian 0.0 0 0.04798725247383118 810.3530883789062 177.02545166015625 843.7435913085938 242.4225311279297 0.8618202 1.7739794 0.6143255 5.990294 1.8928164 20.057833 0.33820605278015137 0.168334499001503
Pedestrian 0.0 0 -1.031348466873169 1195.458251953125 159.9558563232422 1242.0 263.6304931640625 0.7318732 1.7247669 0.61396176 10.6046 1.5105466 12.408555 -0.32417839765548706 0.16591215133666992
Pedestrian 0.0 0 1.1130980253219604 865.5408935546875 151.99014282226562 897.0225830078125 203.60842895507812 1.0532559 1.782703 0.638965 9.523028 1.0625014 25.472351 1.4708666801452637 0.15741248428821564
Pedestrian 0.0 0 -1.9037834405899048 971.1857299804688 153.63037109375 1009.5927734375 221.29522705078125 1.0744511 1.8105571 0.6163194 10.41957 1.2965348 19.881144 -1.4210476875305176 0.15598852932453156
Pedestrian 0.0 0 -2.278376579284668 454.9966735839844 148.75625610351562 474.972412109375 193.2261199951172 0.6544157 2.0009255 0.6155896 -6.653407 0.91700345 32.906933 -2.4778757095336914 0.142093688249588
Pedestrian 0.0 0 0.41131138801574707 533.4481811523438 144.67373657226562 555.0462646484375 185.53309631347656 0.84128255 1.9284534 0.64426047 -3.1794443 0.5987774 34.489838 0.31938624382019043 0.13281238079071045
Pedestrian 0.0 0 -1.233453392982483 465.6748352050781 152.4048614501953 483.8525695800781 190.20977783203125 0.893077 1.8592733 0.63186723 -6.7755914 0.8539279 35.972023 -1.4196293354034424 0.12122493237257004
Cyclist 0.0 0 0.18686550855636597 910.8727416992188 174.0548095703125 958.5128173828125 218.88446044921875 1.6986367 1.794575 0.63219017 13.301694 1.8455479 29.66581 0.6083753108978271 0.2758241593837738
Cyclist 0.0 0 1.0805476903915405 867.7576904296875 147.5302276611328 904.7012329101562 200.74896240234375 1.4344375 1.8182989 0.6080796 9.663316 0.95343196 25.399572 1.4440895318984985 0.14359791576862335
Car 0.0 0 -1.753756046295166 676.5873413085938 183.7742462158203 764.1402587890625 248.60568237304688 4.1087613 1.5248708 1.6154364 2.8517294 1.8558122 19.755266 -1.6103935241699219 0.9679550528526306
