Pedestrian 0.0 0 0.2549353241920471 679.7944946289062 150.72366333007812 748.3587036132812 260.8310241699219 1.0057334 1.7960182 0.7341833 1.8237903 1.3119735 12.063593 0.4049804210662842 0.8385761976242065
Pedestrian 0.0 0 0.34814882278442383 396.36370849609375 139.33729553222656 478.9264831542969 271.8077392578125 0.9752472 1.8040309 0.6504338 -2.4003522 1.2451324 10.001828 0.11261200904846191 0.8156346082687378
Pedestrian 0.0 0 0.09762585163116455 53.175716400146484 170.630615234375 104.96369934082031 262.6111755371094 0.7108702 1.6282473 0.56069046 -9.6533985 1.455182 12.93502 -0.543502688407898 0.6488798260688782
Pedestrian 0.0 0 -1.9879276752471924 146.66587829589844 153.14266967773438 168.01107788085938 191.73959350585938 0.7147512 1.9894812 0.71397924 -23.399357 0.5807656 36.935276 -2.5526325702667236 0.5025977492332458
Pedestrian 0.0 0 3.2625136375427246 304.4183654785156 181.51547241210938 367.048583984375 254.0946502685547 1.2958721 1.6454724 0.7006974 -6.315967 1.6715412 16.535103 2.897643566131592 0.178021639585495
Pedestrian 0.0 0 3.3802664279937744 174.18714904785156 126.92613220214844 290.6327209472656 236.36375427246094 1.6709987 1.783429 0.5190707 -6.3194475 0.91202533 11.973221 2.8946280479431152 0.1373504251241684
Cyclist 0.0 0 -1.6743054389953613 957.71826171875 147.7489471435547 984.5108032226562 212.01736450195312 1.7796494 1.7832471 0.50462 10.5840225 0.87608445 20.534061 -1.1983842849731445 0.758907675743103
Cyclist 0.0 0 0.037393078207969666 349.7820129394531 157.8238067626953 463.5928649902344 267.5994873046875 1.825075 1.793252 0.6232616 -3.400948 1.4244751 12.062604 -0.23741503059864044 0.6743468642234802
Cyclist 0.0 0 2.347222328186035 1086.7392578125 138.5692901611328 1144.010498046875 190.57369995117188 1.7293134 1.800185 0.5955925 17.950514 0.35024205 24.909998 2.9716501235961914 0.6531577110290527
Cyclist 0.0 0 3.3802664279937744 174.18714904785156 126.92613220214844 290.6327209472656 236.36375427246094 1.6709987 1.783429 0.5190707 -6.3194475 0.91202533 11.973221 2.8946280479431152 0.3940615952014923
Cyclist 0.0 0 3.2625136375427246 304.4183654785156 181.51547241210938 367.048583984375 254.0946502685547 1.2958721 1.6454724 0.7006974 -6.315967 1.6715412 16.535103 2.897643566131592 0.28953734040260315
Cyclist 0.0 0 0.2519178092479706 681.8201904296875 148.07582092285156 751.0645751953125 259.3241882324219 1.0108718 1.8110958 0.7600945 1.8632623 1.2848909 12.054147 0.40527844429016113 0.10824041813611984
Cyclist 0.0 0 0.15425840020179749 46.00960922241211 169.72865295410156 109.58078002929688 265.25811767578125 0.84802324 1.6810542 0.6139567 -9.650278 1.4931524 12.9070215 -0.48775407671928406 0.10823888331651688
Car 0.0 0 -1.063626766204834 0.0 183.17953491210938 377.6892395019531 370.0 3.7205064 1.4435626 1.5885535 -3.200371 1.4733787 5.54337 -1.5872126817703247 0.9213843941688538
Car 0.0 0 1.832176923751831 453.6370544433594 169.44981384277344 492.24346923828125 193.3336181640625 3.721636 1.4899188 1.5630072 -8.547662 0.80193484 46.018024 1.6485239267349243 0.7013750672340393
Car 0.0 0 -0.7192744016647339 1174.3726806640625 147.2768096923828 1224.0 198.4932861328125 4.1430006 1.4628568 1.6419125 19.704174 0.5154997 21.077673 0.03245735168457031 0.36807289719581604
