Pedestrian 0.0 0 2.4465677738189697 178.36399841308594 182.22799682617188 213.90260314941406 233.0303192138672 0.81360817 1.7738423 0.7521027 -14.890635 2.117264 25.891697 1.9246491193771362 0.5990603566169739
Pedestrian 0.0 0 1.6979233026504517 425.7252197265625 171.1246337890625 434.2524719238281 196.08299255371094 0.6167425 1.9539675 0.57873136 -14.200927 1.8189346 56.826035 1.453037142753601 0.16956381499767303
Pedestrian 0.0 0 0.05950993299484253 830.272216796875 153.29542541503906 857.3855590820312 207.1014862060547 0.86183995 1.8386725 0.64738595 8.097101 1.1706707 25.111818 0.3714263439178467 0.16141295433044434
Pedestrian 0.0 0 -2.9507102966308594 717.2047119140625 172.26400756835938 728.3638305664062 193.8505401611328 0.8683906 1.8495511 0.51777905 9.703411 1.799357 62.20986 -2.795978307723999 0.14665284752845764
Pedestrian 0.0 0 -1.8568044900894165 811.1839599609375 162.14434814453125 833.6927490234375 207.58714294433594 0.9088282 1.734467 0.6042303 8.192449 1.3260578 27.99181 -1.5720831155776978 0.12289494276046753
Pedestrian 0.0 0 -1.0944607257843018 809.6889038085938 168.89808654785156 829.44384765625 209.9295196533203 0.590872 1.6997601 0.5921982 8.761706 1.5362413 30.30564 -0.8130230903625488 0.1226673573255539
Cyclist 0.0 0 0.17117810249328613 222.10838317871094 180.94869995117188 274.13433837890625 225.62217712402344 1.8272184 1.7836398 0.62590265 -14.855584 2.1221495 29.574572 -0.29431530833244324 0.9150916934013367
Cyclist 0.0 0 3.280052661895752 180.01318359375 182.58511352539062 210.95179748535156 232.0124053955078 0.8776087 1.7276994 0.68514645 -14.908846 2.0837634 25.889956 2.7575764656066895 0.1804569810628891
Cyclist 0.0 0 2.2360153198242188 132.26461791992188 186.04417419433594 159.78118896484375 215.02047729492188 1.6012067 1.7231405 0.558661 -28.620674 2.5516782 44.47773 1.6642348766326904 0.17624244093894958
Car 0.0 0 -1.6130156517028809 591.6463012695312 174.26329040527344 623.7836303710938 202.78135681152344 4.0850363 1.5259824 1.6401957 -0.20895064 1.6102728 40.89074 -1.618125557899475 0.7337982058525085
Car 0.0 0 -0.9197930693626404 1063.337890625 156.62960815429688 1133.9393310546875 178.8996124267578 4.6396174 1.5292124 1.6690016 34.55929 0.41549104 51.07443 -0.3249136805534363 0.171540305018425
Car 0.0 0 1.8686530590057373 284.20941162109375 181.78091430664062 396.43365478515625 247.2598419189453 4.1628065 1.4690511 1.5833976 -6.9427767 1.7293373 18.885122 1.5163575410842896 0.13551907241344452
