Pedestrian 0.0 0 2.801520347595215 751.0986938476562 157.47457885742188 802.5755615234375 241.62449645996094 0.9382413 1.7969178 0.6221156 3.7066023 1.3068575 15.451538 3.036957263946533 0.33005306124687195
Pedestrian 0.0 0 -1.6703910827636719 481.1249084472656 167.4369354248047 488.3347473144531 187.06170654296875 0.6345997 1.8584001 0.61656094 -11.429218 0.6225076 67.33776 -1.838518500328064 0.1918216198682785
Pedestrian 0.0 0 1.6715433597564697 787.5914916992188 167.1212615966797 828.975341796875 262.17572021484375 0.82551974 1.6852452 0.6563342 3.7133496 1.4496931 13.035254 1.9490619897842407 0.18711188435554504
Cyclist 0.0 0 -0.9477423429489136 426.1401062011719 167.60455322265625 444.575439453125 192.08616638183594 1.5027395 1.716918 0.49458528 -12.073648 0.81384605 50.370094 -1.1830024719238281 0.20946349203586578
Cyclist 0.0 0 -1.7673773765563965 726.5170288085938 139.16041564941406 757.3966674804688 207.3555450439453 1.6967741 1.7936214 0.5059 3.7131782 0.70792246 19.441692 -1.5786596536636353 0.20283518731594086
Cyclist 0.0 0 -1.8038253784179688 719.7039794921875 167.51942443847656 745.313232421875 218.9289093017578 1.6471351 1.7079343 0.49553448 4.343418 1.2782317 24.320944 -1.6271008253097534 0.1955447942018509
Cyclist 0.0 0 -1.7365784645080566 800.0726928710938 131.0906219482422 833.9216918945312 211.59063720703125 1.7029266 1.8021756 0.48429397 4.9485893 0.69764686 16.698572 -1.4484754800796509 0.1702166646718979
Car 0.0 0 2.27083683013916 0.0 140.1481170654297 107.75914001464844 226.78854370117188 3.8207455 1.8390858 1.8073946 -14.185628 0.98417044 16.91566 1.5729931592941284 0.5305199027061462
Car 0.0 0 -1.392922282218933 554.9581909179688 163.83128356933594 580.5018310546875 181.16326904296875 3.9227066 1.4779733 1.5815792 -3.2321014 0.057757486 62.33338 -1.4447277784347534 0.41822415590286255
Car 0.0 0 -1.6767833232879639 521.6210327148438 163.73374938964844 546.1582641601562 183.52401733398438 3.6823454 1.5032489 1.5358796 -5.6152196 0.23095983 55.661285 -1.77732515335083 0.33308812975883484
Car 0.0 0 2.432420253753662 0.0 176.43621826171875 39.24707794189453 235.64871215820312 3.9741292 1.683334 1.7234293 -20.361425 1.5693779 22.170664 1.6895347833633423 0.2982030212879181
