Pedestrian 0.0 0 2.628437042236328 837.7647705078125 159.39686584472656 944.2451171875 308.4893798828125 0.98229975 1.7033947 0.66388583 3.3583112 1.4639744 8.468413 3.0059821605682373 0.8145003914833069
Pedestrian 0.0 0 3.437808036804199 241.9533233642578 165.76394653320312 305.8883056640625 257.6405029296875 0.99727076 1.7266225 0.56247973 -6.4125814 1.4513263 13.632138 2.9981181621551514 0.1790429949760437
Pedestrian 0.0 0 1.31443190574646 836.7017822265625 171.49049377441406 872.3106689453125 240.8337860107422 0.94329286 1.6982381 0.6240773 6.2354383 1.4791906 17.806072 1.6512725353240967 0.16945289075374603
Pedestrian 0.0 0 -3.784867286682129 1121.39306640625 190.87179565429688 1224.0 370.0 0.727787 1.6561592 0.67375314 4.4435925 1.7412373 5.323006 -3.0892698764801025 0.13142530620098114
Pedestrian 0.0 0 2.8342626094818115 669.9186401367188 149.63589477539062 725.8382568359375 241.80337524414062 0.9861326 1.8377295 0.64717805 1.8546131 1.2239579 14.499577 2.961479902267456 0.12872223556041718
Pedestrian 0.0 0 -0.1873680055141449 839.3265991210938 128.53746032714844 883.1925048828125 231.84901428222656 0.6240552 1.786288 0.6349252 4.506746 0.8894861 12.58235 0.15657544136047363 0.12837807834148407
Pedestrian 0.0 0 -1.7789133787155151 1174.135986328125 156.19580078125 1224.0 258.8522644042969 0.773383 1.6853274 0.50572115 10.0821495 1.2879734 12.062875 -1.08272123336792 0.1186717227101326
Cyclist 0.0 0 3.44635009765625 236.97410583496094 164.41558837890625 310.6463623046875 257.4658508300781 1.1768758 1.7485007 0.55103785 -6.412716 1.4478959 13.633294 3.0066847801208496 0.14765974879264832
Car 0.0 0 -2.1430890560150146 598.1725463867188 127.68047332763672 697.4588623046875 191.2599334716797 5.0118656 2.5032413 1.8283471 1.7028444 0.4251383 30.463385 -2.0872490406036377 0.18490545451641083
Car 0.0 0 -1.19193696975708 488.668701171875 139.08287048339844 584.2810668945312 195.54469299316406 3.746064 1.5454834 1.599306 -1.9981084 0.4133855 21.370958 -1.2851624488830566 0.14513662457466125
