Pedestrian 0.0 0 1.974715232849121 291.61846923828125 167.00372314453125 385.3334045410156 318.32330322265625 0.7477087 1.6689225 0.79051965 -3.0687652 1.5103962 8.313243 1.6210904121398926 0.7847572565078735
Pedestrian 0.0 0 -1.8353437185287476 687.5712890625 175.4874725341797 734.7803344726562 277.9450988769531 0.7358794 1.6443412 0.6001117 1.7691641 1.5491397 11.926455 -1.6880781650543213 0.755209743976593
Pedestrian 0.0 0 1.0554496049880981 174.00155639648438 172.04417419433594 267.56689453125 318.917724609375 0.89628357 1.6605345 0.6313646 -4.6173344 1.5549796 8.625133 0.5639352798461914 0.6633776426315308
Pedestrian 0.0 0 1.768024206161499 962.3049926757812 166.33436584472656 1056.4267578125 351.2612609863281 0.7701096 1.7192283 0.68499786 4.0402966 1.5796125 7.190856 2.2799317836761475 0.6533535122871399
Pedestrian 0.0 0 -2.059330940246582 665.4917602539062 180.18104553222656 691.2967529296875 224.94757080078125 0.8257023 1.6756703 0.6680642 2.9105647 1.6273334 27.393337 -1.953477144241333 0.6371236443519592
Pedestrian 0.0 0 0.22323434054851532 711.7033081054688 176.47012329101562 765.2178955078125 293.4302062988281 0.66281235 1.6443317 0.5541886 1.9601089 1.574935 10.482256 0.4080924987792969 0.6251866221427917
Pedestrian 0.0 0 -2.7806215286254883 769.7815551757812 167.20669555664062 856.1322021484375 323.736328125 0.72585267 1.5949993 0.6251534 2.2466211 1.4507191 7.7847 -2.4996612071990967 0.548134982585907
Pedestrian 0.0 0 3.500624656677246 114.30120086669922 186.79730224609375 155.20042419433594 265.1213073730469 0.57627076 1.6628436 0.5949394 -10.194953 1.7820802 15.648318 2.923192262649536 0.47961586713790894
Pedestrian 0.0 0 2.2399775981903076 42.73763656616211 177.19778442382812 98.1655502319336 262.5047607421875 0.72807854 1.7085674 0.5932263 -10.935236 1.6236455 14.75772 1.6022716760635376 0.4654124081134796
Pedestrian 0.0 0 -1.4577586650848389 1052.5145263671875 168.84205627441406 1152.0980224609375 360.9337463378906 0.67525756 1.6758739 0.69882363 4.65911 1.5668247 6.7485027 -0.8535103797912598 0.44846785068511963
Pedestrian 0.0 0 -0.19553279876708984 731.17236328125 164.66026306152344 795.2157592773438 264.8729248046875 1.0342811 1.7772806 0.6101734 2.8851964 1.4798994 13.053514 0.021998167037963867 0.39025643467903137
Pedestrian 0.0 0 0.6699931025505066 687.4945068359375 178.40863037109375 712.2626342773438 224.85667419433594 0.64480036 1.7451459 0.6970841 3.7440503 1.6300282 27.460632 0.8055000305175781 0.3862093985080719
Pedestrian 0.0 0 -1.2685662508010864 87.07508087158203 181.06805419921875 128.901123046875 257.30242919921875 0.5947228 1.6510136 0.6169524 -10.970143 1.6428844 15.929839 -1.8716366291046143 0.384731650352478
Pedestrian 0.0 0 -1.2186315059661865 741.2265014648438 169.66421508789062 782.454345703125 252.8339385986328 0.76814747 1.7039357 0.62692606 3.3630784 1.4626904 15.206737 -1.0009777545928955 0.3415223956108093
Pedestrian 0.0 0 -2.7412102222442627 793.1502685546875 164.5081787109375 831.626220703125 245.5891876220703 0.6281167 1.7543954 0.6254796 4.6586566 1.3879591 15.981246 -2.4575626850128174 0.3381228744983673
Pedestrian 0.0 0 -1.7882299423217773 765.751220703125 176.34576416015625 828.9241943359375 323.0536804199219 0.7120082 1.7512425 0.615015 2.3760684 1.6910604 8.940794 -1.5284781455993652 0.30565303564071655
Pedestrian 0.0 0 -1.2999482154846191 628.2724609375 174.9696807861328 671.1962890625 251.55992126464844 1.7362711 1.7874713 0.6154543 1.176563 1.6362708 17.683018 -1.2335097789764404 0.27058684825897217
Cyclist 0.0 0 -1.3209803104400635 627.9854736328125 175.9281768798828 670.37646484375 251.7849884033203 1.7330389 1.7668144 0.6338732 1.160702 1.638244 17.65053 -1.2553147077560425 0.7025843858718872
Cyclist 0.0 0 -0.21221652626991272 738.8397216796875 164.9111328125 808.267578125 265.7853088378906 1.1187234 1.7884526 0.62329566 3.072455 1.4956127 13.055306 0.018918991088867188 0.18300847709178925
Car 0.0 0 1.704912781715393 544.8861083984375 182.98483276367188 597.4351196289062 223.69212341308594 4.077952 1.5692829 1.6574472 -1.2070894 1.6364979 29.949656 1.664630651473999 0.9086251258850098
Car 0.0 0 2.7669734954833984 764.776123046875 160.63641357421875 848.7320556640625 194.8829345703125 3.3271942 1.5085139 1.5340664 9.26105 0.5904531 32.564503 3.0440492630004883 0.3413848280906677
