Pedestrian 0.0 0 -2.673388719558716 636.2025756835938 171.04547119140625 650.0239868164062 202.5699005126953 0.54697084 1.8103124 0.69495386 1.8889453 1.7068148 41.869076 -2.6283037662506104 0.32044240832328796
Pedestrian 0.0 0 -0.9033165574073792 48.446842193603516 163.47860717773438 88.0683822631836 227.47555541992188 0.68400675 1.7123462 0.5605431 -14.795237 1.4618498 19.651337 -1.548662781715393 0.3171326816082001
Pedestrian 0.0 0 2.1060168743133545 675.0554809570312 159.34640502929688 701.7958984375 211.45669555664062 0.7666316 1.8425161 0.66056323 2.7859046 1.3652722 26.014156 2.2127020359039307 0.30845901370048523
Pedestrian 0.0 0 -0.5316361784934998 643.2642211914062 169.43736267089844 661.23779296875 204.91958618164062 0.66459274 1.827378 0.71487796 2.1645453 1.6517746 37.62705 -0.4741731882095337 0.2641141414642334
Pedestrian 0.0 0 3.6927742958068848 0.0 175.36671447753906 82.69318389892578 353.1510314941406 0.839162 1.7473749 0.5959122 -6.135321 1.7749206 7.4516506 3.0039563179016113 0.26066187024116516
Pedestrian 0.0 0 3.1585800647735596 258.69903564453125 187.83241271972656 289.5077209472656 276.8000183105469 0.5026607 1.5738645 0.5175023 -6.198743 1.8556364 13.214551 2.7199692726135254 0.236454576253891
Pedestrian 0.0 0 1.865920901298523 140.74012756347656 177.88421630859375 193.04090881347656 298.0955505371094 0.57642657 1.6056882 0.4724098 -6.1858034 1.6781609 10.002417 1.3120594024658203 0.23255710303783417
Pedestrian 0.0 0 0.7653038501739502 390.25396728515625 177.56590270996094 418.9809875488281 230.04931640625 0.70391 1.7672879 0.63952136 -7.1083817 1.9326756 24.821268 0.4863862991333008 0.19494612514972687
Car 0.0 0 -1.436335802078247 430.3787841796875 185.60923767089844 499.0224914550781 242.15670776367188 3.359303 1.4308304 1.4962119 -4.145294 1.8286043 20.755049 -1.6334666013717651 0.9625580906867981
Car 0.0 0 3.5211679935455322 17.59457015991211 176.27642822265625 295.793701171875 274.2283935546875 4.4319816 1.7987893 1.7325611 -8.966603 1.8741039 14.5669155 2.9693961143493652 0.9302918314933777
Car 0.0 0 1.704284906387329 469.4040222167969 179.90859985351562 528.0155029296875 225.56057739257812 4.1026692 1.5592449 1.6613111 -4.177507 1.8471962 27.345963 1.5526918172836304 0.9010950326919556
Car 0.0 0 1.7879854440689087 503.6718444824219 181.4923553466797 542.6338500976562 207.59580993652344 3.8312993 1.4657253 1.5607796 -5.2567863 2.0143151 43.806953 1.6685576438903809 0.34877291321754456
Car 0.0 0 -1.716067910194397 636.8735961914062 171.55528259277344 676.2113647460938 201.4940948486328 3.8281844 1.5560043 1.6003962 2.4603386 1.4888647 39.471466 -1.6538163423538208 0.223809614777565
Car 0.0 0 1.6702405214309692 566.3946533203125 176.47714233398438 588.4277954101562 193.07992553710938 4.032452 1.4869791 1.6711979 -3.040811 1.8370191 67.57688 1.6252731084823608 0.1859903335571289
