Pedestrian 0.0 0 -1.824894666671753 938.2507934570312 135.7805633544922 969.453369140625 197.91224670410156 1.2120956 1.8456985 0.56731296 10.63746 0.518816 21.649525 -1.368192195892334 0.5541002154350281
Pedestrian 0.0 0 0.535606861114502 446.224365234375 171.66180419921875 465.1563415527344 203.18194580078125 0.98232406 1.8740816 0.5240341 -8.967298 1.3499597 42.4398 0.3273751735687256 0.5173788070678711
Pedestrian 0.0 0 2.8667068481445312 559.8212890625 168.95298767089844 574.4151611328125 199.40487670898438 0.7857077 1.8733889 0.5447462 -2.3558776 1.1643753 43.87697 2.813065528869629 0.4175717830657959
Pedestrian 0.0 0 0.3639249801635742 450.6369323730469 175.83673095703125 470.39208984375 205.02333068847656 1.1000277 1.7791499 0.4515827 -8.873387 1.4962449 43.406815 0.16227936744689941 0.3573121726512909
Pedestrian 0.0 0 0.052654996514320374 499.90496826171875 170.16819763183594 513.3341064453125 198.8032989501953 0.7996332 1.7672559 0.5505087 -6.1150384 1.1309668 43.939964 -0.08562488853931427 0.3383982181549072
Pedestrian 0.0 0 -2.6342334747314453 1052.993896484375 125.48785400390625 1110.29833984375 208.0673828125 0.9165465 1.8509455 0.6183203 11.00352 0.61951023 16.391638 -2.0430378913879395 0.234867125749588
Pedestrian 0.0 0 -1.334571361541748 173.309326171875 156.87159729003906 188.7015380859375 190.5614776611328 0.5053656 2.0357575 0.70627797 -25.82916 0.6093395 43.066265 -1.874809980392456 0.22863785922527313
Cyclist 0.0 0 -1.1244170665740967 382.0505065917969 178.83322143554688 405.0380554199219 214.3621368408203 1.6430749 1.711403 0.4211908 -10.440617 1.6325573 34.89734 -1.4151222705841064 0.7938725352287292
Cyclist 0.0 0 -0.0625031590461731 648.067626953125 166.31112670898438 678.445556640625 194.63031005859375 1.8066832 1.708946 0.5767969 3.5295482 0.8540677 42.968422 0.019455671310424805 0.7211294770240784
Cyclist 0.0 0 -0.14898473024368286 592.5099487304688 167.90272521972656 622.41455078125 195.57135009765625 1.8739064 1.7775712 0.57561857 0.15560691 0.96959484 45.84008 -0.1455901861190796 0.7154069542884827
Cyclist 0.0 0 -1.7107951641082764 940.6961669921875 134.975830078125 967.9913940429688 197.679931640625 1.2831302 1.8573961 0.5720618 10.647552 0.51046103 21.637741 -1.2535016536712646 0.20995309948921204
Car 0.0 0 -1.513363242149353 515.4291381835938 176.0257568359375 549.4285278320312 204.1993408203125 3.9519982 1.4357749 1.5970124 -3.8673022 1.2091833 38.036625 -1.6146881580352783 0.8669136166572571
Car 0.0 0 2.588672399520874 935.1475219726562 139.03958129882812 1081.7391357421875 183.99732971191406 4.0659738 1.4643812 1.6123346 13.539451 0.11546093 23.907387 3.103965997695923 0.8015202879905701
