Pedestrian 0.0 0 1.0033775568008423 82.24453735351562 158.30426025390625 125.54854583740234 230.85731506347656 0.64946765 1.8049241 0.65664536 -12.933311 1.4433239 18.374304 0.39005208015441895 0.37840744853019714
Pedestrian 0.0 0 2.435626745223999 1030.710693359375 146.1940460205078 1099.4322509765625 253.7432861328125 0.8382293 1.8418682 0.5954765 7.9546885 1.3856525 12.709993 2.994844913482666 0.16823606193065643
Pedestrian 0.0 0 3.4476726055145264 137.62802124023438 187.0026092529297 184.65267944335938 265.8620300292969 0.77185416 1.7466731 0.5912032 -10.3025465 2.0781052 16.498533 2.889467239379883 0.1587969809770584
Pedestrian 0.0 0 1.298917531967163 993.9588012695312 96.89019012451172 1107.02294921875 356.33624267578125 0.75968933 1.7114159 0.5008307 3.0788586 1.2106844 5.188801 1.8344449996948242 0.15864504873752594
Pedestrian 0.0 0 1.0195872783660889 883.9518432617188 152.65737915039062 934.5184326171875 235.39410400390625 0.8561741 1.7709315 0.681584 6.5398827 1.3389922 15.918636 1.4093964099884033 0.1586214005947113
Pedestrian 0.0 0 2.4986631870269775 923.5698852539062 158.87924194335938 955.8240966796875 210.6746368408203 0.76373184 1.8180058 0.72675645 11.721628 1.3278532 25.759796 2.925696849822998 0.13993464410305023
Pedestrian 0.0 0 0.019344404339790344 410.8669128417969 168.36639404296875 433.4971923828125 223.8080291748047 0.71396893 1.8045684 0.6595025 -6.257444 1.6588594 23.886879 -0.23686011135578156 0.12322968989610672
Pedestrian 0.0 0 3.6467692852020264 166.8376007080078 184.10238647460938 205.07192993164062 250.93838500976562 0.67159873 1.7331729 0.59167165 -11.27593 2.0363324 19.115692 3.113825559616089 0.1156240776181221
Pedestrian 0.0 0 -1.8882949352264404 0.0 140.3266143798828 27.644620895385742 214.2804718017578 0.65789455 1.8842543 0.64513475 -15.77793 1.0558543 18.828733 -2.585763931274414 0.10636566579341888
Cyclist 0.0 0 -0.3982338309288025 415.9836120605469 184.25579833984375 469.0894470214844 228.6389923095703 1.780045 1.5800961 0.750026 -6.2874994 2.0191894 26.935497 -0.6275555491447449 0.26263928413391113
Cyclist 0.0 0 -0.7864784002304077 54.75056076049805 209.60972595214844 119.03827667236328 276.7921447753906 1.6625217 1.7519971 0.44279242 -14.952936 2.8457425 20.605501 -1.4142301082611084 0.169134721159935
Cyclist 0.0 0 0.4161677360534668 256.0840148925781 193.6623992919922 308.9703063964844 242.40139770507812 1.6711342 1.7681711 0.6425952 -12.189537 2.550615 26.785944 -0.010896168649196625 0.14660002291202545
Cyclist 0.0 0 1.3446259498596191 776.5205078125 141.28192138671875 818.019775390625 217.92889404296875 1.7131073 1.8173834 0.62545246 4.5908594 1.0691329 17.969498 1.5947562456130981 0.11218239367008209
Cyclist 0.0 0 -2.5286896228790283 678.5791015625 188.6724395751953 705.138916015625 215.7642364501953 1.8537241 1.9056631 0.7112409 5.940594 3.0798845 52.660587 -2.4163553714752197 0.11022426187992096
Car 0.0 0 1.8781042098999023 174.2579345703125 196.28504943847656 471.80023193359375 375.0 4.4743257 1.5628672 1.7828947 -2.9179516 1.9085122 8.368654 1.5426090955734253 0.894373893737793
Car 0.0 0 -1.0797315835952759 682.5455932617188 193.6680145263672 729.344970703125 216.00262451171875 3.9835768 1.4847097 1.8162527 7.2042017 3.1080275 54.111465 -0.947373628616333 0.1381131261587143
Car 0.0 0 -0.9756442308425903 701.9071655273438 189.0420684814453 761.6455688476562 215.791748046875 4.0966344 1.4864999 1.6255621 7.5346603 2.533559 44.60847 -0.8083170652389526 0.12337526679039001
