Car 0.0 0 -1.722185730934143 686.0133666992188 181.6392364501953 769.7247924804688 243.74237060546875 3.391964 1.4013327 1.594247 2.8684852 1.6471299 18.45713 -1.5680058002471924 0.9716870188713074
Car 0.0 0 0.41179972887039185 164.94839477539062 186.1007080078125 408.9920959472656 267.6941223144531 3.9963098 1.4534802 1.5867326 -6.14557 1.7240252 13.912471 -0.004156472161412239 0.9023224115371704
Car 0.0 0 -0.1871333122253418 742.8716430664062 171.89117431640625 874.6495361328125 222.88674926757812 3.9009736 1.5970979 1.6902491 6.3619804 1.5673018 23.586031 0.07633161544799805 0.8786365985870361
Car 0.0 0 -2.131227493286133 840.9895629882812 175.48130798339844 1242.0 375.0 3.6798348 1.4858667 1.5649617 2.7891638 1.5095273 4.5489383 -1.581197738647461 0.8711132407188416
Car 0.0 0 0.43350815773010254 256.9925842285156 179.9456024169922 452.8032531738281 250.37828063964844 3.83805 1.464977 1.5500964 -5.6813483 1.6334808 16.15121 0.09526634216308594 0.8233507871627808
Car 0.0 0 3.778282642364502 0.0 146.92922973632812 243.6189422607422 304.94232177734375 3.7317789 1.6709552 1.6431063 -6.657464 1.3971641 8.500322 3.1138691902160645 0.8064168691635132
Car 0.0 0 3.6682751178741455 0.0 184.4813690185547 297.6646423339844 292.2167053222656 3.952682 1.4937425 1.6168097 -7.183573 1.6875174 11.097883 3.0938057899475098 0.7837141156196594
Car 0.0 0 3.9144153594970703 0.0 211.1313018798828 194.8648681640625 375.0 4.0221806 1.4569907 1.5806478 -6.0937867 1.8289312 6.204123 3.137989044189453 0.7201358675956726
Car 0.0 0 0.5167776942253113 297.4069519042969 175.84632873535156 453.50469970703125 241.12197875976562 3.5146377 1.5712107 1.5551138 -6.0454197 1.6532646 18.581839 0.2022380828857422 0.7152161598205566
Car 0.0 0 0.4014756977558136 327.20849609375 179.91226196289062 485.6833190917969 233.58120727539062 4.1375084 1.4566826 1.5551124 -5.8840938 1.6714854 20.886015 0.12686896324157715 0.6978003978729248
Car 0.0 0 -1.675769329071045 634.4841918945312 175.411865234375 662.5313720703125 197.49624633789062 3.8681762 1.5257373 1.6261425 2.725538 1.7184291 52.277634 -1.6236807107925415 0.6266246438026428
Car 0.0 0 -2.813978910446167 334.4587707519531 170.853759765625 460.2846374511719 217.91928100585938 3.610717 1.4738786 1.5705396 -6.89558 1.4115984 23.452297 -3.0999457836151123 0.5886788368225098
