Pedestrian 0.0 0 2.1672778129577637 191.3441162109375 178.17770385742188 246.14651489257812 274.13958740234375 0.5619349 1.5642359 0.596085 -6.60643 1.6561775 12.101423 1.6675710678100586 0.3654692471027374
Pedestrian 0.0 0 1.2331576347351074 811.0446166992188 160.73020935058594 849.902099609375 230.74261474609375 0.91933465 1.7660158 0.69408035 5.6458783 1.4605594 18.67204 1.5267879962921143 0.28485098481178284
Pedestrian 0.0 0 2.8563451766967773 698.6749877929688 151.0823211669922 719.9798583984375 193.04161071777344 0.8085279 1.8537481 0.5905205 4.3931637 0.8922402 32.226837 2.9918301105499268 0.22268405556678772
Cyclist 0.0 0 -2.291520357131958 705.3251953125 164.4027862548828 745.2182006835938 209.2579803466797 1.825765 1.6941565 0.4371395 4.434898 1.375317 28.137566 -2.1351916790008545 0.16447576880455017
Car 0.0 0 -1.598791241645813 556.38720703125 180.1622314453125 598.480712890625 217.9566650390625 3.6956315 1.3921454 1.5859944 -1.4126451 1.7077014 29.213675 -1.6471092700958252 0.9478643536567688
Car 0.0 0 2.4819393157958984 897.8983764648438 193.2623748779297 1002.7763061523438 237.59153747558594 3.2664678 1.4916056 1.4344901 12.341574 2.2660627 26.30768 2.9205827713012695 0.8666813373565674
Car 0.0 0 -1.5725197792053223 506.2265930175781 179.75320434570312 536.1417846679688 207.34893798828125 3.7906187 1.4574295 1.6131299 -5.095398 1.8695191 41.076046 -1.6959372758865356 0.8152320384979248
Car 0.0 0 -1.0016376972198486 1042.6505126953125 197.01278686523438 1137.3125 240.9308319091797 3.4895856 1.5585959 1.4647237 18.913923 2.5589855 28.490244 -0.4155712425708771 0.6494688391685486
Car 0.0 0 1.118323564529419 768.4390869140625 160.62835693359375 812.2181396484375 182.98512268066406 3.8980002 1.638178 1.6954399 13.655126 0.74270827 54.94994 1.3618911504745483 0.17628619074821472
Car 0.0 0 -1.871148705482483 676.284423828125 170.9980926513672 778.3858642578125 231.0214080810547 3.9836376 1.4758313 1.6331314 3.046322 1.4305571 19.828575 -1.7187076807022095 0.1621439903974533
