Pedestrian 0.0 0 -0.3818432092666626 1110.7991943359375 158.4134521484375 1175.9066162109375 297.63018798828125 0.47850353 1.6916939 0.57609695 6.661539 1.5165772 9.103297 0.24988961219787598 0.1996603012084961
Pedestrian 0.0 0 2.352787494659424 1161.0556640625 138.45184326171875 1242.0 284.6717529296875 0.7567354 1.7816643 0.5875282 7.5126033 1.3628378 9.11903 3.041895866394043 0.1885760873556137
Pedestrian 0.0 0 1.3293466567993164 686.8656616210938 146.0235595703125 710.2909545898438 195.17453002929688 1.4077128 1.8500112 0.57576567 3.3704855 0.8404889 27.888971 1.4496171474456787 0.1762489378452301
Cyclist 0.0 0 1.3034366369247437 686.9042358398438 146.4448699951172 710.611083984375 195.58023071289062 1.3360965 1.8499287 0.5733198 3.3751502 0.8559925 27.865685 1.4239715337753296 0.11498820036649704
Car 0.0 0 1.8905889987945557 307.618896484375 183.35720825195312 396.41815185546875 230.25685119628906 4.2470446 1.4622669 1.7097241 -9.064199 1.8663796 25.593288 1.5502102375030518 0.9030675292015076
Car 0.0 0 1.720120906829834 439.9076232910156 176.37753295898438 476.2347717285156 204.5990447998047 4.5098433 1.8048704 1.7643398 -10.294122 2.055861 49.0191 1.5131266117095947 0.7470849752426147
Car 0.0 0 -1.5368216037750244 587.777099609375 171.9157257080078 614.584228515625 196.7803497314453 4.004666 1.5614283 1.6251547 -0.57260036 1.5028653 47.327446 -1.548919677734375 0.6907905340194702
Car 0.0 0 1.8322842121124268 398.9710998535156 174.45046997070312 460.8219299316406 213.52499389648438 3.7116883 1.4783993 1.5295845 -7.282024 1.547771 29.319006 1.5888382196426392 0.35038313269615173
Car 0.0 0 -1.636173963546753 549.5859985351562 173.40625 570.19482421875 190.17074584960938 3.848444 1.47441 1.6166376 -4.601716 1.5265237 65.60384 -1.7062032222747803 0.33464527130126953
Car 0.0 0 -1.3645975589752197 411.0511779785156 178.71615600585938 436.8802490234375 195.1883544921875 3.7754264 1.4890976 1.638419 -17.650053 2.0617714 68.51704 -1.6167172193527222 0.22548751533031464
