Pedestrian 0.0 0 2.3053605556488037 387.37884521484375 173.87454223632812 405.021728515625 204.5323486328125 1.0516855 1.8758103 0.46513274 -13.291001 1.9402902 44.757843 2.0167009830474854 0.49570706486701965
Pedestrian 0.0 0 1.570427656173706 804.5341796875 144.6658477783203 827.5160522460938 200.9511260986328 0.7683818 1.8460206 0.72770566 6.8432 0.9218755 24.130733 1.8467609882354736 0.4477934241294861
Car 0.0 0 -0.3729674518108368 722.6155395507812 185.43211364746094 922.26220703125 262.6385192871094 3.5884244 1.4406849 1.5343585 4.1956577 1.713613 14.699326 -0.0949288085103035 0.9586326479911804
Car 0.0 0 3.5227303504943848 137.08441162109375 179.4777069091797 354.4640197753906 250.34469604492188 3.916322 1.4318807 1.5861 -7.835678 1.5851479 15.703856 3.059911012649536 0.9316872954368591
Car 0.0 0 3.379838705062866 220.51101684570312 172.41665649414062 374.0019226074219 229.18238830566406 3.7625422 1.5411566 1.6300029 -8.903642 1.529641 20.704472 2.9737112522125244 0.8468848466873169
Car 0.0 0 3.896775484085083 0.0 182.7884063720703 135.13052368164062 340.3079833984375 3.9371562 1.4920115 1.6143715 -7.696286 1.6114693 7.793412 3.117647647857666 0.8285977244377136
Car 0.0 0 -0.360614150762558 698.4703979492188 181.278076171875 873.2175903320312 251.38699340820312 3.7086248 1.5416437 1.5882939 4.060169 1.7540314 17.133726 -0.12793666124343872 0.8019984364509583
Car 0.0 0 0.6692255735397339 0.0 179.05657958984375 250.78138732910156 292.9878234863281 3.8961525 1.5096607 1.6096414 -7.6416106 1.6082642 10.540288 0.04192352294921875 0.78846275806427
Car 0.0 0 -1.8048007488250732 454.84783935546875 179.33944702148438 489.84954833984375 201.8639373779297 3.9661252 1.5615631 1.6650409 -10.252138 2.0613177 53.407642 -1.9944539070129395 0.6396819949150085
Car 0.0 0 -0.9001143574714661 1006.8484497070312 156.4301300048828 1242.0 375.0 4.161984 1.457618 1.6203035 4.562212 1.3906506 3.8197398 -0.026366932317614555 0.6258397698402405
Car 0.0 0 3.3408162593841553 168.74990844726562 173.92398071289062 347.06597900390625 237.5676727294922 3.7299 1.4648105 1.56858 -8.617828 1.4934793 17.86672 2.8913965225219727 0.5856062173843384
