Pedestrian 0.0 0 -3.275114059448242 1187.560546875 127.2662353515625 1242.0 318.53485107421875 0.593229 1.7907257 0.74286056 6.1574473 1.3642746 7.225429 -2.5693492889404297 0.5282848477363586
Pedestrian 0.0 0 3.471895217895508 79.46976470947266 88.48794555664062 224.37191772460938 297.02545166015625 0.97559416 1.795536 0.6230879 -4.2229934 1.0694909 6.627171 2.9045536518096924 0.15197071433067322
Pedestrian 0.0 0 -2.1466479301452637 1148.789306640625 161.6778564453125 1242.0 303.2121276855469 1.5892544 1.7228755 0.44375178 7.8542647 1.5871878 9.594623 -1.4606614112854004 0.1160416230559349
Cyclist 0.0 0 -2.150543689727783 1147.7694091796875 159.55792236328125 1242.0 302.5053405761719 1.61548 1.7397728 0.439635 7.8567257 1.5783077 9.605329 -1.4649500846862793 0.40958040952682495
Cyclist 0.0 0 -2.0134167671203613 1040.7176513671875 154.2515869140625 1145.8841552734375 281.06842041015625 1.7053025 1.6893879 0.58654666 6.9132676 1.441934 10.494419 -1.4309104681015015 0.30069029331207275
Cyclist 0.0 0 -0.9601467251777649 0.0 143.36618041992188 72.16667175292969 232.0950469970703 1.6399177 1.7951448 0.46778825 -12.354118 1.1989111 15.428602 -1.635331630706787 0.15714512765407562
Car 0.0 0 1.5777088403701782 661.1165771484375 166.74464416503906 682.38720703125 187.556640625 4.022093 1.656558 1.6891245 5.0809355 1.1706338 59.5092 1.662882924079895 0.529959499835968
Car 0.0 0 -1.908266305923462 759.5552368164062 123.84768676757812 1095.5523681640625 374.06597900390625 4.745958 1.9825677 1.7304531 2.9552383 1.5946313 8.097822 -1.5583423376083374 0.4498750567436218
Car 0.0 0 -0.7711673974990845 748.4740600585938 174.23916625976562 818.7584228515625 203.49246215820312 3.4699116 1.4438087 1.49805 8.946501 1.518683 37.28355 -0.5356617569923401 0.2500779628753662
Car 0.0 0 1.5485707521438599 683.2797241210938 173.6907958984375 702.5089721679688 191.12841796875 3.8834872 1.4561015 1.5621178 7.125985 1.5312085 62.445522 1.6621944904327393 0.2396814227104187
Car 0.0 0 1.482560396194458 759.7791137695312 180.6240997314453 827.91845703125 237.23974609375 3.7971973 1.4445143 1.563698 5.1978188 1.6920238 20.951385 1.7257401943206787 0.1689942479133606
Car 0.0 0 2.263286590576172 0.0 151.16664123535156 69.93242645263672 247.87442016601562 3.3763509 1.7123344 1.8056364 -13.026518 1.3286897 14.495576 1.5312150716781616 0.15653373301029205
