Pedestrian 0.0 0 -2.763582229614258 285.5005798339844 133.08506774902344 388.4377136230469 283.53912353515625 1.1009572 1.8787708 0.6007136 -3.4907756 1.2883621 9.131604 -3.1287147998809814 0.8878899812698364
Pedestrian 0.0 0 1.4678997993469238 860.1595458984375 146.896484375 901.8036499023438 249.85707092285156 0.9102376 1.6732281 0.5632719 4.625283 1.1287851 11.998386 1.8358371257781982 0.13535867631435394
Pedestrian 0.0 0 1.3128639459609985 837.1040649414062 171.9717254638672 872.1155395507812 240.14166259765625 0.9098339 1.670297 0.61666965 6.235459 1.4629354 17.796965 1.6498651504516602 0.1324782520532608
Pedestrian 0.0 0 2.7740416526794434 818.835693359375 183.05560302734375 871.8981323242188 274.2401428222656 0.7988368 1.7533407 0.6830717 4.6961117 1.8067713 13.969034 3.0983521938323975 0.13030584156513214
Pedestrian 0.0 0 2.8901658058166504 754.5101318359375 125.285400390625 809.9366455078125 231.2172393798828 0.80541986 1.8010962 0.6255068 3.036095 0.86396307 12.333347 3.1315362453460693 0.12669962644577026
Pedestrian 0.0 0 3.0156118869781494 663.241943359375 148.7359619140625 677.0611572265625 183.2633819580078 0.70940894 1.9314444 0.56418955 3.6603124 0.15597217 39.841076 3.1072275638580322 0.11948336660861969
Pedestrian 0.0 0 3.3479509353637695 88.48819732666016 161.95553588867188 142.6079559326172 257.76513671875 0.7308317 1.7393627 0.5856517 -9.198487 1.4043399 13.24322 2.7408711910247803 0.11716797947883606
Pedestrian 0.0 0 2.86356258392334 674.00537109375 145.27175903320312 729.2101440429688 237.63218688964844 0.98157597 1.8466783 0.64944255 1.9338847 1.1439437 14.524466 2.9959306716918945 0.11482241749763489
Pedestrian 0.0 0 1.84883451461792 1173.3388671875 156.47860717773438 1224.0 262.0818786621094 0.5529813 1.7384665 0.61808264 10.125319 1.3446721 12.045473 2.5478408336639404 0.1120653748512268
Pedestrian 0.0 0 1.9431793689727783 389.29901123046875 153.61875915527344 442.88134765625 241.2661590576172 1.0260983 1.78902 0.77938694 -4.02689 1.2419572 14.979647 1.6805639266967773 0.10801011323928833
Cyclist 0.0 0 1.479434609413147 852.7620849609375 147.15444946289062 894.3565673828125 249.6253662109375 1.1584872 1.6831158 0.56379616 4.5884743 1.1370567 12.241641 1.8380519151687622 0.10874181240797043
