Pedestrian 0.0 0 3.125671625137329 512.7840576171875 172.93479919433594 537.6634521484375 228.3953399658203 0.7949667 1.7821792 0.6684538 -2.8197849 1.7852201 23.569084 3.006598472595215 0.22811326384544373
Pedestrian 0.0 0 -1.2934373617172241 374.2245178222656 160.1034393310547 410.3708801269531 239.59373474121094 0.68608314 1.7485011 0.61513877 -4.9350424 1.4683924 16.21703 -1.5888457298278809 0.1487191617488861
Cyclist 0.0 0 -1.8542823791503906 786.0919799804688 158.83590698242188 829.2816772460938 226.06414794921875 1.9955969 1.8011261 0.6338094 5.494192 1.4259224 20.331932 -1.5903609991073608 0.8111860752105713
Cyclist 0.0 0 -2.2489662170410156 768.4994506835938 171.84326171875 793.5682983398438 202.85646057128906 1.72075 1.7087222 0.37415338 9.579361 1.6533921 40.60834 -2.0173048973083496 0.2526586651802063
Cyclist 0.0 0 -2.181325674057007 824.9574584960938 173.2353515625 848.5576782226562 204.84507751464844 1.5884162 1.6929382 0.3896873 12.360037 1.7145934 39.47666 -1.877896785736084 0.13781189918518066
Car 0.0 0 -1.5752389430999756 584.130859375 178.1844940185547 647.70556640625 236.85008239746094 4.5147862 1.5365306 1.7013081 0.11198701 1.7128966 21.563673 -1.5700457096099854 0.9171541929244995
Car 0.0 0 -1.2633932828903198 295.1536560058594 157.90797424316406 455.3475646972656 258.2319641113281 4.0379286 1.6024035 1.6813498 -4.235384 1.3640391 13.544447 -1.566462755203247 0.4381413459777832
Car 0.0 0 -1.5562260150909424 516.568603515625 174.2854461669922 540.0479125976562 195.3865509033203 3.9809675 1.420511 1.5823691 -5.7636085 1.5259528 50.90832 -1.6689614057540894 0.2577524781227112
Car 0.0 0 1.4150066375732422 1074.2589111328125 171.4891357421875 1111.3704833984375 193.21298217773438 3.9237256 1.473209 1.5862689 34.073505 1.3810076 51.042152 2.00362491607666 0.16453276574611664
Car 0.0 0 1.2679007053375244 638.4939575195312 181.43153381347656 679.5391845703125 206.1074981689453 3.7929776 1.4736116 1.5735927 3.0821366 2.0511873 46.524494 1.3340516090393066 0.1372353881597519
Car 0.0 0 1.1208564043045044 81.25752258300781 200.7600555419922 152.25709533691406 230.6690216064453 4.563329 1.5402739 1.6190785 -29.055174 3.252392 42.419743 0.5203063488006592 0.13385966420173645
