Pedestrian 0.0 0 -0.09982077777385712 657.4154052734375 153.92518615722656 668.3721313476562 190.4385528564453 0.52035856 1.9486377 0.69998384 2.810284 0.9388064 38.86118 -0.027630481868982315 0.2304304838180542
Pedestrian 0.0 0 -0.09787231683731079 305.7200622558594 166.10366821289062 319.0906982421875 201.63502502441406 0.6136067 1.9132355 0.62950546 -16.235588 1.5501121 39.271557 -0.4898925721645355 0.2040020227432251
Pedestrian 0.0 0 1.973463535308838 7.500550746917725 139.92584228515625 55.98542404174805 222.86480712890625 0.7466289 1.8527098 0.6270341 -13.308102 1.1175112 16.55941 1.2964961528778076 0.18575182557106018
Pedestrian 0.0 0 -2.847635269165039 732.8744506835938 162.6780242919922 772.1737670898438 238.09872436523438 0.8198355 1.818145 0.585761 3.4776635 1.5731936 17.841696 -2.6551311016082764 0.1843399554491043
Pedestrian 0.0 0 -2.660583257675171 438.5615234375 177.90602111816406 448.82965087890625 200.5616455078125 0.59530133 1.7774097 0.57194114 -13.187845 2.1801364 57.112698 -2.887515068054199 0.18261513113975525
Pedestrian 0.0 0 -0.05599498748779297 321.0885925292969 163.7703857421875 338.4745788574219 208.30393981933594 0.62148595 1.7675902 0.54284346 -11.311728 1.4074085 29.011816 -0.427764892578125 0.14331437647342682
Pedestrian 0.0 0 -3.1922833919525146 757.6355590820312 179.0043487548828 782.6619262695312 243.1541748046875 0.6083106 1.6310452 0.46139264 4.0920267 1.7929645 18.6735 -2.976557731628418 0.13963288068771362
Car 0.0 0 3.29246187210083 15.7591552734375 196.99070739746094 288.9576416015625 295.0553283691406 3.993646 1.476224 1.6538912 -8.107976 1.9684253 13.159012 2.7402491569519043 0.9457864165306091
Car 0.0 0 1.684601902961731 407.82086181640625 185.90530395507812 484.8777160644531 247.6646728515625 4.5905056 1.5205642 1.6783503 -4.714579 1.9461541 21.135124 1.4651267528533936 0.8804633021354675
Car 0.0 0 -1.70375394821167 442.2310791015625 177.45770263671875 473.57977294921875 200.81784057617188 3.8132513 1.5384182 1.6459086 -10.687487 1.8736142 50.404205 -1.9126949310302734 0.6876516938209534
Car 0.0 0 -2.062009811401367 542.4262084960938 161.0924530029297 601.4436645507812 197.65029907226562 4.965853 2.343378 1.8590434 -2.6744614 1.5898148 48.852882 -2.1167004108428955 0.5136134028434753
Car 0.0 0 2.60215163230896 662.44970703125 173.25782775878906 753.8741455078125 212.6886444091797 3.459764 1.5679106 1.5869244 4.054875 1.5859221 30.128809 2.7359323501586914 0.16091887652873993
