Pedestrian 0.0 0 1.5739006996154785 565.1200561523438 161.4580841064453 630.0775756835938 326.3449401855469 0.925471 1.7291306 0.681612 -0.13474563 1.5311334 7.877145 1.5567964315414429 0.8365596532821655
Pedestrian 0.0 0 1.4069533348083496 839.3370361328125 172.7515411376953 871.19921875 241.73858642578125 0.91466004 1.6885321 0.6124513 6.2551146 1.5004785 17.80426 1.7448097467422485 0.2098529040813446
Pedestrian 0.0 0 -0.23788276314735413 820.5680541992188 185.06088256835938 873.6716918945312 275.1489562988281 0.8659429 1.7327822 0.6378789 4.7355866 1.8269588 13.986614 0.08858227729797363 0.20253172516822815
Pedestrian 0.0 0 -1.4470967054367065 1176.139892578125 155.37875366210938 1224.0 259.65362548828125 0.57852376 1.7147224 0.5717574 10.091905 1.3032739 12.028247 -0.7490134239196777 0.17155754566192627
Pedestrian 0.0 0 1.934536337852478 391.29571533203125 153.26303100585938 444.4178161621094 241.40127563476562 1.0575254 1.814006 0.77476335 -4.024032 1.255056 15.113027 1.6743112802505493 0.11897984147071838
Pedestrian 0.0 0 2.5774354934692383 604.7896118164062 192.03118896484375 651.2312622070312 280.4905700683594 0.72546524 1.7547866 0.64579594 0.43090618 2.0022094 14.604116 2.6069326400756836 0.10711263120174408
Pedestrian 0.0 0 1.5403923988342285 526.4268188476562 163.9005584716797 563.0986938476562 263.7883605957031 0.8896383 1.7773486 0.643591 -1.1666753 1.4836301 13.055886 1.4512690305709839 0.1067037358880043
Pedestrian 0.0 0 2.9083046913146973 671.0036010742188 153.2463836669922 725.1160888671875 243.48394775390625 0.9679545 1.7988632 0.66902834 1.8532194 1.2571977 14.473686 3.0356523990631104 0.10520350933074951
Pedestrian 0.0 0 -0.7090497612953186 1119.4287109375 186.2200469970703 1224.0 370.0 0.76038414 1.6320143 0.64341044 4.4406366 1.679498 5.3263617 -0.014089701697230339 0.10129965841770172
Pedestrian 0.0 0 2.9746885299682617 664.5687866210938 147.13719177246094 676.8189086914062 182.20751953125 0.59694743 1.9596835 0.5871345 3.6890833 0.09680483 39.818974 3.0670711994171143 0.10113779455423355
Cyclist 0.0 0 1.488078236579895 858.0803833007812 142.0787353515625 900.6937866210938 249.03692626953125 1.7418901 1.6789979 0.5217332 4.587801 1.0775287 12.003208 1.853158950805664 0.18220840394496918
