Car 0.0 0 -1.3487440347671509 396.12396240234375 180.8925018310547 484.7583312988281 237.35057067871094 3.4889696 1.4182737 1.6440133 -4.546504 1.3108028 19.801943 -1.5744314193725586 0.9681203365325928
Car 0.0 0 -1.1471080780029297 155.0350341796875 189.23167419433594 392.21075439453125 310.6069641113281 3.9799829 1.4173329 1.5927804 -4.6166735 1.4884223 10.520707 -1.560624122619629 0.9388936161994934
Car 0.0 0 -1.5457712411880493 575.57958984375 175.0373992919922 610.4216918945312 206.41317749023438 3.4869869 1.4512607 1.6109631 -0.70872414 0.9816036 34.993633 -1.56602144241333 0.92368483543396
Car 0.0 0 -1.251441240310669 334.5443115234375 182.0950927734375 403.91143798828125 222.61839294433594 3.3923628 1.4616905 1.5418092 -9.123179 1.3502605 27.622082 -1.570446491241455 0.8593049645423889
Car 0.0 0 -1.3600492477416992 435.038818359375 177.8502960205078 496.2430725097656 218.30844116210938 3.6808782 1.4576454 1.581438 -5.447056 1.1934128 27.74906 -1.5538816452026367 0.8466853499412537
Car 0.0 0 -0.9903333187103271 56.12455749511719 175.69195556640625 213.86541748046875 241.68406677246094 3.6680303 1.5465789 1.6792067 -12.132635 1.3245134 18.680939 -1.5663330554962158 0.8457229137420654
Car 0.0 0 -1.147092342376709 180.8985595703125 185.3639678955078 317.99810791015625 251.98800659179688 3.7094777 1.469329 1.6344719 -8.710338 1.4745076 17.73877 -1.603541374206543 0.6573529839515686
Car 0.0 0 2.269551992416382 0.0 189.97474670410156 114.43125915527344 346.3627014160156 4.007932 1.4825864 1.6199597 -8.325822 1.5566841 8.976609 1.5217485427856445 0.5548438429832458
Car 0.0 0 -1.2880897521972656 336.36859130859375 181.22161865234375 388.9834899902344 212.69776916503906 3.5213084 1.5181006 1.6080554 -12.397922 1.3265969 36.46185 -1.6158502101898193 0.43369489908218384
Car 0.0 0 -1.3573553562164307 418.2444763183594 169.39785766601562 463.1773681640625 198.9005126953125 3.6138997 1.4965506 1.6023802 -8.869148 0.6953068 38.27907 -1.585034966468811 0.4076226055622101
