Pedestrian 0.0 0 -1.8905390501022339 767.2901000976562 155.48800659179688 794.003173828125 211.91476440429688 0.7611176 1.8291838 0.64962995 5.576564 1.2665889 23.795391 -1.6603386402130127 0.4675174057483673
Pedestrian 0.0 0 1.1883296966552734 186.01185607910156 136.8762969970703 219.76699829101562 202.29222106933594 0.70135075 1.8864152 0.6517482 -12.053058 0.8492755 21.277817 0.672936201095581 0.3406762480735779
Car 0.0 0 -1.9115188121795654 747.1734619140625 178.27220153808594 962.912353515625 313.35302734375 3.698532 1.4697655 1.563037 3.0313451 1.5584625 9.880125 -1.6138238906860352 0.9668369293212891
Car 0.0 0 1.9210193157196045 275.02264404296875 188.42849731445312 407.38885498046875 272.81903076171875 3.6963997 1.5753944 1.5600418 -5.8410835 1.961014 15.997381 1.5709320306777954 0.9556803107261658
Car 0.0 0 -1.8466877937316895 706.0294799804688 180.7552032470703 828.8322143554688 263.6412353515625 3.6080093 1.4926068 1.5646261 3.1185539 1.6797869 15.201244 -1.6443440914154053 0.9233583211898804
Car 0.0 0 1.8086150884628296 373.2069091796875 189.70506286621094 453.410888671875 246.3428955078125 3.456893 1.4371283 1.4852532 -5.7004223 1.9709594 21.09252 1.5446628332138062 0.8568201065063477
Car 0.0 0 -1.7810629606246948 690.590087890625 175.9423828125 772.13134765625 230.89820861816406 3.6479456 1.4281963 1.5692285 3.3543532 1.5256445 20.819098 -1.6213167905807495 0.7679520845413208
Car 0.0 0 0.5379579067230225 0.0 184.8363800048828 98.24961853027344 252.4684600830078 3.7392895 1.4952005 1.6071581 -14.918645 1.8037581 17.448627 -0.16943402588367462 0.39256614446640015
Car 0.0 0 -2.76054048538208 384.7995910644531 178.94056701660156 457.8965148925781 204.88421630859375 4.1434674 1.5806127 1.6649271 -11.9135685 1.9743869 45.550503 -3.0163564682006836 0.39165323972702026
Car 0.0 0 -2.4807615280151367 0.0 0.0 1242.0 375.0 3.854104 1.5154833 1.552869 2.9854903 1.4376985 1.5116165 -1.3786568641662598 0.312682569026947
Car 0.0 0 1.0578629970550537 338.36578369140625 187.2068634033203 383.568115234375 207.96054077148438 3.8236997 1.4562676 1.5857804 -19.052544 2.5889995 55.062157 0.7247393131256104 0.3106955587863922
Car 0.0 0 1.1888904571533203 829.9564819335938 155.73020935058594 872.2989501953125 179.1457977294922 4.0154343 1.7377428 1.7155014 18.498775 0.4672906 55.60085 1.510076880455017 0.298340380191803
