Pedestrian 0.0 0 1.2611808776855469 626.6302490234375 129.7154998779297 680.0 241.9552459716797 0.942811 1.8670862 0.66644865 0.78182894 1.0239463 12.295032 1.3246843814849854 0.7685139775276184
Pedestrian 0.0 0 -2.075059652328491 687.8228759765625 144.53347778320312 715.67138671875 202.6773223876953 0.7489541 1.7714465 0.5655042 2.9725683 0.6772262 21.987803 -1.9406826496124268 0.7238169312477112
Pedestrian 0.0 0 1.260831356048584 582.16552734375 134.64881896972656 638.7907104492188 246.67967224121094 0.99383897 1.8320693 0.6979406 0.03464192 1.0839053 12.136743 1.263685703277588 0.6914340257644653
Pedestrian 0.0 0 1.382285237312317 563.8262939453125 141.54696655273438 603.9716186523438 231.59739685058594 0.9507605 1.8274741 0.6748182 -0.496457 1.0385915 14.881778 1.3489375114440918 0.626554548740387
Pedestrian 0.0 0 1.2633097171783447 435.8746337890625 137.916015625 475.6171569824219 228.21701049804688 0.7217118 1.7339102 0.57836115 -3.0093226 0.91786945 14.0281515 1.0519921779632568 0.6121172904968262
Pedestrian 0.0 0 -2.721710681915283 926.2890625 118.3792724609375 1057.061279296875 370.0 0.6089634 1.6815752 0.64459956 2.6921566 1.2799685 5.0236697 -2.2297616004943848 0.5688990354537964
Pedestrian 0.0 0 -1.296203374862671 112.60993194580078 142.65565490722656 170.0989227294922 254.70059204101562 0.65785784 1.8176996 0.6559147 -7.8206334 1.2054056 11.878246 -1.8784608840942383 0.4963947832584381
Pedestrian 0.0 0 -0.1165972575545311 512.368896484375 148.77957153320312 556.6724243164062 230.69989013671875 0.9616038 1.8528152 0.54631674 -1.6753196 1.1369959 16.357504 -0.2186603993177414 0.486105740070343
Pedestrian 0.0 0 -2.6374056339263916 1060.48193359375 114.6507339477539 1198.1865234375 369.1454772949219 0.54031163 1.5706905 0.5546348 3.4379356 1.1660014 4.7209463 -2.007983446121216 0.4008804261684418
Pedestrian 0.0 0 0.801835298538208 461.7560119628906 140.2571258544922 512.4136352539062 229.03504943847656 0.80312026 1.8147713 0.6949276 -2.536245 0.99376357 14.966113 0.6339643001556396 0.3905581533908844
Pedestrian 0.0 0 2.9348061084747314 515.1353149414062 151.26904296875 563.3834838867188 233.94140625 0.9619776 1.7687607 0.5483739 -1.4884893 1.1449882 15.52719 2.8392348289489746 0.3596399426460266
Pedestrian 0.0 0 -1.507352352142334 67.66159057617188 147.43385314941406 101.22978210449219 217.05422973632812 0.6421732 1.9157984 0.723921 -14.691052 1.007469 19.917377 -2.1428699493408203 0.3595287501811981
Pedestrian 0.0 0 0.5883825421333313 963.0022583007812 105.38895416259766 1163.481689453125 370.0 0.7449987 1.6751697 0.7043474 2.664678 1.2779574 4.234219 1.1500822305679321 0.3106771409511566
Pedestrian 0.0 0 1.7779632806777954 241.94351196289062 159.38650512695312 265.5410461425781 210.6714630126953 0.6460671 1.8182902 0.64318395 -12.670087 1.0712444 25.456835 1.316150426864624 0.28380173444747925
Pedestrian 0.0 0 0.817886471748352 1009.0963134765625 136.43214416503906 1147.4833984375 370.0 0.70954555 1.8191843 0.5985216 3.718681 1.4919792 5.6732497 1.3981019258499146 0.28266119956970215
Pedestrian 0.0 0 -1.4395238161087036 362.46246337890625 138.20095825195312 386.0210876464844 198.08087158203125 0.82794994 1.9295329 0.63535196 -7.6101995 0.56806135 23.243916 -1.7559304237365723 0.2615808844566345
Pedestrian 0.0 0 1.575513482093811 587.8787231445312 140.2633514404297 607.2814331054688 199.49609375 0.76558775 1.7597195 0.5764613 -0.25638327 0.5659099 21.385324 1.5635253190994263 0.2547342777252197
Pedestrian 0.0 0 0.7678359746932983 240.66595458984375 131.1732177734375 341.1629638671875 242.3402557373047 1.5760645 1.7592747 0.5556418 -5.251173 0.98030925 11.713293 0.3463892936706543 0.1385551542043686
Cyclist 0.0 0 0.6067792177200317 406.6002502441406 148.63095092773438 455.7467346191406 198.37205505371094 1.6832703 1.7684911 0.6196395 -6.352578 0.63694644 25.723005 0.36466288566589355 0.603643000125885
Cyclist 0.0 0 0.7678359746932983 240.66595458984375 131.1732177734375 341.1629638671875 242.3402557373047 1.5760645 1.7592747 0.5556418 -5.251173 0.98030925 11.713293 0.3463892936706543 0.26514506340026855
Cyclist 0.0 0 3.2005910873413086 309.9365234375 149.4445343017578 354.17669677734375 191.53858947753906 1.752243 1.7863358 0.6179469 -11.802668 0.469921 30.561094 2.832038402557373 0.26353225111961365
Cyclist 0.0 0 1.266708254814148 628.0487670898438 125.83580780029297 680.2601318359375 238.93527221679688 0.94672453 1.8876007 0.65094024 0.7991462 0.97691965 12.3325205 1.3314176797866821 0.14249078929424286
