Pedestrian 0.0 0 -1.9310275316238403 868.8291015625 158.3694610595703 949.1802368164062 304.8392639160156 0.9747142 1.6813023 0.58681667 3.668851 1.4171401 8.740955 -1.5336281061172485 0.8522501587867737
Pedestrian 0.0 0 -2.7426464557647705 667.6246948242188 172.7207794189453 755.6276245117188 315.590576171875 0.7892152 1.5179299 0.6639908 1.2025732 1.4260144 8.11802 -2.5955796241760254 0.7789462804794312
Pedestrian 0.0 0 1.057674527168274 824.5331420898438 160.7105255126953 930.0949096679688 331.82647705078125 0.8866992 1.6664375 0.67342234 2.7976909 1.4653468 7.4830995 1.4154523611068726 0.7668067812919617
Pedestrian 0.0 0 -1.8690537214279175 952.0927124023438 149.88426208496094 1074.083740234375 374.0 0.68381983 1.5488943 0.5553269 2.7881613 1.3468422 5.012385 -1.3614213466644287 0.7516445517539978
Pedestrian 0.0 0 -0.972503125667572 777.3206176757812 157.0463104248047 891.1708374023438 353.6185302734375 0.80465126 1.6079388 0.6159619 2.0134313 1.4093 6.3640356 -0.6660905480384827 0.7049055695533752
Pedestrian 0.0 0 1.2347030639648438 488.6012268066406 161.0291290283203 543.0567626953125 261.4916076660156 0.9227795 1.7439264 0.71414226 -1.6046445 1.3898507 13.038733 1.1122512817382812 0.6784301400184631
Pedestrian 0.0 0 1.5124702453613281 246.91989135742188 164.63650512695312 277.77655029296875 248.6030731201172 0.7291233 1.6738663 0.5298403 -7.013087 1.3389403 14.764378 1.069021463394165 0.5653500556945801
Pedestrian 0.0 0 -1.080169439315796 0.0 151.4354248046875 163.2018280029297 374.0 0.58089197 1.6520963 0.70156765 -2.4957001 1.5353543 3.1686835 -1.747312307357788 0.5510854721069336
Pedestrian 0.0 0 -2.0008702278137207 748.2075805664062 158.14111328125 809.9060668945312 277.1456604003906 0.8909163 1.7348903 0.59295243 2.6514497 1.3956679 10.963535 -1.763583779335022 0.5351828932762146
Pedestrian 0.0 0 1.5920628309249878 671.1821899414062 173.1900634765625 709.5939331054688 275.4402160644531 0.79604256 1.7116083 0.6404947 1.5074098 1.57379 12.461142 1.712446689605713 0.5179021954536438
Pedestrian 0.0 0 -1.1876202821731567 672.7505493164062 162.27110290527344 700.8292236328125 221.7999267578125 0.63280946 1.7899255 0.6679399 2.5931075 1.2128694 22.03427 -1.0704739093780518 0.48976415395736694
Pedestrian 0.0 0 -2.4285643100738525 801.1069946289062 154.27001953125 860.3351440429688 262.9385681152344 0.6725294 1.7217 0.6433788 3.7305846 1.2915752 11.833439 -2.1231689453125 0.485140323638916
Pedestrian 0.0 0 3.247682809829712 476.5286560058594 176.6240234375 511.12481689453125 252.19140625 0.7379366 1.7336348 0.65560246 -2.547195 1.6229821 16.820902 3.0973942279815674 0.4851054251194
Pedestrian 0.0 0 1.9842474460601807 735.2520141601562 164.3304901123047 753.2755737304688 202.9423370361328 0.67377263 1.758406 0.59595853 6.583184 0.97743064 33.157574 2.180241107940674 0.4440177083015442
Pedestrian 0.0 0 -3.007056951522827 1017.3811645507812 121.25704193115234 1207.9393310546875 374.0 0.69016176 1.5817837 0.6282967 2.4569745 1.3262005 3.526889 -2.3985891342163086 0.43187105655670166
Pedestrian 0.0 0 -2.145470380783081 662.1341552734375 169.7650146484375 689.7974853515625 220.7508087158203 0.74219924 1.6908231 0.62704104 2.4927168 1.302745 24.292383 -2.043215274810791 0.41764938831329346
Pedestrian 0.0 0 -3.187285900115967 716.55712890625 179.65737915039062 746.6936645507812 237.05056762695312 0.8608379 1.6969335 0.67476845 3.8837194 1.6435821 21.627357 -3.0096051692962646 0.3434724509716034
Pedestrian 0.0 0 2.643190383911133 710.94140625 162.54788208007812 738.7828369140625 215.05575561523438 0.70491284 1.7816665 0.6856457 4.235665 1.1396699 24.809895 2.8122849464416504 0.3351702392101288
Pedestrian 0.0 0 -0.07465860247612 664.3672485351562 165.71484375 701.9229736328125 252.45680236816406 0.6651699 1.6090025 0.55334735 1.5009671 1.3174618 13.610195 0.035180091857910156 0.3295902907848358
Cyclist 0.0 0 1.1975643634796143 487.524169921875 164.32537841796875 544.4417114257812 265.6174621582031 1.0220916 1.7547606 0.69949627 -1.6055896 1.4585096 13.057536 1.0752158164978027 0.14386603236198425
Cyclist 0.0 0 -2.0896756649017334 660.0324096679688 170.5167236328125 692.3585205078125 220.9857940673828 0.87684995 1.6687728 0.75064504 2.4995182 1.3066946 24.302088 -1.9871840476989746 0.11250597983598709
Car 0.0 0 1.7103890180587769 527.6248779296875 173.79595947265625 601.4790649414062 227.50010681152344 4.2210045 1.4616903 1.6519423 -1.0396404 1.2531633 21.725952 1.662572979927063 0.9385035037994385
