Pedestrian 0.0 0 0.29266539216041565 648.4740600585938 132.19407653808594 694.0808715820312 207.30514526367188 1.0022868 1.8058615 0.5601581 1.4644382 0.8286512 17.788956 0.3748030662536621 0.3730449378490448
Pedestrian 0.0 0 2.759368658065796 166.63201904296875 190.5572509765625 200.88876342773438 245.40573120117188 0.7500166 1.7579366 0.76285946 -14.219797 2.3600764 23.994644 2.2243905067443848 0.3437429368495941
Cyclist 0.0 0 0.29266539216041565 648.4740600585938 132.19407653808594 694.0808715820312 207.30514526367188 1.0022868 1.8058615 0.5601581 1.4644382 0.8286512 17.788956 0.3748030662536621 0.1871975213289261
Car 0.0 0 -1.8242660760879517 634.4395751953125 183.8457489013672 749.3279418945312 265.2137756347656 3.4349709 1.4453961 1.5448836 1.5396674 1.7037641 15.119329 -1.7227815389633179 0.9493327736854553
Car 0.0 0 2.435896158218384 557.9754638671875 177.14723205566406 649.7672729492188 213.96263122558594 3.760467 1.4398713 1.5639142 -0.25926858 1.6323566 30.464497 2.4273858070373535 0.855901300907135
Car 0.0 0 -0.9515206217765808 717.3783569335938 174.7547149658203 817.565185546875 217.12571716308594 3.9756875 1.4385471 1.5971608 5.8125753 1.5140433 26.593897 -0.7363365888595581 0.8419461846351624
Car 0.0 0 -1.0578699111938477 866.282958984375 170.51356506347656 938.991455078125 204.99591064453125 3.4033215 1.4695457 1.5594834 13.131573 1.3701608 32.417694 -0.6729968786239624 0.8030016422271729
Car 0.0 0 -1.087787389755249 793.838134765625 169.67642211914062 882.0593872070312 209.88783264160156 4.2682576 1.533941 1.6602038 9.37062 1.4130841 29.613955 -0.7813299298286438 0.7794707417488098
Car 0.0 0 -1.1651530265808105 916.1889038085938 165.9286651611328 989.5634765625 200.69497680664062 4.1959286 1.5906669 1.701162 16.649176 1.2741687 35.034218 -0.7215201258659363 0.7087356448173523
Car 0.0 0 -1.6642718315124512 1068.13818359375 168.84971618652344 1129.2342529296875 208.7595977783203 3.8689158 1.4433177 1.6076201 18.953197 1.2988629 28.174545 -1.0720994472503662 0.4957813322544098
Car 0.0 0 2.140188217163086 252.78717041015625 168.07347106933594 312.5861511230469 196.43341064453125 4.346705 1.9250752 1.8109869 -23.197634 1.6009295 51.25634 1.7151902914047241 0.42277276515960693
