Pedestrian 0.0 0 0.5877824425697327 1128.485107421875 182.10678100585938 1172.8197021484375 247.1380615234375 0.75641984 1.747643 0.6369409 14.919823 2.010225 19.9826 1.2291301488876343 0.3357312083244324
Pedestrian 0.0 0 0.24087819457054138 181.0198516845703 168.664306640625 203.41920471191406 206.27676391601562 0.824045 1.8107831 0.60620594 -20.380789 1.6094354 35.140987 -0.2846846878528595 0.1551540344953537
Pedestrian 0.0 0 0.06398449838161469 435.84844970703125 160.16859436035156 455.8185119628906 198.0084991455078 0.89118433 1.7824112 0.60755414 -7.8510766 1.1852357 34.35573 -0.16068071126937866 0.15015555918216705
Cyclist 0.0 0 0.833686113357544 1022.1842651367188 197.74667358398438 1067.5880126953125 248.01885986328125 1.6042353 1.7618903 0.50234246 16.17739 2.720878 26.948326 1.3743345737457275 0.17793287336826324
Car 0.0 0 1.941372275352478 211.6251678466797 191.25550842285156 311.42572021484375 244.72552490234375 3.5298772 1.3906603 1.5400065 -10.466789 1.9942913 21.833485 1.4943468570709229 0.8359061479568481
Car 0.0 0 2.2352049350738525 0.0 201.9622802734375 59.238136291503906 355.70281982421875 3.9795976 1.4836409 1.6738058 -9.732453 1.9638875 9.81914 1.4542405605316162 0.4646396040916443
Car 0.0 0 1.481010913848877 450.73638916015625 177.0413818359375 483.26904296875 204.38084411621094 3.8910065 1.5875403 1.6242126 -8.915585 1.859101 44.633095 1.2838530540466309 0.33973750472068787
Car 0.0 0 0.3415113389492035 328.8095703125 177.59959411621094 420.01708984375 210.31683349609375 4.260581 1.6790617 1.7272503 -12.463076 1.9368105 38.212738 0.026239871978759766 0.3329802453517914
Car 0.0 0 3.3444905281066895 104.48877716064453 172.6217803955078 211.74037170410156 205.55758666992188 4.173364 1.5324072 1.6375221 -21.887594 1.5219603 35.06161 2.7864229679107666 0.2237151563167572
Car 0.0 0 -2.861624002456665 376.3594665527344 163.46234130859375 465.18780517578125 196.29379272460938 3.8698828 1.5558058 1.6546808 -9.18629 1.1111152 35.06224 -3.1178641319274902 0.17791752517223358
