Pedestrian 0.0 0 1.6411950588226318 285.53070068359375 192.90402221679688 318.23529052734375 270.30511474609375 0.5995732 1.5082572 0.57102084 -6.290875 1.9257016 14.629796 1.235093355178833 0.6906167268753052
Pedestrian 0.0 0 1.5267839431762695 469.2265930175781 187.93408203125 486.2077941894531 231.9805450439453 0.8190183 1.6951926 0.6240522 -5.282298 2.3022573 28.55718 1.3438786268234253 0.3601495027542114
Car 0.0 0 -1.8872467279434204 760.2911376953125 194.71163940429688 1035.67236328125 375.0 3.5996618 1.4303253 1.5655364 2.684651 1.7198348 7.7288523 -1.5529307126998901 0.9623629450798035
Car 0.0 0 -1.7986806631088257 700.3485107421875 174.48162841796875 855.575927734375 288.0661926269531 4.415772 1.6716855 1.6647437 2.7170408 1.7061775 12.904646 -1.5911641120910645 0.9363099932670593
Car 0.0 0 1.6925209760665894 509.31884765625 183.8751220703125 567.4606323242188 231.09628295898438 4.256086 1.587457 1.6899061 -2.6782658 2.0392497 27.404118 1.5950981378555298 0.8768917918205261
Car 0.0 0 -2.331179141998291 889.444580078125 174.91685485839844 1242.0 375.0 4.120172 1.6190196 1.6593913 2.6298568 1.633136 2.7468557 -1.567537784576416 0.7884893417358398
Car 0.0 0 2.471593141555786 0.0 205.901123046875 323.1485290527344 375.0 3.567049 1.4766632 1.5684973 -2.735202 1.6826764 2.6363544 1.6677950620651245 0.6964720487594604
Car 0.0 0 -1.6820722818374634 654.6255493164062 183.72731018066406 697.2939453125 218.28526306152344 3.8614595 1.5087537 1.6109799 3.074746 2.0610344 34.673462 -1.5936263799667358 0.593022346496582
Car 0.0 0 -1.6800683736801147 667.3540649414062 172.36575317382812 727.6298217773438 227.93914794921875 4.7478642 1.9219781 1.7332258 3.171837 1.9054503 27.330584 -1.5645307302474976 0.5558977127075195
Car 0.0 0 -1.6898552179336548 647.18603515625 179.6416778564453 683.6749267578125 210.32801818847656 3.8622036 1.6082627 1.592484 3.0398734 2.009498 40.64648 -1.6152061223983765 0.4418538510799408
