Pedestrian 0.0 0 1.6063013076782227 884.7498168945312 162.71786499023438 905.1585693359375 212.5043182373047 0.97466815 1.8044343 0.67060393 10.517948 1.4374235 26.728933 1.981195330619812 0.6577089428901672
Pedestrian 0.0 0 -1.055345058441162 312.94281005859375 164.32693481445312 343.1604309082031 215.36094665527344 1.0191249 1.8747836 0.636938 -10.606059 1.5618922 27.053102 -1.4289757013320923 0.23297888040542603
Pedestrian 0.0 0 -0.07115281373262405 659.8424072265625 169.93592834472656 675.10791015625 205.345703125 0.7199252 1.7541589 0.575718 2.8294713 1.6099595 36.031834 0.0072133541107177734 0.18329934775829315
Pedestrian 0.0 0 1.7276643514633179 213.2729949951172 168.20762634277344 249.27304077148438 240.26954650878906 1.0776154 1.8320925 0.6797997 -9.98672 1.7143221 18.961102 1.242889404296875 0.1457826793193817
Car 0.0 0 1.8113481998443604 529.4979248046875 178.7213592529297 605.3803100585938 230.74954223632812 3.6439302 1.4684559 1.55997 -1.3002795 1.6694099 22.731897 1.7542097568511963 0.9430928230285645
Car 0.0 0 2.019512176513672 0.9776841402053833 190.7703857421875 470.5249328613281 375.0 3.812863 1.5708494 1.597203 -2.410141 1.7611936 5.7052135 1.619807243347168 0.9170765280723572
Car 0.0 0 1.7152705192565918 681.016357421875 170.78506469726562 708.9476928710938 191.45907592773438 4.0739126 1.5346497 1.5740302 6.572347 1.3814293 55.72888 1.832662582397461 0.30259379744529724
Car 0.0 0 0.9483647346496582 664.4918823242188 175.8602294921875 716.534912109375 198.14752197265625 4.1124883 1.5093309 1.5982499 5.683128 1.7339263 51.63386 1.0579893589019775 0.19868165254592896
Car 0.0 0 -1.5014694929122925 553.05517578125 175.1861114501953 589.1737060546875 205.9620819091797 3.8728843 1.5378767 1.6513354 -2.0524054 1.6683261 38.297184 -1.5550098419189453 0.15815189480781555
Car 0.0 0 1.491901159286499 923.7450561523438 169.59689331054688 946.2454833984375 186.70423889160156 4.0486016 1.5452744 1.59593 30.283157 1.2514234 67.34718 1.9144700765609741 0.1464623063802719
