Pedestrian 0.0 0 2.448699712753296 958.4009399414062 131.06459045410156 1009.9956665039062 218.97779846191406 0.7801477 1.8179258 0.579411 7.8706307 0.9541352 15.284688 2.924224376678467 0.5773827433586121
Car 0.0 0 -1.8548824787139893 712.3283081054688 192.18138122558594 894.3120727539062 320.58636474609375 3.7137196 1.5101178 1.6143839 2.650854 1.8544149 10.944979 -1.6172600984573364 0.9702549576759338
Car 0.0 0 -2.0415608882904053 808.157958984375 197.8182373046875 1205.1951904296875 375.0 3.29747 1.513345 1.5496176 2.9345973 1.7878876 6.2494698 -1.6025477647781372 0.9379519820213318
Car 0.0 0 1.8388864994049072 285.5315246582031 200.6846923828125 456.205810546875 321.62359619140625 3.937412 1.5021223 1.6387242 -3.7535083 2.0377908 11.877289 1.5327943563461304 0.9362708926200867
Car 0.0 0 -1.7639169692993164 673.1724853515625 194.11358642578125 781.5519409179688 272.63372802734375 4.2485332 1.4650576 1.6562315 2.5247486 2.023723 16.787348 -1.6146398782730103 0.9293484687805176
Car 0.0 0 1.7907018661499023 394.0585021972656 201.31338500976562 498.67572021484375 276.05828857421875 3.9793935 1.4561759 1.6394619 -3.888387 2.2278779 17.561977 1.5728075504302979 0.9190571904182434
Car 0.0 0 -1.6756070852279663 653.2313232421875 189.4644775390625 704.347900390625 232.01866149902344 3.8172789 1.4845419 1.60966 2.6160269 2.1872377 28.586533 -1.5843486785888672 0.8127055168151855
Car 0.0 0 3.7300288677215576 0.0 192.12583923339844 197.43544006347656 338.7683410644531 3.7045572 1.5218132 1.5898455 -7.3775783 1.7824614 8.744949 3.0292394161224365 0.7600150108337402
Car 0.0 0 1.7232048511505127 471.30413818359375 193.5413055419922 529.6109619140625 241.25277709960938 3.972905 1.6074138 1.652467 -4.2169027 2.4682353 28.019804 1.5738286972045898 0.603156328201294
Car 0.0 0 -3.3789119720458984 814.3869018554688 175.68418884277344 906.0157470703125 207.4466552734375 4.023832 1.5242391 1.6231474 12.312801 1.6689309 35.797318 -3.0476291179656982 0.5553514361381531
Car 0.0 0 -1.7291829586029053 660.4495849609375 188.88470458984375 733.0559692382812 244.13954162597656 4.15876 1.5078998 1.6387662 2.6207259 2.0669324 23.028881 -1.6158688068389893 0.49870219826698303
