Pedestrian 0.0 0 -2.152151584625244 613.9667358398438 167.1140899658203 682.0416259765625 283.1336669921875 0.7525509 1.5420436 0.6384887 0.59735024 1.3521643 10.030275 -2.0926671028137207 0.8040188550949097
Pedestrian 0.0 0 2.560166835784912 670.8106079101562 157.54673767089844 750.1217651367188 283.3830871582031 0.92335415 1.7008481 0.61875093 1.496171 1.378412 10.181922 2.706066608428955 0.7779658436775208
Pedestrian 0.0 0 -1.9581488370895386 726.675537109375 166.1914520263672 752.9995727539062 224.16180419921875 0.6718564 1.590083 0.5047334 3.8336785 1.1713359 20.079908 -1.7694979906082153 0.7065451145172119
Pedestrian 0.0 0 2.0517542362213135 278.9119567871094 153.75650024414062 352.9028625488281 285.9097595214844 0.7563605 1.685956 0.6409923 -3.8330264 1.3333497 9.569885 1.6707909107208252 0.7043257355690002
Pedestrian 0.0 0 -1.7864574193954468 448.3033447265625 168.25607299804688 478.8802795410156 222.43190002441406 1.5268445 1.8039478 0.72169316 -4.78744 1.3640348 24.760412 -1.977451205253601 0.5104085803031921
Pedestrian 0.0 0 -2.8431396484375 605.7019653320312 169.2486572265625 623.982666015625 201.11398315429688 0.94270307 1.8201779 0.52143824 0.7750379 1.1211617 41.424084 -2.824431896209717 0.5098509192466736
Pedestrian 0.0 0 0.984620213508606 656.71240234375 164.32550048828125 693.498291015625 223.6890106201172 0.83712596 1.7529373 0.773779 2.198946 1.2469232 21.759731 1.085334062576294 0.5004002451896667
Pedestrian 0.0 0 -0.2742607593536377 704.899169921875 157.5951690673828 741.1403198242188 217.18365478515625 0.9555608 1.8095304 0.67620087 3.7231748 1.0847288 22.198822 -0.10808791220188141 0.4844096004962921
Pedestrian 0.0 0 2.244119882583618 101.2388687133789 170.4662322998047 159.10174560546875 272.77587890625 0.630082 1.7550863 0.5895601 -8.33755 1.567086 12.660688 1.661765694618225 0.4533446729183197
Pedestrian 0.0 0 -0.5407610535621643 172.8045654296875 152.72119140625 203.27088928222656 213.74371337890625 0.55207914 1.9171952 0.7216505 -13.252641 1.0141339 22.98242 -1.0638288259506226 0.41968175768852234
Pedestrian 0.0 0 -2.1663737297058105 754.4938354492188 143.98541259765625 795.846923828125 220.68296813964844 0.8469124 1.7590027 0.57111293 4.0611334 0.8998428 16.968859 -1.9314637184143066 0.3996809124946594
Pedestrian 0.0 0 -2.013720989227295 675.6451416015625 174.9579620361328 704.183349609375 231.58001708984375 0.6437258 1.7721021 0.69285476 2.7899196 1.5684634 22.89401 -1.8924564123153687 0.3657534420490265
Cyclist 0.0 0 1.741166114807129 481.8622741699219 165.5697784423828 512.1875 229.05947875976562 1.6926184 1.7095666 0.5683763 -2.9480941 1.2817796 20.193014 1.5961946249008179 0.9189597964286804
Cyclist 0.0 0 1.8340305089950562 399.49212646484375 166.71505737304688 468.6779479980469 292.568359375 1.6408552 1.7542021 0.61427873 -2.5310435 1.5494422 10.840228 1.6046535968780518 0.8809384703636169
Cyclist 0.0 0 1.7007437944412231 501.5025939941406 164.46522521972656 539.717041015625 247.7856903076172 1.9238852 1.8214744 0.64130133 -1.8858261 1.4502989 16.668299 1.58808434009552 0.8363959193229675
Cyclist 0.0 0 2.6510701179504395 53.10906982421875 159.1456756591797 152.72979736328125 244.04356384277344 1.7994907 1.7774526 0.49177155 -11.059373 1.3106687 15.949489 2.0447874069213867 0.6138331294059753
Cyclist 0.0 0 0.41721463203430176 124.68667602539062 174.17568969726562 225.16661071777344 248.58279418945312 1.8147299 1.6300805 0.71720463 -9.622811 1.4708449 16.198023 -0.11883549392223358 0.45523449778556824
Cyclist 0.0 0 1.3960076570510864 660.9098510742188 161.83619689941406 695.3245239257812 235.57672119140625 1.739528 1.6679904 0.5139845 1.7739426 1.2244145 17.13185 1.499186396598816 0.35353943705558777
Cyclist 0.0 0 -1.7745355367660522 448.4938659667969 168.8680877685547 478.351318359375 221.68980407714844 1.4814323 1.7596257 0.7221713 -4.7906427 1.3399074 24.749575 -1.965735673904419 0.3429204225540161
Cyclist 0.0 0 1.6549559831619263 341.7466125488281 182.23333740234375 358.9951477050781 226.76544189453125 1.802442 1.6373327 0.4737536 -9.575945 1.667238 27.37075 1.3184053897857666 0.31747889518737793
Cyclist 0.0 0 -0.7553987503051758 706.0286254882812 182.187744140625 813.7717895507812 287.3271179199219 1.8167065 1.6627784 0.6638857 2.6457396 1.6763754 12.119523 -0.5404667854309082 0.30954623222351074
Cyclist 0.0 0 0.4011233448982239 658.6626586914062 165.4010467529297 695.7853393554688 223.6744384765625 0.8831845 1.717423 0.7792062 2.267312 1.2440876 21.722668 0.505122184753418 0.1893048882484436
Cyclist 0.0 0 -2.1331753730773926 752.2949829101562 141.9176788330078 796.138671875 219.11163330078125 0.9746356 1.7720717 0.57857275 4.053628 0.8646259 17.042181 -1.8996561765670776 0.12157656252384186
Car 0.0 0 -1.4784317016601562 503.6280212402344 171.024169921875 536.6483764648438 198.46900939941406 4.0819626 1.6279904 1.6723098 -5.0026383 1.007343 44.66471 -1.5899710655212402 0.32903316617012024
