Pedestrian 0.0 0 -2.7603323459625244 450.4154357910156 136.55169677734375 483.7777099609375 194.77976989746094 0.9059949 1.8895799 0.6448114 -4.7565026 0.71187866 23.812017 -2.9574897289276123 0.19133329391479492
Pedestrian 0.0 0 1.6579763889312744 905.8402709960938 137.88710021972656 927.8547973632812 197.2159423828125 0.6450592 1.8606402 0.59442884 9.760045 0.7643847 23.049942 2.05851674079895 0.1835600733757019
Pedestrian 0.0 0 -1.189168930053711 171.5707550048828 132.3230743408203 254.41172790527344 277.25689697265625 0.96582705 1.8375812 0.66235167 -5.3437943 1.3240571 9.665467 -1.6942167282104492 0.14317214488983154
Pedestrian 0.0 0 1.9241576194763184 563.255859375 168.43246459960938 577.7413330078125 199.38397216796875 0.87302476 1.7777221 0.57507896 -2.3271484 1.5241253 41.941 1.8687281608581543 0.13381427526474
Cyclist 0.0 0 -1.977681040763855 725.1056518554688 142.302978515625 761.9765014648438 200.93344116210938 1.7643768 1.7608902 0.46979222 4.11293 0.84368813 22.580114 -1.7975080013275146 0.4439455270767212
Car 0.0 0 1.8476967811584473 191.5194091796875 187.70681762695312 461.7842102050781 368.0025634765625 4.5338697 1.4598509 1.6518248 -2.9732249 1.6834666 8.531639 1.5123642683029175 0.9222927093505859
Car 0.0 0 1.814258337020874 446.1836853027344 169.09385681152344 547.2744140625 238.42172241210938 4.3997326 1.6729271 1.696819 -2.9893835 1.5825505 19.677391 1.6634914875030518 0.7895606160163879
Car 0.0 0 -1.2148288488388062 644.3921508789062 168.94482421875 696.2647094726562 198.42123413085938 3.461045 1.445739 1.5642618 3.124964 1.2543623 37.2856 -1.1312127113342285 0.7802725434303284
Car 0.0 0 1.755286693572998 377.99285888671875 161.26026916503906 505.3223876953125 275.1372985839844 4.082549 1.9345919 1.712994 -3.2113945 1.7379904 14.325851 1.5347645282745361 0.43996480107307434
Car 0.0 0 2.8241689205169678 683.1455078125 171.4915771484375 736.772216796875 190.25546264648438 4.136088 1.538742 1.6427478 8.3213005 1.4273721 60.34642 2.9611968994140625 0.18909427523612976
