Pedestrian 0.0 0 0.9199666976928711 270.41534423828125 179.51675415039062 325.10125732421875 263.3125915527344 0.8084548 1.6563989 0.67389846 -6.324499 1.6385928 14.462295 0.507716178894043 0.441046804189682
Pedestrian 0.0 0 2.3149099349975586 124.08531951904297 113.57157897949219 204.6554412841797 255.89035034179688 0.69621843 1.90347 0.6561043 -6.175595 1.0099947 9.853914 1.7550784349441528 0.28579771518707275
Pedestrian 0.0 0 -1.5521104335784912 789.6492309570312 161.44729614257812 804.0694580078125 196.7798309326172 0.6195052 1.869978 0.73359144 10.253372 0.8630225 37.81566 -1.2873355150222778 0.2717048227787018
Pedestrian 0.0 0 -0.15962541103363037 999.1980590820312 118.34618377685547 1067.239990234375 251.1151580810547 0.7422058 1.7677473 0.42533985 5.8406134 0.9418751 9.744239 0.38034653663635254 0.24099694192409515
Pedestrian 0.0 0 1.831467866897583 116.0478515625 154.93197631835938 136.0689697265625 196.7442169189453 0.6917697 2.0282648 0.6593349 -23.536768 0.7894282 34.728203 1.2358367443084717 0.21897220611572266
Pedestrian 0.0 0 -1.3628928661346436 987.1275634765625 140.10696411132812 1006.3030395507812 183.20895385742188 0.45079038 2.0319567 0.7228717 18.674568 0.12915713 33.734398 -0.8573079109191895 0.2054266333580017
Pedestrian 0.0 0 -2.9645137786865234 983.3246459960938 151.37892150878906 1030.137939453125 220.88381958007812 0.96614313 1.7409865 0.56247973 10.321113 1.0131444 18.2303 -2.449354887008667 0.20415614545345306
Pedestrian 0.0 0 -1.6803005933761597 1021.4522705078125 147.0851287841797 1039.6031494140625 188.94363403320312 0.5343024 1.9427004 0.67480797 19.957972 0.39333194 33.19381 -1.138958215713501 0.15735846757888794
Pedestrian 0.0 0 -0.20332461595535278 772.2559204101562 158.65695190429688 801.3711547851562 190.67774963378906 1.5365583 1.8211049 0.54615265 10.405642 0.5802189 40.5164 0.048067569732666016 0.1408318728208542
Cyclist 0.0 0 1.027230978012085 873.8873291015625 158.10487365722656 908.6524658203125 196.9635772705078 2.0026424 1.7863468 0.5714348 13.538503 0.75829256 33.532333 1.410961389541626 0.6344460844993591
Cyclist 0.0 0 -2.8728675842285156 971.71923828125 144.48345947265625 1036.767578125 213.22915649414062 1.3627021 1.722036 0.6045084 10.344098 0.8214394 18.400448 -2.360732078552246 0.21135208010673523
Cyclist 0.0 0 -0.01573057472705841 771.421630859375 156.13368225097656 799.079833984375 188.0114288330078 1.5270876 1.8086841 0.5408285 10.3231535 0.4275699 40.551464 0.23354387283325195 0.16903656721115112
Car 0.0 0 -0.7977772951126099 0.0 217.40081787109375 296.7940673828125 370.0 3.7772624 1.4425758 1.5036108 -3.1678133 1.7231404 3.4296484 -1.5435090065002441 0.8151480555534363
Car 0.0 0 1.6569777727127075 0.0 185.64378356933594 16.224082946777344 217.21897888183594 4.087119 1.5622907 1.660289 -32.75899 1.8544129 37.817104 0.9431262016296387 0.2859257757663727
Car 0.0 0 1.916451096534729 81.63186645507812 183.20822143554688 133.2918701171875 206.6915740966797 4.0455832 1.5270418 1.6335171 -34.146614 1.7229403 48.636986 1.3043365478515625 0.19297300279140472
