Pedestrian 0.0 0 -1.9743719100952148 695.2412109375 171.9031219482422 714.4855346679688 210.1969451904297 0.9293205 1.867047 0.62875664 4.652267 1.821044 35.70881 -1.844818115234375 0.45596256852149963
Pedestrian 0.0 0 1.782376766204834 486.5230712890625 176.8312530517578 511.96002197265625 235.24351501464844 0.7612406 1.8384242 0.6634985 -3.5948737 1.9686587 23.159832 1.6283854246139526 0.3185977339744568
Pedestrian 0.0 0 -1.5240017175674438 530.9677734375 165.0896759033203 545.4219970703125 209.84500122070312 0.51963633 1.8868028 0.5891404 -3.0929105 1.5598314 30.691212 -1.6244378089904785 0.15587200224399567
Pedestrian 0.0 0 1.974931001663208 689.965087890625 180.46937561035156 707.0924072265625 215.40664672851562 0.79746985 1.8429917 0.653689 4.72567 2.258155 38.790146 2.0961601734161377 0.1460752636194229
Pedestrian 0.0 0 3.2633726596832275 481.3838195800781 178.3944549560547 511.3159484863281 238.0751953125 0.8493195 1.8150252 0.59852433 -3.5547752 1.9891579 22.313652 3.105390787124634 0.1393546611070633
Pedestrian 0.0 0 1.77548348903656 474.16131591796875 176.52691650390625 499.6435852050781 238.20974731445312 0.89236826 1.7980945 0.58265305 -3.714389 1.9104369 21.540638 1.6047263145446777 0.1256176233291626
Pedestrian 0.0 0 1.4270615577697754 729.7300415039062 172.70486450195312 769.1714477539062 260.9642028808594 0.8354478 1.7480769 0.67395973 2.7827847 1.7454811 14.719993 1.6139044761657715 0.11189716309309006
Cyclist 0.0 0 1.8680649995803833 364.7242431640625 184.9980926513672 421.04095458984375 278.6656799316406 1.5569191 1.5687958 0.5475469 -3.9532645 1.8021864 13.063445 1.574205994606018 0.13003185391426086
Car 0.0 0 1.5121310949325562 658.37158203125 185.41677856445312 690.7555541992188 216.9282989501953 3.7227619 1.6812043 1.6480042 3.6710942 2.4435875 41.879543 1.5995659828186035 0.7465590834617615
Car 0.0 0 2.0979535579681396 453.24114990234375 191.8292694091797 577.8508911132812 253.6826629638672 4.391173 1.5287414 1.7179788 -2.733378 2.1600637 21.633099 1.972267985343933 0.20766863226890564
Car 0.0 0 3.3913347721099854 151.6400146484375 192.0045928955078 415.43719482421875 285.77105712890625 3.971308 1.4526223 1.5729219 -5.6107388 1.8201505 12.72842 2.9761545658111572 0.1617591828107834
Car 0.0 0 -1.0365839004516602 943.2963256835938 210.80918884277344 1242.0 362.8304443359375 3.915591 1.4940149 1.598864 6.3602614 2.0727122 9.429881 -0.44319185614585876 0.15862195193767548
Car 0.0 0 -1.6506634950637817 724.1123046875 182.29226684570312 809.3826293945312 268.63623046875 3.5871794 1.6811073 1.5708326 3.388047 1.9197099 16.333265 -1.4461318254470825 0.123872309923172
