Pedestrian 0.0 0 1.3510819673538208 554.7589721679688 147.05442810058594 657.48974609375 369.1717834472656 0.82771206 1.6373551 0.6521879 -0.067845576 1.39252 5.684754 1.339147925376892 0.7450886368751526
Pedestrian 0.0 0 2.458674669265747 193.40447998046875 163.41360473632812 254.21934509277344 254.66751098632812 0.8615476 1.7317518 0.61376303 -7.541995 1.4091333 13.928186 1.9623874425888062 0.21991920471191406
Pedestrian 0.0 0 -1.975408911705017 833.6580200195312 173.31044006347656 877.1567993164062 240.3206787109375 0.9758631 1.6426513 0.70480585 6.2675533 1.4680084 17.83757 -1.6375157833099365 0.20229384303092957
Pedestrian 0.0 0 0.5589916706085205 1160.1083984375 150.83897399902344 1224.0 255.1746826171875 0.7768164 1.7152969 0.59644985 10.065623 1.2293161 12.081073 1.253635287284851 0.20157824456691742
Pedestrian 0.0 0 3.780160903930664 54.76174545288086 184.39230346679688 95.99506378173828 249.59974670410156 0.64864004 1.8409684 0.7227217 -15.280295 1.956659 20.363085 3.136409044265747 0.12120508402585983
Pedestrian 0.0 0 -3.3910531997680664 819.40673828125 178.9755096435547 865.7433471679688 268.9497985839844 0.7432696 1.7414795 0.59948295 4.6547794 1.7136049 14.005665 -3.070188045501709 0.11071965098381042
Cyclist 0.0 0 -0.7202269434928894 185.8916473388672 158.73484802246094 269.46441650390625 251.512939453125 1.500085 1.7498003 0.526995 -7.5465603 1.3409439 14.1248 -1.21091890335083 0.12586089968681335
Cyclist 0.0 0 3.0854105949401855 536.291748046875 145.15447998046875 609.585205078125 215.0718994140625 1.807073 1.718299 0.6289329 -0.8550901 0.8512412 17.778326 3.0373501777648926 0.11281504482030869
Cyclist 0.0 0 -1.8082661628723145 861.3717041015625 155.25331115722656 915.0504760742188 265.7597961425781 1.6582395 1.7064335 0.44138542 4.6369367 1.318234 11.764818 -1.4328253269195557 0.10105067491531372
Car 0.0 0 0.5936543345451355 276.3973693847656 201.4375762939453 436.93994140625 263.53692626953125 3.8504255 1.4873173 1.5839912 -6.6884713 2.0895817 19.027035 0.25562191009521484 0.1575472503900528
Car 0.0 0 -1.3839328289031982 723.3421630859375 150.65830993652344 755.9804077148438 180.6392364501953 4.4950695 2.3832037 1.856768 11.223492 0.012303535 58.630276 -1.1947927474975586 0.10904700309038162
