Pedestrian 0.0 0 2.149641513824463 364.3816223144531 181.7994384765625 396.24871826171875 238.94573974609375 0.73703223 1.6516776 0.59646136 -6.8607783 1.9230427 21.422121 1.8396971225738525 0.47590434551239014
Pedestrian 0.0 0 3.3353514671325684 388.8250732421875 186.31253051757812 417.37255859375 244.32046508789062 0.70904416 1.6722943 0.5960364 -6.1426725 2.07571 21.278154 3.0543079376220703 0.28774023056030273
Pedestrian 0.0 0 -1.324722170829773 234.88003540039062 132.90919494628906 264.8622131347656 193.09825134277344 1.0680957 1.9047192 0.6313822 -11.724116 0.6409993 23.420454 -1.788844108581543 0.27935299277305603
Cyclist 0.0 0 -1.324722170829773 234.88003540039062 132.90919494628906 264.8622131347656 193.09825134277344 1.0680957 1.9047192 0.6313822 -11.724116 0.6409993 23.420454 -1.788844108581543 0.1271449327468872
Car 0.0 0 -1.4581010341644287 434.6825866699219 180.652099609375 524.6852416992188 253.48643493652344 4.257865 1.4807407 1.6395603 -3.0399373 1.6916842 17.307123 -1.6319739818572998 0.96292644739151
Car 0.0 0 -1.6955628395080566 660.87841796875 164.99493408203125 749.7274169921875 246.8743896484375 3.8607237 1.7789141 1.6458253 2.1580217 1.6085258 17.60605 -1.5735985040664673 0.8451185822486877
Car 0.0 0 1.6368056535720825 505.0727844238281 181.53482055664062 548.0009155273438 219.71705627441406 3.774126 1.4880853 1.5822934 -3.560219 1.8835633 30.915754 1.5221519470214844 0.8348825573921204
Car 0.0 0 -1.718026876449585 634.6484985351562 181.450927734375 691.5128173828125 223.11892700195312 3.9673724 1.4318215 1.5924265 1.9175321 1.7862263 27.672571 -1.6488438844680786 0.8061305284500122
Car 0.0 0 -1.5993952751159668 539.0919189453125 180.36288452148438 562.5877685546875 203.0241241455078 3.649421 1.5457187 1.5902723 -4.3505197 2.110954 52.375355 -1.6822692155838013 0.6092280149459839
Car 0.0 0 -1.5858793258666992 615.7479248046875 176.93118286132812 636.1918334960938 196.423583984375 3.8437414 1.4914111 1.577682 1.2306211 1.830051 57.936527 -1.5646417140960693 0.5338292121887207
Car 0.0 0 -1.709039568901062 655.2634887695312 183.27667236328125 723.8817138671875 237.09532165527344 3.9132643 1.46957 1.5736789 2.3383062 1.8228987 22.45002 -1.6052577495574951 0.3438318967819214
