Pedestrian 0.0 0 0.02388453483581543 1072.959228515625 40.34021759033203 1195.823486328125 322.2611083984375 0.65308636 1.7762712 0.6530377 3.5687487 0.9417126 5.0005317 0.6437287330627441 0.26708316802978516
Pedestrian 0.0 0 -1.647253394126892 734.3385009765625 168.73086547851562 747.9490966796875 203.8448486328125 1.8937738 1.7376108 0.5341448 6.6191998 1.5339361 36.671646 -1.468677043914795 0.13883329927921295
Cyclist 0.0 0 -1.6080031394958496 735.5045776367188 169.2779083251953 747.058349609375 204.07122802734375 1.8605406 1.7198136 0.5047651 6.618077 1.5434077 36.61904 -1.4292054176330566 0.6779906749725342
Cyclist 0.0 0 -1.9648114442825317 1015.4754638671875 173.7328338623047 1105.8992919921875 299.81005859375 1.6976329 1.711993 0.512889 6.5678515 1.7264394 10.685693 -1.4136968851089478 0.34603258967399597
Car 0.0 0 -1.8494229316711426 807.8247680664062 177.32504272460938 1060.584228515625 345.6193542480469 3.7713861 1.5153663 1.6369107 3.4489906 1.5809276 8.559086 -1.4663652181625366 0.9543880224227905
Car 0.0 0 2.2019758224487305 0.0 204.0755157470703 330.9471130371094 375.0 4.247341 1.4752498 1.723934 -4.4041862 1.858127 6.6748533 1.6187299489974976 0.9022455215454102
Car 0.0 0 -1.6114126443862915 773.11962890625 176.16932678222656 845.8203125 240.251953125 3.774801 1.4442289 1.61336 4.9609685 1.5388137 18.485931 -1.3492257595062256 0.8927874565124512
Car 0.0 0 1.4751640558242798 745.0994262695312 177.46701049804688 801.850830078125 223.55349731445312 3.7133696 1.4263387 1.5248346 5.4649205 1.5966978 24.651756 1.693320870399475 0.8021377921104431
Car 0.0 0 1.8478864431381226 631.2647705078125 172.58041381835938 673.3549194335938 197.9860076904297 4.191081 1.5787988 1.659762 2.7799783 1.5621548 47.088314 1.906855583190918 0.7486048340797424
Car 0.0 0 1.7786914110183716 661.0540161132812 176.55374145507812 691.3419189453125 198.90249633789062 3.7453022 1.5919793 1.5217897 4.9674616 1.8799524 54.075417 1.8702960014343262 0.3583672046661377
Car 0.0 0 1.2131580114364624 822.4464111328125 155.05885314941406 870.259765625 186.239501953125 3.8096027 1.9465622 1.7270415 15.2977 0.83599496 46.98185 1.5279403924942017 0.26548829674720764
