Pedestrian 0.0 0 -1.5821117162704468 278.77099609375 180.14883422851562 317.212646484375 264.6966247558594 0.82329494 1.6677139 0.70314926 -6.3259854 1.6624169 14.461425 -1.9944705963134766 0.4550589621067047
Pedestrian 0.0 0 -1.6523823738098145 789.7257080078125 162.6345672607422 804.84912109375 197.62298583984375 0.6159586 1.8522936 0.7313234 10.264939 0.907905 37.79592 -1.3871904611587524 0.4087980091571808
Pedestrian 0.0 0 1.8725595474243164 115.67634582519531 153.40232849121094 135.8878173828125 194.8748779296875 0.74188083 2.009586 0.63034445 -23.532429 0.69798625 34.70205 1.276664137840271 0.32981470227241516
Pedestrian 0.0 0 -2.999467134475708 989.7257080078125 151.99761962890625 1025.4066162109375 222.3840789794922 0.7080278 1.7590389 0.6790918 10.301269 1.0483264 18.150171 -2.483243942260742 0.28317445516586304
Pedestrian 0.0 0 3.485260009765625 124.11512756347656 102.26202392578125 211.3449249267578 242.2970428466797 0.88060856 1.8622214 0.59008086 -6.074894 0.8234652 9.778704 2.9293711185455322 0.22656790912151337
Pedestrian 0.0 0 -0.17192059755325317 998.400146484375 117.5918197631836 1065.9344482421875 248.8545684814453 0.7341011 1.7509394 0.42495266 5.8339133 0.91346705 9.7565155 0.3669905662536621 0.22174178063869476
Pedestrian 0.0 0 -1.8574352264404297 1019.856201171875 147.5537872314453 1040.1148681640625 189.4286346435547 0.64789563 1.9437633 0.65832126 19.942356 0.41590664 33.2114 -1.3166722059249878 0.20020771026611328
Pedestrian 0.0 0 0.981147825717926 874.0589599609375 159.33055114746094 907.261962890625 197.83238220214844 1.7806023 1.7778562 0.5641604 13.530116 0.8017928 33.572884 1.364243984222412 0.15238186717033386
Pedestrian 0.0 0 -0.006363764405250549 769.3214721679688 157.63145446777344 801.1519165039062 189.43650817871094 1.758765 1.8045521 0.5330023 10.331452 0.5084235 40.581726 0.24292445182800293 0.12163040786981583
Cyclist 0.0 0 0.984675407409668 873.5223388671875 158.89105224609375 907.7316284179688 198.0789031982422 1.8552213 1.8079215 0.57298034 13.530288 0.8124536 33.580887 1.367693305015564 0.47950848937034607
Cyclist 0.0 0 -0.006363764405250549 769.3214721679688 157.63145446777344 801.1519165039062 189.43650817871094 1.758765 1.8045521 0.5330023 10.331452 0.5084235 40.581726 0.24292445182800293 0.3542729914188385
Cyclist 0.0 0 -2.5810933113098145 980.2222900390625 145.80453491210938 1030.167236328125 215.62513732910156 0.9044726 1.7547781 0.6778017 10.329438 0.8843826 18.324162 -2.0677881240844727 0.1167890876531601
Car 0.0 0 -0.8025088310241699 0.0 210.5701141357422 295.3188781738281 370.0 3.7884943 1.4552232 1.5115669 -3.1616967 1.6830202 3.4024158 -1.5512514114379883 0.7946261763572693
Car 0.0 0 1.7387497425079346 430.9748840332031 173.67930603027344 469.7858581542969 201.7793731689453 3.8012004 1.5008897 1.5160078 -8.637257 1.1379879 39.693783 1.5244923830032349 0.7415127158164978
Car 0.0 0 1.8931018114089966 411.173095703125 175.52928161621094 442.2895202636719 192.77740478515625 3.8345885 1.5026909 1.5814275 -15.965424 1.0708171 63.56646 1.6470305919647217 0.26340723037719727
