Car 0.0 0 -1.7693374156951904 706.5950317382812 188.33616638183594 831.5578002929688 272.94439697265625 4.2300057 1.3871249 1.6272057 3.0115125 1.7488155 14.7192955 -1.5675263404846191 0.9424596428871155
Car 0.0 0 1.6659197807312012 534.9736938476562 178.76707458496094 581.522216796875 216.1832275390625 3.8368766 1.4083711 1.5541726 -2.1112423 1.6680601 29.705236 1.5949660539627075 0.904143214225769
Car 0.0 0 -2.0471601486206055 814.9837036132812 209.6206512451172 1242.0 375.0 3.9967413 1.3989111 1.5627505 2.8227634 1.7770156 5.40846 -1.566133737564087 0.8769465684890747
Car 0.0 0 -2.5023837089538574 0.0 172.86248779296875 266.668701171875 302.1591491699219 3.6534145 1.516132 1.6003056 -6.680041 1.516609 9.286736 -3.1259520053863525 0.860288679599762
Car 0.0 0 -1.7067959308624268 655.822265625 175.57763671875 705.388671875 215.39031982421875 4.2961392 1.7051615 1.699706 3.1547427 1.8397694 33.380615 -1.6125675439834595 0.8508383631706238
Car 0.0 0 0.5004196166992188 225.17446899414062 185.61770629882812 440.9819030761719 266.4704895019531 3.7996647 1.4866575 1.5663952 -5.586519 1.764006 14.623007 0.13549447059631348 0.8184006214141846
Car 0.0 0 0.728901207447052 0.0 176.94821166992188 258.33880615234375 358.71038818359375 4.213476 1.4732579 1.6368964 -5.840215 1.5166482 6.732439 0.014349699020385742 0.8064872026443481
Car 0.0 0 0.4491986334323883 106.8394546508789 182.52479553222656 416.3834533691406 282.98504638671875 4.331307 1.5245299 1.6693156 -5.65414 1.6966602 11.961994 0.0076487064361572266 0.801186203956604
Car 0.0 0 3.3306541442871094 330.3463134765625 175.39581298828125 473.0438232421875 230.7208251953125 3.7338164 1.5199475 1.5765736 -5.976006 1.5971582 20.86044 3.0516507625579834 0.780612051486969
Car 0.0 0 0.029982611536979675 464.2822265625 177.82652282714844 540.3538818359375 208.66812133789062 3.736668 1.5075355 1.5988767 -5.4658413 1.7671832 36.60725 -0.11823278665542603 0.6875693202018738
Car 0.0 0 0.4048023521900177 280.84539794921875 178.04696655273438 456.4654846191406 241.43362426757812 3.910309 1.5135297 1.6431049 -6.113788 1.6531732 18.36855 0.0834958553314209 0.6830281019210815
