Pedestrian 0.0 0 3.0710537433624268 629.4346313476562 176.4145965576172 646.4423217773438 210.48797607421875 0.8411903 1.7546697 0.63106006 1.4136851 1.9419756 37.552124 3.1086819171905518 0.4054587483406067
Pedestrian 0.0 0 2.6295065879821777 691.1212768554688 156.84689331054688 718.4458618164062 208.79052734375 0.7974617 1.8296177 0.5594519 3.3460748 1.2661555 25.820606 2.75837779045105 0.3554503619670868
Pedestrian 0.0 0 -0.049023211002349854 283.280517578125 190.11610412597656 300.7158203125 225.51812744140625 0.8051856 1.8121878 0.66748095 -16.733124 2.7302563 37.877735 -0.46500930190086365 0.3379766643047333
Pedestrian 0.0 0 1.7549586296081543 801.924560546875 153.04762268066406 819.3431396484375 196.259765625 0.6244817 1.9032333 0.6462358 8.915643 1.0312402 32.19898 2.025083065032959 0.2739250957965851
Pedestrian 0.0 0 -2.0262529850006104 635.1286010742188 176.7806854248047 659.6907348632812 211.18470764160156 1.3148881 1.6793107 0.7220503 1.8279163 1.8803881 36.133465 -1.975708246231079 0.23937839269638062
Cyclist 0.0 0 -1.1322212219238281 0.0 176.72032165527344 68.73074340820312 303.1920166015625 1.7643487 1.7570653 0.50113666 -9.015895 1.8212622 10.994289 -1.8190703392028809 0.48602890968322754
Cyclist 0.0 0 -2.0262529850006104 635.1286010742188 176.7806854248047 659.6907348632812 211.18470764160156 1.3148881 1.6793107 0.7220503 1.8279163 1.8803881 36.133465 -1.975708246231079 0.18716076016426086
Car 0.0 0 -1.4952651262283325 503.3825378417969 186.91929626464844 550.970703125 227.5613555908203 3.9543014 1.4862434 1.6571602 -3.3941138 2.106292 29.779675 -1.6087496280670166 0.8852760195732117
Car 0.0 0 1.8081231117248535 359.7557067871094 190.99063110351562 417.4839172363281 227.4752655029297 4.1461196 1.5255259 1.7019953 -10.507567 2.443767 34.39403 1.5116230249404907 0.7913051843643188
Car 0.0 0 -1.5050086975097656 578.9713745117188 184.04129028320312 608.7658081054688 209.26016235351562 4.02457 1.5020994 1.6743279 -1.0376806 2.2604306 46.836796 -1.5271602869033813 0.7159467935562134
Car 0.0 0 1.7950365543365479 409.0836486816406 188.40914916992188 441.9615783691406 210.4481201171875 3.8649135 1.5160086 1.5803937 -13.875613 2.729946 54.337967 1.5450217723846436 0.41017985343933105
Car 0.0 0 0.2485833764076233 146.02847290039062 197.7632598876953 206.31419372558594 219.29168701171875 3.8850389 1.5969217 1.5169771 -34.71409 3.6365473 57.78176 -0.2924090027809143 0.2594779431819916
