Pedestrian 0.0 0 2.5433688163757324 994.2184448242188 154.07559204101562 1029.5948486328125 207.12376403808594 0.89469075 1.8898042 0.6699936 14.475126 1.2211947 26.07599 3.0501291751861572 0.25559425354003906
Pedestrian 0.0 0 -0.7681406140327454 1079.4573974609375 188.04684448242188 1113.3026123046875 244.6542510986328 0.65123785 1.7310594 0.59074104 15.182482 2.2146027 22.596682 -0.17653067409992218 0.13123813271522522
Pedestrian 0.0 0 -2.9373018741607666 463.85003662109375 164.9812469482422 481.0189514160156 199.28485107421875 0.81019413 1.8466308 0.60349107 -7.496535 1.4231828 39.146877 -3.126508951187134 0.12722326815128326
Pedestrian 0.0 0 1.1030025482177734 1191.22705078125 155.0995330810547 1242.0 283.84283447265625 0.6354923 1.6954727 0.5795711 8.415091 1.4620147 9.876558 1.8086720705032349 0.12633651494979858
Cyclist 0.0 0 2.5433688163757324 994.2184448242188 154.07559204101562 1029.5948486328125 207.12376403808594 0.89469075 1.8898042 0.6699936 14.475126 1.2211947 26.07599 3.0501291751861572 0.10392509400844574
Car 0.0 0 2.0235257148742676 144.0949249267578 190.44070434570312 293.9833068847656 259.16131591796875 4.229714 1.4618411 1.6965998 -9.899084 1.9676003 18.588089 1.534178614616394 0.8896871209144592
Car 0.0 0 1.8151752948760986 334.97320556640625 187.23956298828125 391.65362548828125 224.01194763183594 3.3766768 1.4159007 1.5245537 -10.535223 2.0670533 30.892683 1.4865169525146484 0.791276216506958
Car 0.0 0 1.6908046007156372 475.61395263671875 176.0493621826172 505.45904541015625 199.69847106933594 3.8071694 1.5414923 1.576774 -8.183655 1.7695967 49.48799 1.526921272277832 0.4711715281009674
Car 0.0 0 -0.9995372295379639 365.5758056640625 176.83038330078125 424.47723388671875 203.53759765625 3.7405565 1.5099148 1.6343037 -12.905561 1.7607089 43.416542 -1.2884690761566162 0.19222846627235413
Car 0.0 0 3.370373249053955 396.0247802734375 178.36436462402344 458.7342834472656 204.1787109375 3.708513 1.6481059 1.6471211 -11.963067 2.0161831 47.28869 3.1225924491882324 0.18777839839458466
Car 0.0 0 1.2159236669540405 752.351806640625 182.95396423339844 788.6669311523438 203.49270629882812 3.7754989 1.5141729 1.5877073 12.636921 2.3417563 57.115494 1.4336678981781006 0.14161047339439392
Car 0.0 0 1.0835044384002686 893.4783325195312 178.35643005371094 947.1473999023438 203.4604034423828 3.7776384 1.5235984 1.5938233 19.939674 1.8941367 46.590923 1.4878908395767212 0.1338314414024353
