Pedestrian 0.0 0 0.8961048722267151 970.1593627929688 177.58193969726562 1004.1968994140625 232.7891387939453 0.74883264 1.7887943 0.6789954 12.433883 1.9485056 23.883331 1.3761036396026611 0.28958752751350403
Pedestrian 0.0 0 2.608847141265869 0.0 200.91107177734375 76.16643524169922 346.5643005371094 0.5550608 1.5934391 0.61422616 -6.769129 1.9348617 8.400458 1.9305768013000488 0.17031510174274445
Pedestrian 0.0 0 0.9658641219139099 1025.2808837890625 192.88043212890625 1067.3621826171875 252.44065856933594 0.97175246 1.7109317 0.6352943 12.984236 2.3240232 21.568674 1.507749319076538 0.1587536633014679
Pedestrian 0.0 0 -2.524779796600342 1188.8114013671875 201.87120056152344 1242.0 285.1265563964844 0.9087512 1.7252475 0.53486013 13.306599 2.3819072 15.809711 -1.8251402378082275 0.14398078620433807
Pedestrian 0.0 0 0.9936213493347168 924.5482177734375 154.9603271484375 957.4789428710938 210.95321655273438 0.78206456 1.7948713 0.65615773 10.757316 1.2216413 23.561768 1.4219155311584473 0.13871847093105316
Pedestrian 0.0 0 0.48989471793174744 0.0 164.8690948486328 20.980817794799805 227.87762451171875 0.46018377 1.937389 0.7210056 -18.961079 1.6922269 22.583456 -0.2085307538509369 0.10503073036670685
Cyclist 0.0 0 -1.380946159362793 176.7486572265625 192.96499633789062 200.05149841308594 246.3845672607422 1.5361713 1.6124176 0.36476335 -13.562596 2.2800362 23.152122 -1.9108617305755615 0.15326976776123047
Cyclist 0.0 0 -1.7880743741989136 759.138671875 174.18138122558594 791.0276489257812 245.6150360107422 1.533594 1.5754757 0.39230064 3.756457 1.607986 16.706915 -1.5669080018997192 0.1483248621225357
Car 0.0 0 0.9121199250221252 1033.6978759765625 198.09747314453125 1193.2119140625 265.4932861328125 3.7026105 1.5525911 1.6836598 13.666416 2.316916 19.937 1.5130343437194824 0.13307149708271027
Car 0.0 0 1.1026911735534668 529.2872924804688 180.7969207763672 574.4794921875 203.4036102294922 4.0984955 1.5479643 1.6372226 -4.3464904 2.1569138 53.107025 1.0210292339324951 0.1315973848104477
Car 0.0 0 1.8077844381332397 126.66221618652344 205.69723510742188 178.98130798339844 235.50045776367188 3.865212 1.4699919 1.734557 -26.788118 3.4938204 42.3424 1.243699550628662 0.10881560295820236
Car 0.0 0 0.6228619813919067 1025.6026611328125 182.52566528320312 1242.0 375.0 4.150212 1.4450697 1.6054474 5.208579 1.5450679 5.2512474 1.404180884361267 0.10856368392705917
Car 0.0 0 0.3361909091472626 56.20282745361328 170.9654083251953 179.13092041015625 208.28550720214844 3.903919 1.4830005 1.6092694 -20.37063 1.4083104 29.950436 -0.2610847055912018 0.10825561732053757
Car 0.0 0 -1.713178277015686 352.9217529296875 184.41867065429688 389.59075927734375 212.51904296875 3.7930627 1.5884919 1.6208336 -14.80446 2.335746 44.538544 -2.034085512161255 0.1011187806725502
