Pedestrian 0.0 0 0.7755110859870911 179.9600372314453 144.36622619628906 238.18214416503906 238.91773986816406 0.7052247 1.7997901 0.7086668 -7.9143076 1.2578824 14.166312 0.2660350799560547 0.2197599858045578
Pedestrian 0.0 0 -1.3248791694641113 350.0654602050781 124.07268524169922 395.3229064941406 225.37001037597656 0.50219595 1.791227 0.6760355 -4.330158 0.9289912 13.03179 -1.6456782817840576 0.21677468717098236
Pedestrian 0.0 0 1.9596656560897827 262.7445983886719 165.90110778808594 297.76043701171875 233.32723999023438 0.7287819 1.7733455 0.6258393 -8.883742 1.5908387 19.35116 1.5292860269546509 0.2141747921705246
Pedestrian 0.0 0 -0.20296704769134521 505.262939453125 172.3805694580078 520.2194213867188 196.15562438964844 1.0492545 1.8083258 0.5367658 -7.4819255 1.7726737 55.304184 -0.3374374210834503 0.136285200715065
Cyclist 0.0 0 0.05727638304233551 409.5101623535156 167.21881103515625 448.88751220703125 206.2805633544922 1.7436203 1.7896718 0.60393083 -8.425856 1.5318453 33.515976 -0.18901777267456055 0.11778692901134491
Car 0.0 0 1.7482014894485474 373.1855163574219 185.3602752685547 483.60162353515625 267.8723449707031 3.9749882 1.4735786 1.6088421 -3.805185 1.7784858 15.533845 1.5079710483551025 0.9204850196838379
Car 0.0 0 1.7752397060394287 435.6142272949219 176.83677673339844 521.0886840820312 239.22036743164062 4.1414785 1.6574922 1.693764 -3.853939 1.7882524 21.528399 1.5980994701385498 0.8159703612327576
Car 0.0 0 1.7485101222991943 522.388916015625 178.0274658203125 565.474853515625 207.8663330078125 4.0568914 1.5122981 1.651309 -3.584114 1.8100678 39.38443 1.6577568054199219 0.7303121089935303
Car 0.0 0 -0.12498822808265686 644.9606323242188 173.03060913085938 710.8540649414062 198.81100463867188 3.6014006 1.4507433 1.5425905 3.8334813 1.4614482 41.441624 -0.03274756297469139 0.2871890664100647
Car 0.0 0 3.3853654861450195 376.74932861328125 173.2207794189453 461.89642333984375 206.78402709960938 3.616443 1.5485326 1.5972484 -9.010415 1.566661 34.12989 3.127250909805298 0.15768413245677948
