Pedestrian 0.0 0 -0.7125993967056274 257.9341125488281 154.15785217285156 309.7294616699219 248.1977081298828 0.63537997 1.8101271 0.6974085 -6.520546 1.450612 14.320083 -1.1398874521255493 0.3249220550060272
Pedestrian 0.0 0 3.5532097816467285 31.72537612915039 187.08132934570312 82.54136657714844 264.3486328125 0.7429876 1.7099963 0.6043198 -12.673132 2.0430968 16.489395 2.8979341983795166 0.30211830139160156
Pedestrian 0.0 0 1.7914538383483887 858.4927978515625 154.8927764892578 920.9515991210938 292.43255615234375 0.8134187 1.7773887 0.63425744 3.7673602 1.5456384 9.835741 2.1572437286376953 0.2468673288822174
Pedestrian 0.0 0 0.04508201777935028 482.11749267578125 182.24356079101562 499.39276123046875 218.04718017578125 0.7757264 1.6535735 0.54470444 -5.6224785 2.0979888 33.803993 -0.11973504722118378 0.1987723857164383
Pedestrian 0.0 0 -0.383868932723999 1144.9547119140625 55.00453186035156 1242.0 299.89794921875 0.7584281 1.7817631 0.6976134 4.754763 0.9246875 5.6952367 0.31177353858947754 0.19857428967952728
Pedestrian 0.0 0 2.0622005462646484 505.6152038574219 174.6951141357422 528.7684936523438 212.61524963378906 0.87136066 1.7351736 0.747735 -4.3578806 1.8226681 33.6062 1.9332451820373535 0.16518770158290863
Pedestrian 0.0 0 1.5298017263412476 725.44140625 157.75852966308594 737.3468627929688 196.05239868164062 1.2485291 1.7370802 0.49001774 5.5711703 1.0526798 33.377373 1.6951916217803955 0.13680388033390045
Car 0.0 0 -1.5728892087936401 657.5919189453125 173.2779083251953 696.0921630859375 209.1012420654297 3.667917 1.4737189 1.5831256 2.8794003 1.4937708 31.622005 -1.482082724571228 0.9097985029220581
Car 0.0 0 1.7996033430099487 564.3494873046875 175.06910705566406 614.1786499023438 206.97525024414062 4.225639 1.5495236 1.6796969 -1.0514728 1.672153 37.587402 1.7716366052627563 0.7810208201408386
Car 0.0 0 -2.4121387004852295 982.31884765625 77.51136779785156 1242.0 375.0 4.1801805 1.5427606 1.651335 3.965343 1.3040476 3.936935 -1.623145580291748 0.13985759019851685
Car 0.0 0 1.7024312019348145 585.9649658203125 174.62173461914062 619.7935180664062 202.53680419921875 3.8968437 1.623397 1.577991 -0.42641708 1.7371337 44.245266 1.6927939653396606 0.13289998471736908
