Pedestrian 0.0 0 -0.7107888460159302 839.0234375 148.0378875732422 955.8046875 336.1040954589844 0.7491328 1.6377488 0.6710046 2.6920886 1.3477318 6.6912565 -0.3282760977745056 0.807081937789917
Pedestrian 0.0 0 -2.0064730644226074 1064.2330322265625 132.4263916015625 1238.0 374.0 0.7876649 1.5812925 0.69748867 3.659433 1.2792343 4.896458 -1.364661455154419 0.7486377954483032
Pedestrian 0.0 0 -0.08279784023761749 732.7515869140625 164.87680053710938 801.13330078125 283.62225341796875 1.0007782 1.8159802 0.6554823 2.559885 1.5630636 11.376617 0.13852882385253906 0.7356734871864319
Pedestrian 0.0 0 1.4054677486419678 549.2238159179688 180.1982879638672 590.5045776367188 256.5602722167969 0.9211305 1.7152427 0.8134173 -0.7786649 1.6872195 16.668463 1.3587868213653564 0.7105300426483154
Pedestrian 0.0 0 -0.6894227862358093 0.0 189.16232299804688 122.58497619628906 374.0 0.6023485 1.5750365 0.7080444 -3.715427 1.6300722 4.6574903 -1.3627790212631226 0.642145574092865
Pedestrian 0.0 0 0.5776370167732239 722.3768920898438 175.1761932373047 747.0243530273438 218.83921813964844 0.7849017 1.7666091 0.6219259 5.466413 1.5117433 29.557074 0.7605149745941162 0.5874011516571045
Pedestrian 0.0 0 2.6489572525024414 609.2327270507812 179.3852081298828 651.8280639648438 250.01527404785156 0.9179271 1.7765656 0.61226106 0.7161817 1.7245549 18.542154 2.6875624656677246 0.5849742293357849
Pedestrian 0.0 0 -2.9094252586364746 673.16748046875 176.76048278808594 700.014404296875 223.1668243408203 0.9509706 1.8093355 0.5667916 3.3545814 1.62556 28.433643 -2.7919888496398926 0.4460938274860382
Pedestrian 0.0 0 -0.8849642276763916 895.5640258789062 185.14891052246094 983.8724975585938 292.0788269042969 1.0446819 1.4249547 0.5989417 4.7099266 1.4801041 10.100112 -0.4486183226108551 0.3763085901737213
Pedestrian 0.0 0 2.929316520690918 669.2318115234375 172.45367431640625 690.2258911132812 210.9386444091797 0.84717244 1.7225779 0.54251146 3.522824 1.3186102 32.46373 3.0374093055725098 0.3746522068977356
Pedestrian 0.0 0 2.852402448654175 605.92138671875 179.3632354736328 636.0952758789062 240.41632080078125 0.69836295 1.6700197 0.5975538 0.51098806 1.6127275 20.025866 2.877913236618042 0.3574233055114746
Pedestrian 0.0 0 1.2134058475494385 802.0057983398438 190.24057006835938 845.832275390625 272.9785461425781 0.712258 1.6216664 0.635703 4.452312 1.8042952 14.530367 1.5107368230819702 0.3341655135154724
Pedestrian 0.0 0 3.109128952026367 384.0456237792969 183.77655029296875 406.7344055175781 236.3457794189453 0.6756102 1.6480057 0.6315855 -6.614805 1.7231405 22.955954 2.8285770416259766 0.32185572385787964
Pedestrian 0.0 0 3.339413642883301 122.45816040039062 183.0368194580078 172.44273376464844 280.8773193359375 0.6764867 1.7554237 0.61752784 -8.438335 1.7860334 13.307921 2.774308919906616 0.29977548122406006
Pedestrian 0.0 0 -0.16712385416030884 584.2510375976562 180.85238647460938 608.23681640625 205.82290649414062 1.7067525 1.8476069 0.6421812 -0.37196267 1.8002747 53.612103 -0.17406177520751953 0.12695761024951935
Cyclist 0.0 0 0.9173278212547302 126.93818664550781 167.01705932617188 245.3064727783203 287.7303466796875 1.9792268 1.8221103 0.5389836 -6.68386 1.6048023 11.46543 0.38953375816345215 0.5420913696289062
Cyclist 0.0 0 -0.8903876543045044 888.0238647460938 188.80140686035156 993.2186279296875 296.3757019042969 1.296198 1.4091613 0.6698107 4.710281 1.5188063 10.071141 -0.4529116451740265 0.33386602997779846
Cyclist 0.0 0 -0.16712385416030884 584.2510375976562 180.85238647460938 608.23681640625 205.82290649414062 1.7067525 1.8476069 0.6421812 -0.37196267 1.8002747 53.612103 -0.17406177520751953 0.28958502411842346
Cyclist 0.0 0 1.510162115097046 672.7236938476562 173.5804901123047 687.276611328125 213.0761260986328 1.0537777 1.7539277 0.588431 3.530022 1.4031844 32.437637 1.6185604333877563 0.18670539557933807
Car 0.0 0 1.7235264778137207 488.1766052246094 175.3981475830078 566.4315185546875 238.14678955078125 4.380113 1.699169 1.6929512 -2.149341 1.5350965 21.68166 1.6247175931930542 0.5597881078720093
Car 0.0 0 -0.960964024066925 67.20885467529297 141.0655059814453 193.13546752929688 197.42947387695312 3.4252124 1.621468 1.6092083 -14.576965 0.45939508 22.400484 -1.5378615856170654 0.4542268216609955
