Pedestrian 0.0 0 -1.8266046047210693 488.2872314453125 160.95364379882812 555.699951171875 300.3661193847656 0.9718704 1.6981179 0.63794726 -1.0925218 1.4491932 9.31579 -1.943347692489624 0.8184677958488464
Pedestrian 0.0 0 0.37602588534355164 567.4154052734375 159.9462432861328 629.4457397460938 269.90771484375 0.81470394 1.7304457 0.7116079 -0.083907455 1.3925551 11.780458 0.36890339851379395 0.7794191241264343
Pedestrian 0.0 0 -2.1797192096710205 551.023193359375 160.05386352539062 580.6194458007812 213.86837768554688 0.82924265 1.774747 0.63552 -1.2276523 1.0685631 24.209702 -2.2303848266601562 0.7242713570594788
Pedestrian 0.0 0 -3.132880687713623 791.8969116210938 153.05075073242188 892.9285888671875 338.2237854003906 0.8785791 1.6631014 0.5295036 2.2357247 1.4089692 6.8400283 -2.8169684410095215 0.7187227606773376
Pedestrian 0.0 0 -2.3069279193878174 843.95458984375 155.0897216796875 984.498046875 374.0 0.67935556 1.5769463 0.6527524 2.2115974 1.4012157 5.2438736 -1.9078142642974854 0.6560447216033936
Pedestrian 0.0 0 0.14072035253047943 612.2042846679688 160.81532287597656 708.6897583007812 324.70404052734375 0.9647919 1.6690437 0.539733 0.5933029 1.459756 7.680647 0.21781373023986816 0.6109694242477417
Pedestrian 0.0 0 -0.2637474834918976 619.5081787109375 155.73489379882812 657.066650390625 253.4441375732422 0.5001746 1.686822 0.6997193 0.60782605 1.2433 12.793872 -0.21627402305603027 0.596642255783081
Pedestrian 0.0 0 3.200024366378784 133.25814819335938 152.24942016601562 180.7356414794922 252.72381591796875 0.70451707 1.7750702 0.635875 -8.154529 1.2595773 13.135578 2.6444530487060547 0.4836450219154358
Pedestrian 0.0 0 -0.05718954652547836 647.5028686523438 162.15992736816406 719.939697265625 302.4925537109375 0.84726423 1.6604103 0.52130365 0.9446783 1.4329244 8.778201 0.05001425743103027 0.4729628264904022
Pedestrian 0.0 0 -1.6878315210342407 707.7628173828125 160.89096069335938 770.079833984375 293.99969482421875 0.9428058 1.7542222 0.73685884 1.8398541 1.4839469 9.958782 -1.505144476890564 0.4649873375892639
Pedestrian 0.0 0 1.548531174659729 698.095947265625 159.5424346923828 715.7555541992188 205.7831573486328 0.8864552 1.8975042 0.7071613 4.3777256 0.9974571 29.957712 1.693634271621704 0.4319404363632202
Pedestrian 0.0 0 1.4418551921844482 610.2008056640625 159.94654846191406 631.7802124023438 210.2555389404297 1.0121157 1.8281811 0.6731589 0.6972543 1.0459951 26.638922 1.4680235385894775 0.41126587986946106
Pedestrian 0.0 0 -1.0753117799758911 471.5480651855469 158.22467041015625 500.552001953125 212.80882263183594 0.7059616 1.8490098 0.742697 -4.001193 1.0616466 24.786158 -1.2353595495224 0.32290422916412354
Pedestrian 0.0 0 -2.3035318851470947 635.0941162109375 159.8634033203125 657.6216430664062 204.78976440429688 0.6586056 1.8195028 0.6514465 1.8305492 0.9442232 29.550144 -2.241663694381714 0.2982305586338043
Pedestrian 0.0 0 -1.5926260948181152 109.91696166992188 158.42626953125 159.7736358642578 267.6304931640625 0.5342867 1.7685176 0.6883395 -7.868838 1.3961399 12.045407 -2.171292781829834 0.29052993655204773
Pedestrian 0.0 0 1.3283573389053345 495.92108154296875 164.50869750976562 537.2589721679688 256.1709289550781 0.6840381 1.7695796 0.6708837 -1.7345135 1.4428091 14.304019 1.207685947418213 0.2608068883419037
Cyclist 0.0 0 -0.2789382040500641 643.2884521484375 160.24940490722656 693.9589233398438 203.83224487304688 1.8543938 1.6887301 0.76156336 2.6289072 0.8663378 28.377295 -0.18656066060066223 0.288002073764801
Cyclist 0.0 0 1.4418551921844482 610.2008056640625 159.94654846191406 631.7802124023438 210.2555389404297 1.0121157 1.8281811 0.6731589 0.6972543 1.0459951 26.638922 1.4680235385894775 0.11874119937419891
Cyclist 0.0 0 -3.278858184814453 689.25732421875 162.6652374267578 770.9824829101562 287.15631103515625 1.0158286 1.6519837 0.7212212 1.7084389 1.4033759 9.907037 -3.10809063911438 0.11244985461235046
Car 0.0 0 1.758610725402832 460.5773010253906 172.9128875732422 551.5140380859375 233.66168212890625 4.3278904 1.4549233 1.6429201 -2.4759746 1.250461 19.41135 1.6317428350448608 0.8825402855873108
