Car 0.0 0 -1.7633329629898071 313.51141357421875 183.85867309570312 375.1076965332031 223.75497436523438 4.027843 1.433138 1.5877002 -10.860139 1.9117911 29.224909 -2.119124412536621 0.9355014562606812
Car 0.0 0 -1.9287303686141968 419.4543762207031 190.6357421875 549.0435180664062 269.9833984375 3.7400956 1.4462392 1.6059211 -2.9580464 1.8923794 16.069164 -2.110774517059326 0.9301291704177856
Car 0.0 0 1.2791141271591187 944.1950073242188 166.2277069091797 1100.6666259765625 243.46217346191406 4.339221 1.4076333 1.6753864 8.530521 1.2872238 15.445241 1.7837271690368652 0.8699108958244324
Car 0.0 0 1.4899852275848389 851.4205322265625 164.30783081054688 930.4802856445312 230.28016662597656 3.351522 1.4015479 1.4582261 6.525778 1.2203467 17.138645 1.85379958152771 0.8246213793754578
Car 0.0 0 -2.202852725982666 552.5235595703125 138.1051788330078 873.9216918945312 331.6098327636719 4.500553 1.8798164 1.6994294 0.9514432 1.5426041 9.377421 -2.1017377376556396 0.7807893753051758
Car 0.0 0 0.40446627140045166 1055.8323974609375 161.3380584716797 1242.0 229.19009399414062 3.6886327 1.4380777 1.5636594 12.973539 1.1943631 17.278217 1.048518180847168 0.7724177241325378
Car 0.0 0 1.7047840356826782 0.0 201.42909240722656 61.45319747924805 309.558349609375 3.6773295 1.4383315 1.5200199 -10.751654 2.014769 12.586547 0.9978463649749756 0.754202663898468
Car 0.0 0 -1.7118860483169556 298.20989990234375 181.3267822265625 347.7135009765625 217.65582275390625 4.135118 1.5665164 1.61301 -13.743867 1.9957774 34.32805 -2.092710018157959 0.7262599468231201
Car 0.0 0 -2.866283893585205 438.4978942871094 177.2445831298828 527.9827880859375 208.08349609375 4.3015003 1.5509342 1.6918211 -6.6122055 1.7868292 37.64544 -3.0401546955108643 0.6820318102836609
Car 0.0 0 1.8051130771636963 0.0 217.04141235351562 40.36647033691406 375.0 4.130413 1.4393841 1.6893126 -8.077363 2.0872648 8.3629875 1.0370864868164062 0.5251928567886353
Car 0.0 0 1.5291056632995605 112.18863677978516 188.8509063720703 154.1942596435547 221.4359588623047 3.974298 1.5661846 1.7176608 -25.753304 2.4751222 38.86549 0.9439053535461426 0.4815022945404053
