Car 0.0 0 3.5204250812530518 186.867919921875 190.79135131835938 414.10992431640625 268.41644287109375 4.076402 1.4981565 1.6596708 -6.434496 1.8981807 15.200315 3.1199839115142822 0.9061742424964905
Car 0.0 0 -0.3725544512271881 777.7550048828125 196.04635620117188 919.97900390625 250.79783630371094 3.4911883 1.4253772 1.5491259 6.6394897 2.1095183 20.396252 -0.05784779414534569 0.8918020129203796
Car 0.0 0 -0.5646179914474487 980.0316162109375 190.87741088867188 1242.0 328.8553161621094 3.6158633 1.4110237 1.5266802 6.5303855 1.6476624 8.536375 0.08841848373413086 0.8409208655357361
Car 0.0 0 -0.44843369722366333 810.0419921875 195.7995147705078 1109.3026123046875 294.16595458984375 4.5365357 1.5889994 1.7607182 6.0636144 2.0311058 12.982027 -0.011469131335616112 0.8353419899940491
Car 0.0 0 3.443376302719116 283.4436950683594 192.15504455566406 464.0274353027344 256.6557922363281 3.9120624 1.4632915 1.5605 -5.729194 1.9573922 17.65121 3.129526138305664 0.8275123238563538
Car 0.0 0 -2.206484079360962 848.7117919921875 218.00332641601562 1242.0 375.0 4.2384505 1.4071339 1.6171144 2.6683767 1.7686943 3.647197 -1.57484769821167 0.8038012385368347
Car 0.0 0 -0.22256653010845184 696.5166625976562 191.3834228515625 790.2073974609375 229.0425567626953 3.8667738 1.5988413 1.6763223 5.9100685 2.4563348 32.45478 -0.042438652366399765 0.7724688053131104
Car 0.0 0 3.303117513656616 390.2315979003906 180.6433868408203 502.89306640625 222.48382568359375 3.938456 1.5057027 1.6253729 -6.1412334 1.810187 27.238989 3.0813677310943604 0.756875216960907
Car 0.0 0 0.33345693349838257 357.5123291015625 193.24407958984375 502.275146484375 247.12271118164062 4.0287266 1.5360187 1.6532996 -5.5564184 2.1958587 22.330593 0.0895841121673584 0.7109331488609314
Car 0.0 0 -0.3194553256034851 757.093505859375 191.5447540283203 880.7063598632812 242.02139282226562 3.4310007 1.4912866 1.5709566 6.496506 2.1046667 22.805622 -0.041941747069358826 0.6868502497673035
Car 0.0 0 0.9573281407356262 0.0 213.3430633544922 192.31773376464844 375.0 4.1882234 1.4323735 1.6084521 -5.5642223 1.7877992 5.233596 0.14131975173950195 0.6859615445137024
Car 0.0 0 -2.977599859237671 488.09930419921875 182.3532257080078 554.8294067382812 209.26649475097656 3.7992034 1.5737752 1.6247844 -5.3630533 2.1613586 43.710175 -3.0996854305267334 0.6683701872825623
Car 0.0 0 -2.8484392166137695 466.2847900390625 190.6406707763672 546.24609375 219.84803771972656 4.168238 1.547166 1.6522353 -5.8618965 2.579247 40.721695 -2.9914073944091797 0.6108530759811401
Car 0.0 0 1.719612956047058 641.4788208007812 191.07273864746094 675.20947265625 218.08062744140625 3.648277 1.5773128 1.6591498 3.138003 2.8073843 46.739563 1.7866504192352295 0.6066809296607971
