Pedestrian 0.0 0 -0.1954004168510437 761.6030883789062 185.42393493652344 779.8573608398438 220.08653259277344 0.81347317 1.79302 0.71200365 8.413277 2.4609303 37.95084 0.02276015281677246 0.2924253046512604
Pedestrian 0.0 0 -1.4269912242889404 491.78466796875 166.59512329101562 507.40484619140625 199.4702911376953 0.8907756 1.8182888 0.7447432 -6.205382 1.472475 40.35333 -1.5795722007751465 0.18506331741809845
Cyclist 0.0 0 -0.22330868244171143 690.1064453125 192.98626708984375 723.332275390625 228.1551055908203 1.5985924 1.7853073 0.6904962 4.9864564 2.8442135 37.518875 -0.09117775410413742 0.21247147023677826
Cyclist 0.0 0 -0.16311763226985931 760.7802124023438 184.06468200683594 778.8322143554688 218.95005798339844 0.8179314 1.8045311 0.7335698 8.366102 2.4007301 37.958336 0.05381631851196289 0.10258378088474274
Car 0.0 0 2.3302206993103027 708.2288208007812 194.8338165283203 785.230224609375 231.64105224609375 3.7988331 1.5976554 1.4637942 6.632646 2.7178996 35.05588 2.517212390899658 0.8870037198066711
Car 0.0 0 -3.1949856281280518 973.7210083007812 183.58242797851562 1172.02587890625 251.22792053222656 4.169626 1.5400785 1.6724821 11.761417 1.8447801 18.721724 -2.6340720653533936 0.8475125432014465
Car 0.0 0 -2.5868380069732666 762.4058837890625 178.60638427734375 876.861083984375 227.44854736328125 3.562875 1.5661381 1.5990477 7.282045 1.7840335 25.427235 -2.3079159259796143 0.318443238735199
Car 0.0 0 2.209636688232422 635.0487670898438 182.3509063720703 685.2522583007812 204.4478759765625 4.10882 1.5542216 1.6757634 3.8083594 2.301793 54.66249 2.2791948318481445 0.24624751508235931
Car 0.0 0 2.0723342895507812 923.8314208984375 166.7589569091797 1192.7879638671875 293.46234130859375 3.81311 1.5135514 1.6160492 6.364796 1.4411 10.2573395 2.627699375152588 0.24459971487522125
Car 0.0 0 -1.7268329858779907 622.5926513671875 181.4449005126953 666.0830078125 217.20469665527344 4.4936347 1.8501993 1.7657998 1.8415465 2.3638823 40.77996 -1.6817054748535156 0.1969870924949646
Car 0.0 0 1.989615559577942 902.0712280273438 179.7707977294922 993.0996704101562 223.4626007080078 4.381895 1.5751742 1.6414336 13.445641 1.8705348 28.715866 2.4275259971618652 0.1954943686723709
