Pedestrian 0.0 0 -0.1910889446735382 749.1640014648438 178.3347625732422 767.701904296875 213.94244384765625 0.77883697 1.7266648 0.66289186 7.245479 1.9986749 35.424473 0.010661602020263672 0.41934695839881897
Pedestrian 0.0 0 2.6775941848754883 201.67428588867188 137.54876708984375 249.13766479492188 213.01907348632812 0.8494873 1.7861282 0.5841837 -9.420026 0.9509305 17.589066 2.185903787612915 0.3555518090724945
Car 0.0 0 -2.511302947998047 0.0 193.37930297851562 300.93548583984375 324.69793701171875 4.1588187 1.4263519 1.6219044 -6.3104 1.7051448 8.941683 -3.1258630752563477 0.9269406199455261
Car 0.0 0 -1.6782890558242798 664.33740234375 178.95297241210938 707.342041015625 211.20086669921875 4.1404214 1.410596 1.5914282 3.517566 1.7194436 34.418373 -1.5764424800872803 0.8880053162574768
Car 0.0 0 -2.6020147800445557 34.1558952331543 189.7930908203125 328.57196044921875 292.8243713378906 3.6818402 1.4598283 1.5709628 -6.604691 1.7441636 11.289297 -3.131361722946167 0.8271127343177795
Car 0.0 0 0.40025803446769714 313.12640380859375 184.66000366210938 490.1906433105469 244.71238708496094 4.1781406 1.4572446 1.6022431 -5.45761 1.7850294 18.962828 0.1200258731842041 0.7955787777900696
Car 0.0 0 0.22098419070243835 416.22479248046875 181.23114013671875 534.4583129882812 224.40557861328125 4.3688135 1.6447246 1.708908 -5.350978 1.9901338 28.782032 0.03716897964477539 0.7215946912765503
Car 0.0 0 0.4148094952106476 270.49688720703125 180.85540771484375 447.5614013671875 248.66172790527344 3.5028958 1.4461263 1.546409 -5.717839 1.639777 16.514454 0.08149504661560059 0.7009841203689575
Car 0.0 0 0.3691708743572235 350.6341857910156 183.3802032470703 505.6184997558594 236.67233276367188 4.167263 1.4747146 1.6013422 -5.3907757 1.8030326 21.428198 0.1227114200592041 0.6050467491149902
Car 0.0 0 -2.7722342014312744 377.4979553222656 182.0406494140625 506.16741943359375 228.34678649902344 3.9135728 1.4623847 1.5555695 -5.6514435 1.7847176 24.24198 -3.001269817352295 0.5501958727836609
Car 0.0 0 -1.5121506452560425 523.1285400390625 167.23036193847656 550.5864868164062 191.67649841308594 3.778882 1.6059333 1.6505858 -4.9929686 1.2368593 49.31965 -1.6130437850952148 0.36141860485076904
