Pedestrian 0.0 0 -1.3820825815200806 616.6634521484375 157.3396759033203 630.5840454101562 191.2510986328125 1.0262399 1.8895979 0.6058734 0.872781 0.33743355 40.61703 -1.360597848892212 0.19896623492240906
Cyclist 0.0 0 -1.2977925539016724 766.07666015625 176.52928161621094 784.8289184570312 216.60240173339844 1.5834346 1.5991123 0.33617428 6.8438764 1.2536134 29.457155 -1.0695092678070068 0.27869436144828796
Cyclist 0.0 0 -0.9507070779800415 529.9420776367188 165.51260375976562 561.0014038085938 204.94215393066406 1.6107702 1.6629279 0.4988335 -2.7211943 0.8330886 31.134142 -1.0378878116607666 0.208668515086174
Car 0.0 0 -1.6323481798171997 579.2225952148438 183.5214385986328 676.49609375 270.8968811035156 3.4146113 1.3981032 1.5410999 0.20779437 1.3721243 13.239544 -1.6166545152664185 0.9566733837127686
Car 0.0 0 -1.5841524600982666 581.1318359375 177.10220336914062 646.0214233398438 235.06365966796875 3.757926 1.4574 1.6324776 0.08377467 1.254523 19.957699 -1.5799548625946045 0.7525050640106201
Car 0.0 0 -1.6878702640533447 571.4414672851562 170.63536071777344 623.5484008789062 212.57044982910156 3.7226062 1.5373789 1.6126559 -0.5047333 1.0039821 28.30299 -1.7057015895843506 0.6645170450210571
Car 0.0 0 -1.5312427282333374 659.0509643554688 165.80313110351562 683.4522705078125 189.14234924316406 3.5835114 1.5767632 1.5671458 4.46351 0.2664101 50.43808 -1.442977786064148 0.6005949974060059
Car 0.0 0 1.8798093795776367 547.1969604492188 180.1089324951172 584.7748413085938 201.60098266601562 4.0640354 1.5275342 1.6214173 -3.0669074 1.1657056 53.258278 1.8222873210906982 0.24997037649154663
Car 0.0 0 -1.613365650177002 594.6431274414062 171.34048461914062 630.7546997070312 202.9973907470703 3.6623895 1.4799956 1.6166416 0.16653554 0.83244556 35.46404 -1.6086697578430176 0.24312728643417358
Car 0.0 0 1.8059768676757812 376.8531188964844 162.4492950439453 422.7957763671875 192.91311645507812 3.9745052 1.6757241 1.6720145 -11.985659 0.42454404 41.561638 1.5252119302749634 0.19796913862228394
