Pedestrian 0.0 0 -2.710911750793457 1180.4544677734375 95.7802963256836 1242.0 236.90225219726562 0.76923555 1.776479 0.69383836 8.155388 0.80661356 9.575089 -2.0054144859313965 0.5257018804550171
Pedestrian 0.0 0 1.1322582960128784 768.3236694335938 127.96849822998047 848.6728515625 271.9743957519531 1.0331572 1.8961929 0.70422435 2.692134 1.3055223 10.068652 1.3935245275497437 0.35089823603630066
Cyclist 0.0 0 -2.4121294021606445 113.06586456298828 192.0117950439453 185.0404052734375 253.6105499267578 1.8853321 1.804554 0.65246403 -14.030526 2.399003 21.90047 -2.981903314590454 0.5023164749145508
Cyclist 0.0 0 -2.635927677154541 1180.9150390625 98.90719604492188 1242.0 239.67510986328125 0.744588 1.7807399 0.6910305 8.174225 0.8456572 9.594891 -1.9303112030029297 0.10947052389383316
Car 0.0 0 1.8759461641311646 266.3890380859375 190.21307373046875 458.8566589355469 306.96441650390625 4.2647104 1.4807967 1.749935 -3.8562667 1.8195492 11.923805 1.563153862953186 0.94314044713974
Car 0.0 0 1.7761046886444092 416.8765563964844 188.65501403808594 499.81170654296875 249.554931640625 3.553678 1.4588774 1.5499607 -4.1459646 1.9357994 19.981651 1.5715190172195435 0.9092209339141846
Car 0.0 0 2.112269639968872 29.47317886352539 202.97792053222656 292.4486999511719 325.92529296875 4.0611453 1.4488037 1.664606 -6.8614984 2.015639 11.531231 1.5755081176757812 0.8846110105514526
Car 0.0 0 -1.6413497924804688 640.8311157226562 177.66429138183594 681.5859985351562 212.1366424560547 3.7707636 1.4592643 1.5825074 2.2461536 1.6919259 32.955082 -1.5732970237731934 0.8840838074684143
Car 0.0 0 -0.21717151999473572 755.82421875 165.0921630859375 892.4708862304688 214.1686248779297 4.4496956 1.7010946 1.7418168 7.5843215 1.4324105 26.023918 0.06641054153442383 0.7370269894599915
Car 0.0 0 -0.078671395778656 721.1172485351562 171.33216857910156 805.8888549804688 202.05160522460938 3.924358 1.4527963 1.5477651 7.3780003 1.3811831 35.13906 0.12828803062438965 0.5323231220245361
Car 0.0 0 0.6571547389030457 610.1779174804688 179.1497039794922 651.66650390625 197.36058044433594 3.207623 1.4552575 1.521523 1.7153686 1.9963875 60.369877 0.6855614185333252 0.29742202162742615
