Pedestrian 0.0 0 -1.1830143928527832 404.39288330078125 171.4439697265625 441.5047607421875 246.1571807861328 0.6043944 1.7912272 0.7031341 -4.6166964 1.7577803 17.641697 -1.438966989517212 0.49547067284584045
Pedestrian 0.0 0 -1.8154375553131104 0.0 213.0903778076172 106.33747100830078 375.0 0.8239126 1.5911686 0.69847906 -5.076832 1.9775231 6.391231 -2.486719846725464 0.31550464034080505
Cyclist 0.0 0 -1.350204586982727 87.68302917480469 177.77243041992188 112.24954223632812 223.9151153564453 1.5950465 1.5929977 0.3821491 -18.332548 1.7753695 25.88926 -1.9663554430007935 0.30959928035736084
Car 0.0 0 -1.763200283050537 637.4309692382812 175.33023071289062 726.14599609375 242.44430541992188 3.9212487 1.6294826 1.6604608 1.7977781 1.7044423 19.700418 -1.6721965074539185 0.8949838280677795
Car 0.0 0 0.8360859751701355 0.0 198.02577209472656 164.76148986816406 375.0 3.7787528 1.4556894 1.5420316 -6.5752554 1.7238992 6.780998 0.06609082221984863 0.7285459637641907
Car 0.0 0 -1.7620744705200195 578.876220703125 176.67916870117188 606.2939453125 195.91885375976562 3.4322386 1.455364 1.5420339 -1.4330955 1.768481 57.151073 -1.7871447801589966 0.6907789707183838
Car 0.0 0 0.12834586203098297 344.2000427246094 184.17430114746094 467.7484130859375 227.72613525390625 4.0666075 1.4530602 1.6090409 -7.2266273 1.8742318 25.728426 -0.14547963440418243 0.6176766753196716
Car 0.0 0 -1.2950453758239746 311.8231506347656 177.45947265625 436.85552978515625 274.1465759277344 3.256564 1.672894 1.511341 -4.576688 1.7750455 14.292031 -1.6049538850784302 0.42565473914146423
Car 0.0 0 3.4113101959228516 293.7572326660156 173.54141235351562 426.4261779785156 221.14207458496094 3.7861266 1.4850289 1.5973362 -8.084004 1.5086012 23.448885 3.079319953918457 0.31309974193573
Car 0.0 0 -2.4724035263061523 406.0487976074219 176.73434448242188 485.01629638671875 205.73516845703125 3.934423 1.4564301 1.5977505 -8.75547 1.6707624 38.218693 -2.697606325149536 0.3019312620162964
Car 0.0 0 3.381866931915283 383.7318420410156 178.22166442871094 464.6448059082031 208.49264526367188 3.5930943 1.4427481 1.5119861 -9.121638 1.7125424 35.438892 3.1299445629119873 0.29198572039604187
