Pedestrian 0.0 0 -0.28555938601493835 712.9212036132812 151.2218475341797 738.4223022460938 203.01023864746094 0.72920096 1.8041528 0.673147 4.0413194 1.0509113 25.513977 -0.12846820056438446 0.2865638732910156
Pedestrian 0.0 0 -0.0012001246213912964 456.662353515625 156.9820098876953 469.5369873046875 194.64718627929688 0.6141067 1.8299893 0.65320575 -7.2535954 1.0591952 35.435505 -0.20310938358306885 0.17923220992088318
Pedestrian 0.0 0 -0.09857794642448425 315.8897705078125 163.43495178222656 368.6905822753906 228.31507873535156 1.3521866 1.7857728 0.5411805 -7.6144605 1.5268792 20.39759 -0.45585909485816956 0.14896942675113678
Pedestrian 0.0 0 -2.5386881828308105 660.49951171875 175.3611297607422 673.7800903320312 199.74301147460938 0.7113323 1.749533 0.6609918 4.1184235 1.9334745 52.351116 -2.4601805210113525 0.1424712985754013
Pedestrian 0.0 0 -2.0841145515441895 982.9152221679688 63.559452056884766 1104.6715087890625 262.9822998046875 1.0224872 1.7433167 0.54831874 4.003113 0.78824246 6.8207393 -1.5533807277679443 0.1383185088634491
Pedestrian 0.0 0 -0.28030118346214294 924.9266967773438 98.06926727294922 1049.5341796875 276.5545959472656 1.0685768 1.8321555 0.5929236 3.9888258 1.0648465 7.7970867 0.1925666332244873 0.1319843977689743
Pedestrian 0.0 0 -3.0809719562530518 686.8845825195312 166.6230010986328 703.2490844726562 205.0818634033203 0.73867303 1.8024169 0.53677416 3.9888253 1.5107522 34.142113 -2.9646692276000977 0.12190017104148865
Cyclist 0.0 0 -1.1567203998565674 260.0708923339844 123.90052795410156 325.6679382324219 226.1764373779297 1.5194477 1.7695489 0.538671 -5.838172 0.92292744 13.241142 -1.5719906091690063 0.1382388323545456
Cyclist 0.0 0 -1.9944154024124146 1088.1529541015625 3.006140947341919 1242.0 277.5672302246094 1.5492244 1.7018842 0.5196589 4.0610323 0.6494295 5.2833295 -1.3390846252441406 0.12854556739330292
Car 0.0 0 1.9917819499969482 84.04875183105469 185.31353759765625 406.0919189453125 372.2513732910156 3.7570121 1.4415528 1.5656635 -3.529188 1.6074444 7.6980233 1.561920166015625 0.9284530878067017
Car 0.0 0 1.658556580543518 489.0831298828125 173.3621826171875 539.0153198242188 213.16363525390625 3.7783942 1.3975161 1.5471984 -3.6077392 1.4184582 27.302216 1.527176856994629 0.8718503713607788
Car 0.0 0 -2.7386837005615234 618.6492919921875 168.72740173339844 671.9376831054688 188.1616973876953 3.8034847 1.4610786 1.5701636 2.698186 1.1511965 55.77858 -2.6903481483459473 0.30207541584968567
Car 0.0 0 3.0382285118103027 214.6504669189453 166.98724365234375 361.74517822265625 223.33438110351562 3.6233735 1.4565358 1.6033211 -9.05805 1.3052422 20.24909 2.61759614944458 0.17813746631145477
Car 0.0 0 -1.7157974243164062 679.1302490234375 165.99937438964844 723.19384765625 197.1924285888672 3.9413452 1.4778088 1.6270952 4.4727235 1.153421 36.169056 -1.592760443687439 0.14623408019542694
