Pedestrian 0.0 0 0.21531930565834045 160.06411743164062 182.2340087890625 191.51446533203125 230.5084686279297 0.873769 1.7477077 0.6886892 -16.143173 2.1021428 26.76734 -0.3273707926273346 0.72090744972229
Pedestrian 0.0 0 1.62589430809021 354.1967468261719 178.9532012939453 363.7003173828125 203.79345703125 0.8067005 1.7566342 0.6008508 -18.023014 2.1982214 51.72423 1.290606141090393 0.4826754033565521
Cyclist 0.0 0 -1.721779704093933 648.0968017578125 175.45700073242188 666.3341064453125 219.0598602294922 1.7459922 1.5718946 0.41893277 1.7130616 1.672881 27.002888 -1.6584246158599854 0.5349124073982239
Cyclist 0.0 0 -2.405902147293091 663.7986450195312 164.933349609375 713.8536987304688 220.89764404296875 1.7260075 1.7598181 0.50432104 2.5053928 1.511108 23.497948 -2.2996816635131836 0.4322110414505005
Car 0.0 0 -1.4066441059112549 433.4219055175781 173.04104614257812 532.062744140625 248.4044189453125 4.174935 1.6030629 1.6721436 -2.9838855 1.6084872 17.447369 -1.576027512550354 0.8928366899490356
Car 0.0 0 1.9462603330612183 267.1123046875 186.6077423095703 344.7803039550781 227.79205322265625 3.9367995 1.5362121 1.6675352 -12.671776 2.1505892 30.223562 1.5492546558380127 0.8838164806365967
Car 0.0 0 2.197147846221924 0.0 200.66810607910156 122.54591369628906 326.33038330078125 3.8757935 1.475457 1.6114861 -9.715893 1.9904454 11.350374 1.4891822338104248 0.8253720998764038
Car 0.0 0 -1.539223551750183 584.4539184570312 178.78404235839844 610.63720703125 202.4185333251953 3.788279 1.4389466 1.5809814 -0.8047728 1.8395208 46.7883 -1.5564221143722534 0.6507654190063477
Car 0.0 0 -1.4355177879333496 390.2926330566406 181.09271240234375 417.4389953613281 201.15130615234375 3.7208483 1.496519 1.5905951 -16.384327 2.174518 57.389717 -1.7136123180389404 0.5945321917533875
Car 0.0 0 -1.0653904676437378 65.0887222290039 191.79318237304688 166.5049591064453 236.81874084472656 3.5833633 1.4378519 1.5196306 -18.034048 2.1813197 26.453495 -1.66374671459198 0.3981788456439972
Car 0.0 0 1.648483157157898 237.91729736328125 190.07469177246094 268.12384033203125 213.49765014648438 3.8693001 1.4821037 1.6134869 -25.134747 2.745711 50.830826 1.1892625093460083 0.3345419764518738
Car 0.0 0 2.0314931869506836 25.34638214111328 188.9803466796875 158.0050811767578 244.33029174804688 4.1186767 1.4202037 1.5991656 -15.602538 1.9589877 21.928564 1.4130797386169434 0.3226280212402344
