Pedestrian 0.0 0 -2.3713667392730713 0.0 108.09689331054688 109.42202758789062 279.146728515625 0.9382987 1.7632909 0.70823646 -6.2062793 1.0960914 7.834633 -3.041308641433716 0.28963038325309753
Pedestrian 0.0 0 0.08062721788883209 571.7605590820312 189.66810607910156 595.7876586914062 220.26280212402344 1.3372334 1.7361132 0.7119334 -1.546474 2.7183855 41.749023 0.04360198974609375 0.2351982444524765
Pedestrian 0.0 0 -2.794618606567383 598.6043090820312 167.9021453857422 620.8067626953125 207.8826904296875 0.83877057 1.7922176 0.6494032 -0.05068833 1.5705974 32.78933 -2.7961645126342773 0.22237138450145721
Cyclist 0.0 0 -0.30219465494155884 350.94219970703125 176.18148803710938 383.89617919921875 206.5205078125 1.7696617 1.7866361 0.64305246 -14.632349 1.9909258 43.438522 -0.6271085739135742 0.2712498605251312
Cyclist 0.0 0 0.08062721788883209 571.7605590820312 189.66810607910156 595.7876586914062 220.26280212402344 1.3372334 1.7361132 0.7119334 -1.546474 2.7183855 41.749023 0.04360198974609375 0.2413860708475113
Car 0.0 0 1.7687127590179443 270.19488525390625 191.18505859375 392.90509033203125 283.3262634277344 3.7721937 1.5014147 1.5740906 -5.492086 1.9216403 14.534888 1.4074411392211914 0.9131461381912231
Car 0.0 0 1.9160380363464355 0.0 191.54664611816406 284.92791748046875 375.0 3.9691894 1.5336103 1.6422259 -4.9099617 1.7914653 7.8224754 1.3555184602737427 0.9026447534561157
Car 0.0 0 1.6917966604232788 409.4925537109375 189.16273498535156 453.363525390625 224.62319946289062 3.5557125 1.4864546 1.5789406 -8.351998 2.293221 33.81447 1.449648380279541 0.8477330207824707
Car 0.0 0 2.800417900085449 372.1392822265625 186.64508056640625 428.5367736816406 206.97567749023438 3.8873153 1.4514147 1.5393142 -16.179262 2.5492656 55.65687 2.5175180435180664 0.4753515124320984
Car 0.0 0 0.7382264137268066 545.3446044921875 187.16468811035156 593.6847534179688 206.90855407714844 4.0809793 1.5602676 1.6481413 -3.50777 2.823265 61.733574 0.6814663410186768 0.3704214096069336
Car 0.0 0 1.2826919555664062 556.9244995117188 182.92144775390625 592.8984375 205.6478729248047 3.6833003 1.5202811 1.6058273 -2.595755 2.2747843 52.043392 1.2328565120697021 0.26219791173934937
