Pedestrian 0.0 0 -1.0239444971084595 153.9417266845703 177.51699829101562 236.56385803222656 279.5633850097656 1.1002296 1.6860206 0.7882357 -7.224633 1.7709808 12.529023 -1.547004222869873 0.2632823884487152
Pedestrian 0.0 0 -1.6946241855621338 320.7746276855469 173.48345947265625 337.2901916503906 209.15875244140625 0.764445 1.694438 0.6514653 -13.583577 1.7255654 34.77604 -2.067002296447754 0.2421623319387436
Pedestrian 0.0 0 -2.0474038124084473 271.522705078125 189.03858947753906 319.2871398925781 248.83004760742188 0.93794876 1.498372 0.8138353 -8.34216 1.9391673 19.021341 -2.4607107639312744 0.2369299679994583
Car 0.0 0 -1.8116897344589233 483.3609313964844 178.41281127929688 538.3045043945312 216.28074645996094 3.8952875 1.6264577 1.65131 -4.7317686 1.9029423 33.72375 -1.9510893821716309 0.9175208806991577
Car 0.0 0 3.583665132522583 87.30635070800781 180.92750549316406 290.3845520019531 253.26039123535156 3.5921466 1.5023122 1.5781676 -9.332863 1.6936002 16.126314 3.059028387069702 0.8369665741920471
Car 0.0 0 -2.5359671115875244 0.0 186.6837921142578 251.38565063476562 273.66082763671875 3.5595834 1.4336882 1.5263525 -8.638954 1.6972427 12.935926 -3.124772310256958 0.7827358245849609
Car 0.0 0 0.18306288123130798 140.9864044189453 168.84400939941406 315.8410949707031 233.49893188476562 3.833621 1.58152 1.625701 -9.928912 1.4837899 18.987745 -0.2987455725669861 0.691699206829071
Car 0.0 0 3.62917160987854 0.0 161.1310272216797 180.972900390625 308.97918701171875 3.5444095 1.831318 1.5940846 -8.294375 1.6864693 10.070053 2.9401650428771973 0.531699538230896
Car 0.0 0 -1.6886093616485596 321.1957092285156 171.6164093017578 377.24371337890625 215.1204071044922 3.4294236 1.503368 1.5557157 -9.781019 1.4609587 26.812698 -2.0383994579315186 0.3975367844104767
Car 0.0 0 3.2959389686584473 245.85491943359375 177.4639434814453 339.2322692871094 212.57215881347656 3.6738043 1.5160877 1.61465 -14.3626795 1.7336025 32.735188 2.882476806640625 0.18921327590942383
