Pedestrian 0.0 0 -0.670228898525238 1002.53076171875 170.11582946777344 1060.8260498046875 250.33975219726562 0.9606971 1.6949427 0.5379211 9.046631 1.6374494 15.576785 -0.14406424760818481 0.23938047885894775
Pedestrian 0.0 0 -0.7739757299423218 1012.2012939453125 136.2203826904297 1087.316650390625 240.97116088867188 0.9442789 1.7737107 0.6418544 7.639589 1.1537635 12.634988 -0.23015323281288147 0.2282554805278778
Pedestrian 0.0 0 -1.9535102844238281 851.6555786132812 139.17312622070312 897.2232055664062 211.20945739746094 1.5403409 1.7594627 0.55076855 6.6718407 0.9371768 18.399866 -1.6056525707244873 0.11901004612445831
Pedestrian 0.0 0 -0.5698305368423462 931.9292602539062 140.29013061523438 1004.3002319335938 213.6436309814453 1.5738937 1.7833848 0.5245499 8.82184 0.99204373 17.887745 -0.11165551096200943 0.10443206876516342
Cyclist 0.0 0 -0.5361242294311523 928.7908935546875 141.4279022216797 1009.5603637695312 215.3819580078125 1.7795055 1.8000816 0.5164298 8.845182 1.0355115 17.885637 -0.07685328274965286 0.32580530643463135
Cyclist 0.0 0 -2.0092501640319824 851.5394897460938 145.26246643066406 901.1021118164062 217.37179565429688 1.5996133 1.7483764 0.5477559 6.685055 1.079745 18.312664 -1.6592304706573486 0.26203587651252747
Cyclist 0.0 0 0.09822630882263184 985.8499755859375 177.03759765625 1052.000244140625 236.2769775390625 1.5990984 1.6323203 0.6063833 11.6684475 1.7567385 20.686298 0.6118049621582031 0.20648783445358276
Car 0.0 0 -1.3767783641815186 541.577392578125 173.57362365722656 602.1583251953125 213.38711547851562 4.3983355 1.4899744 1.6425593 -1.5080729 1.5219208 29.376505 -1.4280693531036377 0.924048125743866
Car 0.0 0 1.8388553857803345 414.7133483886719 181.40728759765625 519.5328979492188 247.6472625732422 3.877809 1.4722071 1.6631176 -3.585851 1.7161292 18.546637 1.6478694677352905 0.9228167533874512
Car 0.0 0 -1.8266894817352295 727.2630615234375 159.82127380371094 885.5807495117188 272.8232727050781 4.1033998 1.6938603 1.6687651 3.228959 1.4988618 12.872898 -1.5809261798858643 0.9187472462654114
Car 0.0 0 -1.2805029153823853 693.9583129882812 175.57508850097656 766.095947265625 221.59461975097656 3.6021461 1.4860451 1.5466567 4.259558 1.5899091 25.485964 -1.1149001121520996 0.8314692974090576
Car 0.0 0 1.7499042749404907 470.39031982421875 178.30528259277344 526.2141723632812 217.11431884765625 4.0271444 1.4668378 1.5905008 -4.58966 1.7082862 29.874195 1.5974632501602173 0.6535332798957825
