Pedestrian 0.0 0 3.3243470191955566 149.6089630126953 183.06948852539062 231.72836303710938 303.8303527832031 0.9972004 1.7575831 0.57544035 -6.429895 1.9201221 11.012732 2.795879602432251 0.6121912598609924
Pedestrian 0.0 0 1.4592747688293457 768.62255859375 179.319580078125 801.4336547851562 265.5030517578125 0.86717504 1.7563008 0.57700247 3.635604 1.8973894 15.236708 1.6935033798217773 0.47174370288848877
Pedestrian 0.0 0 3.457423210144043 314.9098205566406 185.51571655273438 352.3429870605469 258.0725402832031 0.66095406 1.6485999 0.60547954 -6.4860253 1.9498236 16.822754 3.089434862136841 0.46619901061058044
Pedestrian 0.0 0 3.5407238006591797 242.68539428710938 181.7749481201172 298.2885437011719 275.7842712402344 0.8223608 1.7289903 0.48879972 -6.4323306 1.9005115 13.579218 3.0983452796936035 0.4607214629650116
Pedestrian 0.0 0 -2.0710952281951904 620.052734375 171.92007446289062 635.4930419921875 200.6365203857422 0.806485 1.7938887 0.6699033 1.0886686 1.7359049 45.582977 -2.0472166538238525 0.4392094910144806
Pedestrian 0.0 0 0.18788382411003113 0.0 186.173828125 124.29175567626953 357.2203674316406 1.1111363 1.8124886 0.5937938 -6.3113685 1.9744768 8.237997 -0.46586015820503235 0.31165754795074463
Pedestrian 0.0 0 1.3487685918807983 807.3226928710938 182.03526306152344 848.5843505859375 282.26995849609375 0.84319544 1.695416 0.5197915 3.7785025 1.8632371 12.7199 1.6375207901000977 0.28794077038764954
Pedestrian 0.0 0 1.2048496007919312 876.3742065429688 185.20054626464844 930.79296875 279.3747863769531 0.95054907 1.6581033 0.6277857 5.3458686 1.894434 13.30737 1.5868399143218994 0.2277103215456009
Pedestrian 0.0 0 1.8779319524765015 656.6864624023438 163.72157287597656 678.5858764648438 209.7210693359375 0.8748335 1.860733 0.6669505 2.3363914 1.4916731 29.715008 1.9563971757888794 0.21160729229450226
Pedestrian 0.0 0 -1.795046329498291 635.914306640625 173.92178344726562 652.0986938476562 206.40029907226562 1.5540712 1.6419146 0.50098795 1.7146773 1.6987268 37.33612 -1.7491531372070312 0.17580336332321167
Cyclist 0.0 0 -3.405555009841919 844.0123901367188 179.7866668701172 945.5383911132812 275.0004577636719 1.6432713 1.6986669 0.5926957 5.1748004 1.8305892 13.307882 -3.034695625305176 0.28895485401153564
Cyclist 0.0 0 -1.795046329498291 635.914306640625 173.92178344726562 652.0986938476562 206.40029907226562 1.5540712 1.6419146 0.50098795 1.7146773 1.6987268 37.33612 -1.7491531372070312 0.21419458091259003
Car 0.0 0 -1.457690954208374 444.2593078613281 186.99856567382812 501.8613586425781 237.27418518066406 3.2423987 1.5157588 1.5547762 -4.603206 2.026657 24.36678 -1.6444038152694702 0.9258072376251221
Car 0.0 0 3.4436964988708496 131.1772918701172 176.75999450683594 341.8033447265625 256.2812194824219 4.3564444 1.8445948 1.8028281 -9.243728 1.9498289 18.114103 2.9718384742736816 0.91485995054245
Car 0.0 0 1.6653021574020386 475.8216247558594 182.2200164794922 522.60498046875 223.1584930419922 3.9490194 1.5939665 1.6230732 -4.7405705 2.0233588 31.03157 1.5137081146240234 0.8892515897750854
