Pedestrian 0.0 0 -0.2882491648197174 803.5311889648438 145.67942810058594 846.0740356445312 216.94668579101562 0.9656909 1.8526928 0.52059734 5.6059256 1.1466097 19.015694 -0.0015650447458028793 0.16891229152679443
Pedestrian 0.0 0 -2.8286995887756348 562.8092651367188 165.4153594970703 580.0910034179688 197.08177185058594 0.8455558 1.8269856 0.6557288 -2.2785046 1.3981723 42.051334 -2.8828306198120117 0.1639508157968521
Pedestrian 0.0 0 -2.0409581661224365 296.33453369140625 165.44424438476562 326.24127197265625 217.0673828125 0.78794026 1.7309377 0.6599266 -10.270549 1.4828441 24.697351 -2.43505859375 0.14411959052085876
Pedestrian 0.0 0 -2.3607559204101562 1002.619384765625 114.45262145996094 1083.6806640625 236.8968505859375 0.86284065 1.812701 0.65806675 6.640951 0.94846725 11.179357 -1.8247325420379639 0.1199219599366188
Pedestrian 0.0 0 -3.517698049545288 900.1436767578125 142.68685913085938 948.171630859375 213.2706756591797 1.013616 1.8146515 0.5629876 8.14805 1.0394374 18.844954 -3.1095988750457764 0.10975095629692078
Pedestrian 0.0 0 1.984926462173462 1130.7010498046875 200.1789093017578 1242.0 375.0 0.8760081 1.646373 0.672217 4.2287188 1.8579756 5.0791507 2.679210662841797 0.10852233320474625
Cyclist 0.0 0 -1.9977717399597168 729.3912963867188 137.35421752929688 770.9794311523438 198.8159637451172 1.8171079 1.8217044 0.5558706 4.269556 0.7698615 22.33185 -1.8088645935058594 0.11505842953920364
Car 0.0 0 1.864223837852478 183.4713592529297 189.6333465576172 456.2773742675781 368.16766357421875 4.340626 1.4469596 1.6549473 -3.0439348 1.6957593 8.470564 1.519239902496338 0.9220470786094666
Car 0.0 0 1.7773195505142212 446.4976501464844 171.8266143798828 542.6538696289062 238.78814697265625 4.369573 1.6158706 1.7088012 -3.0470085 1.5914365 19.635582 1.623369574546814 0.8568865060806274
Car 0.0 0 -1.2792342901229858 644.0962524414062 169.81834411621094 692.1105346679688 200.26600646972656 3.4052796 1.4955626 1.5630878 3.0108564 1.346812 37.308834 -1.198707938194275 0.786959707736969
Car 0.0 0 1.778296709060669 374.5312805175781 173.21612548828125 506.5794372558594 273.6920471191406 4.194054 1.6923758 1.683004 -3.2109628 1.7009572 14.274155 1.557030439376831 0.7858850955963135
Car 0.0 0 -1.4052553176879883 601.0758666992188 163.6207733154297 630.5595703125 183.93649291992188 4.050378 1.5691252 1.7222573 0.47983336 0.8563358 57.87032 -1.3969639539718628 0.12513655424118042
