Pedestrian 0.0 0 2.095975875854492 1014.1642456054688 141.723388671875 1077.2498779296875 244.4794464111328 0.89861983 1.8781025 0.6654264 8.215966 1.3094769 13.693618 2.6363842487335205 0.35868769884109497
Pedestrian 0.0 0 -2.790966033935547 1208.268310546875 137.4397735595703 1242.0 215.08740234375 0.72944856 1.8525937 0.6213843 15.202184 1.0080044 17.682398 -2.0808472633361816 0.3386448323726654
Pedestrian 0.0 0 -1.8309993743896484 880.0172119140625 155.0556640625 929.9646606445312 247.4145050048828 1.351811 1.8330482 0.6308655 6.069593 1.4801621 15.027286 -1.4471312761306763 0.25377461314201355
Pedestrian 0.0 0 -0.6267924904823303 1098.6844482421875 134.2252197265625 1161.227294921875 232.37240600585938 0.719887 1.803267 0.6325303 9.717326 1.0938948 13.572345 -0.005431827157735825 0.20791596174240112
Pedestrian 0.0 0 0.7817205786705017 1163.1953125 181.20074462890625 1200.99609375 232.3547821044922 0.83381814 1.63738 0.5393682 18.725977 1.9169153 23.684647 1.4507267475128174 0.1622179001569748
Pedestrian 0.0 0 2.782106399536133 786.806884765625 156.8069610595703 815.4608154296875 198.3098602294922 1.15854 1.8700336 0.497517 8.649679 1.147346 32.81454 3.039836883544922 0.14959977567195892
Cyclist 0.0 0 -1.8418513536453247 879.343505859375 155.60076904296875 930.26171875 248.3295135498047 1.4558287 1.8357905 0.60884047 6.068432 1.4945791 15.039329 -1.4583277702331543 0.6231488585472107
Cyclist 0.0 0 -3.655571460723877 993.4345703125 180.3837127685547 1055.8106689453125 230.7418212890625 1.7716126 1.7149019 0.6764947 14.316564 1.9799178 25.014725 -3.135749340057373 0.29670968651771545
Car 0.0 0 2.1263318061828613 49.22993850708008 173.81854248046875 234.5035400390625 255.0177764892578 3.3903413 1.4368978 1.557633 -9.248269 1.4589353 14.510365 1.558896541595459 0.21820424497127533
Car 0.0 0 1.7839001417160034 316.8610534667969 168.20394897460938 391.14105224609375 214.5210723876953 4.3110256 1.5697017 1.7107617 -9.400576 1.4124683 26.696012 1.4453253746032715 0.20133963227272034
Car 0.0 0 0.4255973696708679 384.8650817871094 183.4992218017578 436.60260009765625 201.87017822265625 3.8500247 1.4747487 1.5982201 -16.65081 2.380396 60.269634 0.15604901313781738 0.19213515520095825
Car 0.0 0 -0.4520065486431122 938.3250122070312 177.09210205078125 1047.0927734375 213.2531280517578 3.6949866 1.458093 1.5797172 15.882879 1.6405003 30.140896 0.03297138214111328 0.14271388947963715
