Pedestrian 0.0 0 3.0860602855682373 500.13043212890625 156.9471435546875 541.8613891601562 206.13519287109375 1.4778581 1.7633734 0.5928131 -3.205362 0.7510878 26.189028 2.9642727375030518 0.23170016705989838
Pedestrian 0.0 0 -1.8157312870025635 612.1541748046875 160.77255249023438 628.5059814453125 196.5298309326172 0.76093084 1.7651211 0.6510497 0.59331214 0.5596427 35.92609 -1.799217939376831 0.18532544374465942
Pedestrian 0.0 0 1.5140289068222046 243.68795776367188 178.02536010742188 264.9943542480469 231.05853271484375 1.5561465 1.5877107 0.5025878 -11.024919 1.3735774 22.318209 1.0552027225494385 0.13008750975131989
Cyclist 0.0 0 3.103046178817749 498.19964599609375 157.71336364746094 542.1300659179688 207.10227966308594 1.5657123 1.770346 0.5890141 -3.2349179 0.7856558 26.18016 2.9801056385040283 0.3467261791229248
Cyclist 0.0 0 1.5140289068222046 243.68795776367188 178.02536010742188 264.9943542480469 231.05853271484375 1.5561465 1.5877107 0.5025878 -11.024919 1.3735774 22.318209 1.0552027225494385 0.1892484724521637
Car 0.0 0 -1.6106739044189453 550.9735717773438 185.3209228515625 715.0508422851562 339.7281494140625 3.4111886 1.4685411 1.5666848 0.1502657 1.4711777 8.55814 -1.5931174755096436 0.864566445350647
Car 0.0 0 -1.639309287071228 559.4884643554688 174.42767333984375 650.6524658203125 253.81149291992188 3.937492 1.5255942 1.7009966 -0.22667259 1.3194016 15.843514 -1.6536152362823486 0.7781566381454468
Car 0.0 0 -1.6310030221939087 560.095458984375 169.239990234375 616.6936645507812 219.96725463867188 3.6735559 1.5272763 1.6155949 -0.7447621 1.0474173 23.542366 -1.6626274585723877 0.6079593300819397
Car 0.0 0 -2.6400258541107178 297.4738464355469 157.93035888671875 386.644775390625 189.15647888183594 3.892452 1.5179002 1.6226021 -13.31751 0.19269285 36.0283 -2.994089365005493 0.28755393624305725
Car 0.0 0 -1.4917157888412476 583.6259155273438 173.34205627441406 627.9718017578125 210.40626525878906 3.6537173 1.4892662 1.6151005 -0.06533652 1.0133061 30.763895 -1.4938396215438843 0.26750120520591736
Car 0.0 0 -1.4516136646270752 494.069580078125 164.0194091796875 546.4536743164062 203.93832397460938 3.8438652 1.4431014 1.5719956 -3.3650167 0.6779695 27.906021 -1.5716181993484497 0.24850481748580933
Car 0.0 0 2.011890172958374 137.61410522460938 179.32666015625 262.14892578125 233.8013153076172 3.9216216 1.4148369 1.5827736 -11.60431 1.2630159 20.678179 1.5004992485046387 0.23296384513378143
Car 0.0 0 -3.2968668937683105 712.8019409179688 170.9853515625 789.3041381835938 198.51080322265625 4.0794153 1.5393955 1.6666832 8.119855 0.74467695 41.11281 -3.101874589920044 0.21768151223659515
