Pedestrian 0.0 0 3.3394384384155273 15.269104957580566 195.27996826171875 50.75517654418945 236.99649047851562 1.1514297 1.8457943 0.73953635 -26.538332 2.8950803 33.152813 2.6644017696380615 0.22602994740009308
Pedestrian 0.0 0 -1.7658329010009766 18.208105087280273 190.17800903320312 66.7362289428711 266.41339111328125 1.7538822 1.6624951 0.558506 -13.332398 2.0867245 16.869398 -2.43464994430542 0.12572351098060608
Pedestrian 0.0 0 -1.3519072532653809 129.51048278808594 193.1475830078125 154.4999542236328 238.75439453125 1.6278982 1.6299573 0.45493212 -17.78664 2.424041 27.376055 -1.9280823469161987 0.11661913990974426
Cyclist 0.0 0 -1.7658329010009766 18.208105087280273 190.17800903320312 66.7362289428711 266.41339111328125 1.7538822 1.6624951 0.558506 -13.332398 2.0867245 16.869398 -2.43464994430542 0.2772783041000366
Cyclist 0.0 0 -1.3519072532653809 129.51048278808594 193.1475830078125 154.4999542236328 238.75439453125 1.6278982 1.6299573 0.45493212 -17.78664 2.424041 27.376055 -1.9280823469161987 0.2635233700275421
Cyclist 0.0 0 3.666048049926758 6.881722450256348 199.91969299316406 53.8200569152832 238.72962951660156 1.5599365 1.7262995 0.662869 -26.667013 2.9873974 33.160698 2.9887664318084717 0.20898348093032837
Cyclist 0.0 0 -0.7049777507781982 76.97674560546875 202.59774780273438 116.24726104736328 239.2821044921875 1.5351596 1.6834674 0.6099399 -25.107206 3.1710327 35.255775 -1.323807954788208 0.1944996863603592
Car 0.0 0 1.8190536499023438 412.4775390625 173.7930908203125 470.4143371582031 216.262451171875 4.1413755 1.9348929 1.7759622 -8.144643 1.9835906 35.050636 1.5907374620437622 0.3931552767753601
Car 0.0 0 1.6098432540893555 183.685302734375 181.8546905517578 215.9803466796875 207.7401885986328 4.0818386 1.5534679 1.673054 -26.714827 2.1678565 47.023865 1.093200922012329 0.297059029340744
Car 0.0 0 1.504581093788147 304.94085693359375 186.01724243164062 330.7351989746094 207.14129638671875 4.054775 1.5506269 1.6482086 -23.483282 2.6465695 57.867573 1.1190755367279053 0.2958565652370453
Car 0.0 0 2.5383245944976807 361.9896240234375 185.30746459960938 412.274169921875 204.63348388671875 3.8949432 1.5479201 1.6817591 -19.286242 2.6620839 62.480125 2.2389254570007324 0.2451539784669876
Car 0.0 0 1.3207813501358032 912.6110229492188 182.56727600097656 985.9860229492188 226.3543243408203 3.6590385 1.4002203 1.5058166 12.022398 1.7749029 25.866667 1.7558609247207642 0.233454167842865
Car 0.0 0 1.8639038801193237 225.03662109375 192.700927734375 273.6986999511719 218.52731323242188 3.3077729 1.3671286 1.6927321 -21.312582 2.5906024 42.690613 1.4008697271347046 0.23294173181056976
Car 0.0 0 3.2628703117370605 240.9799346923828 189.7950439453125 292.4220275878906 208.85494995117188 3.7141337 1.4934491 1.6392765 -28.678885 2.9423835 60.327847 2.8191089630126953 0.2048417627811432
Car 0.0 0 -2.451935291290283 272.27447509765625 187.27479553222656 355.8909912109375 218.97238159179688 3.7232919 1.4969546 1.659275 -15.050058 2.2564323 36.63686 -2.8417086601257324 0.17576012015342712
