Pedestrian 0.0 0 -3.5241334438323975 954.3377685546875 138.1299285888672 1071.0458984375 306.1602478027344 0.91299504 1.7453548 0.68977714 4.383089 1.3069423 7.7414722 -3.008950710296631 0.800211489200592
Pedestrian 0.0 0 2.523052930831909 1007.3135375976562 155.0321044921875 1089.9559326171875 266.4660339355469 0.9653333 1.7826476 0.6332115 7.2519207 1.3768833 11.651755 3.0797722339630127 0.21224521100521088
Pedestrian 0.0 0 3.562628746032715 45.85905075073242 187.1807403564453 98.23124694824219 251.1495819091797 1.0144684 1.7911297 0.6802307 -15.345684 1.9890417 20.330206 2.916048765182495 0.205963134765625
Pedestrian 0.0 0 -0.6915366649627686 940.6581420898438 137.28536987304688 1014.5858764648438 250.22535705566406 0.8757828 1.8030155 0.6374759 6.1043024 1.114776 11.685686 -0.21015021204948425 0.18846753239631653
Pedestrian 0.0 0 -1.8099342584609985 839.322509765625 151.1365203857422 890.8478393554688 256.0230712890625 1.2329577 1.765609 0.57594675 4.54744 1.2729676 12.541226 -1.4620795249938965 0.1622876673936844
Pedestrian 0.0 0 1.406503677368164 902.06640625 148.79904174804688 952.0549926757812 259.0062561035156 0.7828248 1.7537913 0.63002825 5.27275 1.2509708 11.7057295 1.8297250270843506 0.15350918471813202
Pedestrian 0.0 0 2.5274133682250977 966.451416015625 207.3754425048828 1103.0889892578125 370.0 0.6859235 1.5972636 0.55245906 3.161647 1.8130201 5.3240886 3.0632896423339844 0.13865144550800323
Cyclist 0.0 0 -1.8405296802520752 843.30224609375 160.51956176757812 901.156005859375 266.8546142578125 1.5624074 1.7414488 0.5416872 4.6022162 1.4158814 12.376002 -1.4845093488693237 0.29392528533935547
Cyclist 0.0 0 -1.0660061836242676 68.3807601928711 198.7876434326172 116.01705169677734 255.28318786621094 1.5912046 1.6401309 0.48620793 -15.870542 2.228693 21.871178 -1.6937319040298462 0.18282851576805115
Car 0.0 0 -0.8494357466697693 0.0 191.25746154785156 121.2041244506836 240.55772399902344 3.8137455 1.4641043 1.5849397 -18.488739 1.8574271 23.795387 -1.5099868774414062 0.2610515058040619
Car 0.0 0 -1.6589287519454956 783.0725708007812 191.4314727783203 877.1351928710938 270.0264587402344 3.8889802 1.4823371 1.6480407 4.9116282 1.763131 15.980319 -1.3607381582260132 0.23383121192455292
Car 0.0 0 -1.5221537351608276 1164.9462890625 211.71722412109375 1224.0 370.0 3.7758973 1.4712908 1.5970113 6.2854667 1.8296337 6.2178707 -0.7313493490219116 0.1803608536720276
