Pedestrian 0.0 0 -1.7604981660842896 775.9216918945312 173.03439331054688 882.337158203125 367.92181396484375 0.7524963 1.5996836 0.7576159 1.837133 1.6017272 6.3302855 -1.478044033050537 0.5590357780456543
Pedestrian 0.0 0 -2.210947275161743 406.0553283691406 183.5168914794922 453.0480651855469 269.4750671386719 0.5745611 1.6752373 0.7254405 -3.7088118 1.898775 14.636746 -2.4591143131256104 0.3262067437171936
Pedestrian 0.0 0 2.039191722869873 372.60736083984375 201.29225158691406 425.7623596191406 294.6266174316406 0.7423678 1.6634171 0.6995795 -3.9989624 2.2146409 13.545694 1.7521257400512695 0.2598666250705719
Pedestrian 0.0 0 -2.9284727573394775 618.7031860351562 173.9395751953125 651.5704956054688 207.70657348632812 1.7510014 1.872409 0.64215034 1.3804858 1.9345956 40.566433 -2.894455671310425 0.1144867092370987
Cyclist 0.0 0 -2.9284727573394775 618.7031860351562 173.9395751953125 651.5704956054688 207.70657348632812 1.7510014 1.872409 0.64215034 1.3804858 1.9345956 40.566433 -2.894455671310425 0.2818898856639862
Car 0.0 0 -1.6252474784851074 765.8392333984375 180.37673950195312 823.4511108398438 230.2008819580078 4.1551447 1.4583501 1.6070906 6.0022554 1.7315142 23.970934 -1.3798949718475342 0.886756181716919
Car 0.0 0 -1.7477903366088867 829.6897583007812 176.9134979248047 1165.326904296875 375.0 3.5796142 1.4261485 1.6608973 2.7416341 1.4714506 6.0465074 -1.3220922946929932 0.8454523682594299
Car 0.0 0 -2.46932053565979 288.2502746582031 193.19744873046875 477.88201904296875 268.5237121582031 3.916918 1.4618801 1.6121505 -5.1504955 1.9610541 16.236963 -2.776488780975342 0.7405794262886047
Car 0.0 0 -1.6017628908157349 754.0559692382812 171.3273468017578 787.6881103515625 202.99388122558594 3.891604 1.6692164 1.6947724 8.857694 1.5891008 40.100334 -1.384365439414978 0.669717013835907
Car 0.0 0 1.359130620956421 824.1945190429688 175.95993041992188 892.00341796875 216.56126403808594 4.187249 1.467181 1.6786187 9.683457 1.5999432 28.579988 1.6858105659484863 0.5060403943061829
Car 0.0 0 -2.913804769515991 576.6244506835938 182.7769317626953 643.65869140625 210.7665557861328 3.5900435 1.5303605 1.5685817 -0.009719354 2.116819 41.445988 -2.914039373397827 0.3244479298591614
Car 0.0 0 0.6089037656784058 770.2339477539062 165.47711181640625 828.9972534179688 187.7109375 3.5653949 1.4356209 1.5555815 12.667491 0.9596586 48.447517 0.8646466732025146 0.2509461045265198
