Pedestrian 0.0 0 -0.38469886779785156 779.5313720703125 148.88134765625 816.302001953125 221.4359893798828 0.67891765 1.7253174 0.6208843 4.504577 1.1556162 17.507776 -0.13287079334259033 0.6485198140144348
Pedestrian 0.0 0 -0.26354601979255676 798.5726318359375 115.08772277832031 896.2446899414062 269.4680480957031 1.0116943 1.7777448 0.47346362 2.7472157 1.1129032 8.566155 0.04679703712463379 0.40008920431137085
Pedestrian 0.0 0 1.8795510530471802 166.52830505371094 139.1276092529297 219.10923767089844 231.18955993652344 0.92466086 1.8531249 0.7034812 -8.733777 1.1746004 15.048411 1.3536839485168457 0.3146858215332031
Cyclist 0.0 0 1.9636166095733643 221.42913818359375 161.44287109375 360.962646484375 362.8955993652344 1.9339833 1.7383996 0.5707639 -3.142069 1.6402874 7.195837 1.5519191026687622 0.6972348093986511
Car 0.0 0 1.831783652305603 456.7562255859375 180.58505249023438 528.8014526367188 225.20370483398438 4.136817 1.52173 1.6952626 -4.411484 1.8396608 27.492313 1.6726775169372559 0.9220123887062073
Car 0.0 0 2.042741298675537 0.0 191.2861328125 330.0747985839844 365.0563659667969 4.239791 1.5023143 1.6404123 -5.0444884 1.7838355 8.848047 1.5245789289474487 0.8393664360046387
Car 0.0 0 -1.569629192352295 675.923828125 174.6722869873047 718.65625 214.87411499023438 3.537101 1.5223163 1.6218709 3.5032735 1.6012878 29.34013 -1.4507896900177002 0.7735345959663391
Car 0.0 0 -1.3658556938171387 638.7797241210938 172.95938110351562 664.9176635742188 188.80955505371094 4.2599463 1.4438493 1.6286703 3.9605796 1.4544721 68.023254 -1.3076974153518677 0.3659338653087616
Car 0.0 0 -2.556328773498535 656.4340209960938 171.7061767578125 729.2626953125 199.7938690185547 3.6346478 1.4445121 1.5692403 4.3991985 1.385839 38.874016 -2.4436426162719727 0.20699405670166016
Car 0.0 0 1.4196243286132812 717.6515502929688 173.40838623046875 760.660888671875 203.11021423339844 4.1415505 1.5104836 1.663583 6.857864 1.5423057 38.85876 1.5943074226379395 0.2055169641971588
