Pedestrian 0.0 0 0.9631520509719849 774.2357788085938 152.38140869140625 854.978759765625 272.06451416015625 0.92892116 1.7441212 0.7995645 3.2136834 1.3210926 11.033176 1.2465847730636597 0.8430124521255493
Pedestrian 0.0 0 0.32851913571357727 81.95808410644531 156.95733642578125 177.49571228027344 328.273193359375 0.6897021 1.7780049 0.6975284 -5.1943583 1.5246513 7.8769774 -0.25446054339408875 0.5653100609779358
Pedestrian 0.0 0 -2.786076068878174 842.4237670898438 158.02743530273438 884.841552734375 230.0398712158203 0.8194237 1.7897158 0.72632337 6.6815624 1.2075418 18.392086 -2.4376158714294434 0.4302680194377899
Pedestrian 0.0 0 1.2039214372634888 687.067138671875 153.44300842285156 720.5631713867188 221.05166625976562 0.9106294 1.8011202 0.619382 2.7607434 1.0548358 19.647486 1.343521237373352 0.42323511838912964
Pedestrian 0.0 0 0.9049626588821411 757.0175170898438 156.06065368652344 785.4801025390625 200.24227905273438 0.9866503 1.8613077 0.7371139 7.275846 0.79056025 30.862404 1.136486291885376 0.27409055829048157
Pedestrian 0.0 0 1.16798734664917 952.1161499023438 88.40174102783203 1039.2164306640625 254.71580505371094 0.8428797 1.790644 0.58070546 4.414606 0.7896466 8.17782 1.662986397743225 0.2561226785182953
Cyclist 0.0 0 1.9099537134170532 424.34033203125 156.4983367919922 491.138427734375 267.2845153808594 1.7978505 1.7829627 0.5764328 -2.500846 1.3818858 12.488664 1.7123184204101562 0.8746698498725891
Cyclist 0.0 0 1.8663228750228882 326.65179443359375 147.65716552734375 410.9897155761719 287.1338195800781 1.9506241 1.7014817 0.54469275 -3.142992 1.2899721 9.740085 1.5541850328445435 0.848301351070404
Cyclist 0.0 0 1.1947349309921265 687.072998046875 152.97381591796875 722.9863891601562 221.9491424560547 1.0402869 1.8240689 0.627684 2.78099 1.0708543 19.572834 1.3358744382858276 0.16971176862716675
Cyclist 0.0 0 -2.716552734375 841.3951416015625 158.6249237060547 886.5706176757812 229.7672882080078 0.8613353 1.7651232 0.7315812 6.685509 1.1987534 18.382711 -2.367739200592041 0.1435282975435257
Car 0.0 0 -1.6700997352600098 553.9796752929688 158.79075622558594 584.8754272460938 182.03509521484375 4.138709 1.4732246 1.6387911 -2.1569564 0.03462975 47.691208 -1.7152965068817139 0.5402023792266846
Car 0.0 0 -1.6551109552383423 601.0757446289062 148.8977813720703 643.5255126953125 187.54934692382812 3.7551682 1.6646405 1.6178776 0.88848764 0.2614965 32.855366 -1.628075122833252 0.45358821749687195
Car 0.0 0 -3.3846018314361572 847.84716796875 178.78933715820312 1061.46923828125 256.17578125 3.6923206 1.4770553 1.5048846 7.08416 1.426574 14.8172 -2.938624143600464 0.3661109507083893
Car 0.0 0 -2.2210583686828613 1102.5487060546875 205.01083374023438 1238.0 324.7131652832031 3.5128129 1.4009502 1.508519 9.469782 1.8184471 10.913075 -1.5063514709472656 0.2795744240283966
