Pedestrian 0.0 0 1.9510363340377808 85.34921264648438 174.73439025878906 147.6300506591797 278.5157165527344 0.8672644 1.6993352 0.6004062 -8.458625 1.7330778 12.318556 1.3493214845657349 0.6797320246696472
Pedestrian 0.0 0 1.0736901760101318 1044.3643798828125 172.8282928466797 1097.0185546875 261.540771484375 0.68111295 1.6580102 0.597741 8.775544 1.6578876 13.842633 1.6386998891830444 0.24216480553150177
Pedestrian 0.0 0 -0.042749494314193726 724.9816284179688 191.51617431640625 753.3833618164062 222.17393493652344 1.6656575 1.8157135 0.65591586 7.782179 2.957616 43.697063 0.13349652290344238 0.1499963402748108
Pedestrian 0.0 0 2.9874651432037354 627.289306640625 190.90023803710938 657.1590576171875 222.52066040039062 1.7597942 1.9142257 0.6889703 1.9551078 3.041574 44.618134 3.0312557220458984 0.10863091796636581
Cyclist 0.0 0 2.9874651432037354 627.289306640625 190.90023803710938 657.1590576171875 222.52066040039062 1.7597942 1.9142257 0.6889703 1.9551078 3.041574 44.618134 3.0312557220458984 0.30550163984298706
Cyclist 0.0 0 -0.042749494314193726 724.9816284179688 191.51617431640625 753.3833618164062 222.17393493652344 1.6656575 1.8157135 0.65591586 7.782179 2.957616 43.697063 0.13349652290344238 0.2711707353591919
Cyclist 0.0 0 -2.5727386474609375 750.8755493164062 192.51181030273438 782.622802734375 225.3852996826172 1.7413529 1.7071387 0.39716062 8.453574 2.7940161 39.12354 -2.359936237335205 0.22133728861808777
Car 0.0 0 -1.5439167022705078 515.0442504882812 183.63243103027344 538.0989990234375 206.41387939453125 2.9917989 1.5238979 1.5505128 -5.935026 2.3138373 51.295532 -1.6591070890426636 0.49471551179885864
Car 0.0 0 0.5418878793716431 382.37646484375 204.31939697265625 454.96240234375 234.8093719482422 3.8247669 1.6029322 1.5300616 -11.11241 3.4820802 41.812897 0.28212738037109375 0.45532944798469543
Car 0.0 0 -2.98371958732605 872.8980712890625 180.3701934814453 1015.3052978515625 233.4735870361328 4.17743 1.6272411 1.6761608 11.250346 1.902071 24.489393 -2.5530788898468018 0.375334769487381
Car 0.0 0 -1.7627736330032349 617.7657470703125 194.09490966796875 656.1560668945312 220.86036682128906 4.1587605 1.5122185 1.6968882 1.6519793 2.9435241 46.419327 -1.7272005081176758 0.36636707186698914
Car 0.0 0 -2.5206475257873535 726.3446044921875 189.400146484375 819.7409057617188 231.08717346191406 3.7030368 1.6135906 1.6265038 6.9950805 2.3775258 31.373276 -2.3012726306915283 0.3201521635055542
Car 0.0 0 0.8046567440032959 664.0357055664062 169.27468872070312 720.1630249023438 191.24847412109375 4.307738 1.6118646 1.767731 6.2062855 1.3496659 55.172005 0.9166755676269531 0.22258034348487854
