Pedestrian 0.0 0 1.6603106260299683 693.3057861328125 166.37313842773438 733.4815063476562 246.2902374267578 0.88766795 1.641037 0.7702025 2.3524783 1.3316572 15.27113 1.8131566047668457 0.7300372123718262
Pedestrian 0.0 0 2.0987114906311035 421.317626953125 165.3094482421875 482.1293029785156 258.6303405761719 1.0955638 1.8274719 0.774514 -3.0870714 1.5116682 14.7062845 1.8918006420135498 0.6994296312332153
Pedestrian 0.0 0 -1.6619302034378052 664.5111083984375 169.01351928710938 698.7228393554688 250.5760498046875 0.8604533 1.6572338 0.6319927 1.629541 1.404768 15.02842 -1.5539215803146362 0.634579598903656
Pedestrian 0.0 0 -2.1270058155059814 722.2581176757812 162.8151397705078 747.956298828125 209.19131469726562 0.7662382 1.7306379 0.65237963 5.0525136 1.0344019 27.279438 -1.9438679218292236 0.6117486953735352
Pedestrian 0.0 0 2.247180461883545 66.85896301269531 161.57278442382812 197.256103515625 349.5563049316406 0.9387537 1.6970696 0.608782 -4.571713 1.518551 6.978844 1.667241096496582 0.578230082988739
Pedestrian 0.0 0 -1.3094731569290161 153.6768798828125 151.16757202148438 182.06211853027344 214.90467834472656 0.9434002 1.793496 0.4756865 -12.532836 0.9411195 20.729883 -1.8532521724700928 0.5265172123908997
Pedestrian 0.0 0 -3.1082468032836914 753.44287109375 152.25596618652344 783.6755981445312 205.06309509277344 1.0116442 1.8161191 0.57580245 5.822662 0.81144154 25.110792 -2.880394697189331 0.43048685789108276
Pedestrian 0.0 0 -1.5337660312652588 529.0592041015625 167.20867919921875 545.312255859375 208.82049560546875 0.9912252 1.7563691 0.6603621 -2.7667568 1.1541295 30.829422 -1.6232702732086182 0.4275502562522888
Pedestrian 0.0 0 2.8361690044403076 729.1836547851562 157.09840393066406 756.0120239257812 201.59812927246094 0.96586794 1.8388863 0.5939441 5.881408 0.8315113 30.030628 3.0295681953430176 0.38807594776153564
Pedestrian 0.0 0 -2.01918625831604 660.0099487304688 167.27870178222656 674.931884765625 194.71337890625 0.8387994 1.8782408 0.7365932 4.5787673 0.9052711 49.69782 -1.9273135662078857 0.37217971682548523
Pedestrian 0.0 0 1.1629457473754883 740.5778198242188 161.45005798339844 760.7960815429688 205.60789489746094 0.7315096 1.7112292 0.53063995 5.8465514 0.9352593 28.246586 1.3670462369918823 0.34417134523391724
Pedestrian 0.0 0 -1.943256139755249 710.9923706054688 170.08741760253906 731.3211669921875 211.27743530273438 0.7040295 1.7554779 0.65368813 5.152561 1.2700546 31.024012 -1.7786754369735718 0.33108094334602356
Pedestrian 0.0 0 -1.9381721019744873 802.4481201171875 167.05702209472656 898.0501098632812 315.09075927734375 0.79240125 1.587544 0.78365105 2.7379327 1.4340132 8.113223 -1.612707257270813 0.32302552461624146
Pedestrian 0.0 0 0.18872787058353424 304.93756103515625 163.29515075683594 363.58526611328125 212.4593963623047 1.8475246 1.7099752 0.73634034 -9.4863405 1.0778602 25.49867 -0.16743884980678558 0.17555749416351318
Cyclist 0.0 0 1.7500550746917725 588.6629028320312 164.1539306640625 614.782958984375 216.05369567871094 1.687887 1.833292 0.66744804 0.003017053 1.2216231 26.26158 1.7501699924468994 0.8473349809646606
Cyclist 0.0 0 1.146946668624878 558.5780029296875 166.82444763183594 586.7326049804688 205.71868896484375 1.8599116 1.7520419 0.58903563 -1.3599703 1.0919025 33.319057 1.1061527729034424 0.687114417552948
Cyclist 0.0 0 0.26825636625289917 305.21343994140625 157.94944763183594 364.985107421875 207.52813720703125 1.8555018 1.7272658 0.7556872 -9.451926 0.9078559 25.480362 -0.08695842325687408 0.4670349061489105
Cyclist 0.0 0 -0.8289167881011963 709.5587158203125 176.46017456054688 771.8851318359375 239.91265869140625 1.869808 1.7281286 0.6430735 3.9344141 1.5920262 20.37645 -0.638177752494812 0.42347970604896545
Cyclist 0.0 0 -1.9938583374023438 389.7471923828125 149.59361267089844 426.9062805175781 201.81643676757812 1.7919246 1.7706457 0.5717429 -6.8186636 0.6899167 25.226957 -2.257843017578125 0.33574384450912476
Cyclist 0.0 0 -0.47052693367004395 14.449023246765137 199.4639892578125 129.51361083984375 287.1189270019531 1.7471142 1.6057118 0.6853634 -10.658146 1.9923213 14.4734125 -1.1052637100219727 0.3114704191684723
Cyclist 0.0 0 2.2585809230804443 65.04002380371094 161.54318237304688 197.8575439453125 355.5548400878906 0.97552943 1.7411199 0.59478766 -4.5637035 1.5634013 6.96079 1.678257942199707 0.1829361617565155
Cyclist 0.0 0 -1.6619302034378052 664.5111083984375 169.01351928710938 698.7228393554688 250.5760498046875 0.8604533 1.6572338 0.6319927 1.629541 1.404768 15.02842 -1.5539215803146362 0.10800959169864655
Car 0.0 0 1.2069652080535889 0.0 218.1090545654297 232.86949157714844 354.9052429199219 4.337109 1.510218 1.6279782 -7.5752625 2.16007 10.831818 0.5966737270355225 0.452790766954422
Car 0.0 0 -2.775883436203003 449.7265930175781 180.49493408203125 538.2780151367188 213.02796936035156 3.809863 1.4761487 1.5663801 -5.039306 1.431481 33.76691 -2.924028158187866 0.32242223620414734
