Pedestrian 0.0 0 -2.3417181968688965 1069.7366943359375 149.3071746826172 1129.6566162109375 231.68719482421875 1.0794214 1.858901 0.5646773 11.374802 1.3279263 16.859783 -1.748194694519043 0.6057846546173096
Pedestrian 0.0 0 1.8148411512374878 1063.563720703125 174.20228576660156 1090.760498046875 220.60446166992188 0.89267296 1.8204697 0.7210657 18.675829 1.8759103 28.906242 2.388457775115967 0.6037052273750305
Car 0.0 0 -0.2872166037559509 701.9508056640625 196.62937927246094 871.9003295898438 263.67340087890625 3.763058 1.5089507 1.6071513 4.2290926 2.1250694 17.78099 -0.05371171236038208 0.9113415479660034
Car 0.0 0 -2.4946699142456055 0.0 201.03648376464844 257.716552734375 311.6828918457031 3.8278131 1.4704412 1.5920315 -7.664447 1.9295671 10.883376 -3.108232021331787 0.8819382786750793
Car 0.0 0 3.4931554794311523 212.83584594726562 190.69119262695312 391.290283203125 252.76419067382812 3.9411173 1.4875988 1.6228088 -7.925565 1.9731555 18.71726 3.0926101207733154 0.8745588660240173
Car 0.0 0 -0.6753281950950623 864.6686401367188 199.9050750732422 1242.0 375.0 3.4867194 1.4314381 1.5628979 4.4347715 1.729859 6.980497 -0.10935009270906448 0.8478582501411438
Car 0.0 0 0.5756223201751709 67.56571960449219 197.72280883789062 323.2535095214844 286.0444030761719 3.9278064 1.4823455 1.5898066 -7.704114 1.9802253 13.525125 0.05784440040588379 0.8264681696891785
Car 0.0 0 0.7687694430351257 0.0 199.73086547851562 167.04408264160156 343.7176513671875 3.8990345 1.4457517 1.5854169 -7.64369 1.7914162 8.414034 0.03130793571472168 0.7586389780044556
Car 0.0 0 1.1605104207992554 486.3349304199219 186.2028350830078 529.2021484375 207.6510772705078 4.3797493 1.5415332 1.7500546 -8.15331 2.6407766 57.071323 1.018608808517456 0.7154342532157898
Car 0.0 0 3.3579440116882324 282.11016845703125 188.8146209716797 403.31585693359375 239.08334350585938 3.4832113 1.5392696 1.6014878 -8.767717 2.0884478 23.776993 3.0046658515930176 0.6881496906280518
Car 0.0 0 -0.15133662521839142 686.255859375 197.5373077392578 825.3640747070312 254.9048614501953 3.6063945 1.4758334 1.5038428 3.9347293 2.1921165 20.09807 0.041994571685791016 0.5605249404907227
