Pedestrian 0.0 0 1.7446616888046265 625.9661865234375 165.490234375 646.83056640625 216.38888549804688 0.9435685 1.8403445 0.61650693 1.274391 1.2625273 26.498316 1.7927179336547852 0.7677915096282959
Pedestrian 0.0 0 1.8003413677215576 193.82652282714844 161.3500213623047 279.6653137207031 333.9654235839844 0.67341894 1.6636386 0.64704317 -3.7451813 1.4708083 7.3252554 1.3277186155319214 0.6651962995529175
Pedestrian 0.0 0 -1.2397924661636353 558.2266235351562 171.96897888183594 589.1104736328125 224.95260620117188 0.99215645 1.6971174 0.73234725 -0.9292909 1.3929286 23.58677 -1.2791708707809448 0.6595357656478882
Pedestrian 0.0 0 0.2723154127597809 504.6652526855469 175.23577880859375 537.1245727539062 236.48097229003906 0.71105456 1.5439475 0.5346783 -2.0945134 1.3872132 18.426394 0.1591320037841797 0.6217589378356934
Pedestrian 0.0 0 0.2407585084438324 349.1428527832031 158.09449768066406 407.07757568359375 250.71142578125 1.0095776 1.8372102 0.60431904 -4.55865 1.3741708 14.579743 -0.062281347811222076 0.5423930287361145
Pedestrian 0.0 0 2.003507137298584 632.9393920898438 173.0789337158203 666.4616088867188 235.56890869140625 0.84287786 1.7146171 0.6498752 1.3343385 1.4847124 20.23277 2.0693612098693848 0.4940849542617798
Pedestrian 0.0 0 -0.7307369709014893 1141.56201171875 179.03282165527344 1238.0 374.0 0.73175275 1.5910157 0.42038104 4.162336 1.5763141 4.908464 -0.02741006202995777 0.44671157002449036
Pedestrian 0.0 0 1.7970538139343262 575.838623046875 180.2098846435547 597.1145629882812 223.9095916748047 0.9161441 1.6068889 0.60882795 -0.57550806 1.5604906 26.921824 1.7756800651550293 0.4055825173854828
Pedestrian 0.0 0 -1.5513708591461182 255.33859252929688 178.09353637695312 307.1480407714844 289.42034912109375 0.62942755 1.5946846 0.6871687 -4.8095946 1.5472039 10.711244 -1.973412036895752 0.3884107172489166
Pedestrian 0.0 0 -1.6752934455871582 651.492919921875 167.0370330810547 664.231689453125 201.91163635253906 0.61167973 1.7798367 0.59211373 2.895839 1.0425808 36.97137 -1.5971264839172363 0.32397353649139404
Pedestrian 0.0 0 -1.1520287990570068 93.15914154052734 202.5592498779297 201.2388458251953 363.7448425292969 0.69440687 1.6019629 0.756442 -4.8511944 1.8390554 7.6396604 -1.717787742614746 0.3108381927013397
Pedestrian 0.0 0 1.5012694597244263 665.6834716796875 171.57533264160156 677.93603515625 204.9568328857422 0.7683248 1.7027364 0.5753622 3.618917 1.1973627 37.03052 1.598688006401062 0.284366637468338
Pedestrian 0.0 0 1.5315800905227661 617.996826171875 165.33238220214844 632.9353637695312 204.23593139648438 0.8788869 1.8969781 0.70169795 1.1738805 1.1095228 35.465748 1.564666986465454 0.2759922444820404
Pedestrian 0.0 0 1.858561635017395 520.5563354492188 186.7145233154297 551.8977661132812 245.44473266601562 0.7713211 1.6999276 0.7394192 -1.9575878 1.8590977 21.319483 1.7669968605041504 0.267670601606369
Pedestrian 0.0 0 0.2523243725299835 0.0 64.43863677978516 124.45964050292969 374.0 0.6528836 1.7992005 0.57444686 -2.793883 1.3012347 3.4585772 -0.42716237902641296 0.2542826235294342
Pedestrian 0.0 0 -2.6210808753967285 415.0735168457031 182.2428741455078 456.46295166015625 249.97592163085938 0.7597887 1.6677107 0.72609735 -4.2131968 1.688131 18.151112 -2.8491597175598145 0.25193554162979126
Pedestrian 0.0 0 -1.1964043378829956 712.1796264648438 160.8602752685547 762.43798828125 234.18138122558594 1.8996269 1.7862513 0.6206245 3.4830077 1.2846179 18.466856 -1.0099856853485107 0.142271026968956
Pedestrian 0.0 0 -0.8641778230667114 460.333740234375 151.2718963623047 497.7232360839844 199.26141357421875 1.4668049 1.6853626 0.50323296 -4.4370346 0.6248313 25.983694 -1.033308744430542 0.10905522108078003
Cyclist 0.0 0 -1.1964043378829956 712.1796264648438 160.8602752685547 762.43798828125 234.18138122558594 1.8996269 1.7862513 0.6206245 3.4830077 1.2846179 18.466856 -1.0099856853485107 0.555216372013092
Cyclist 0.0 0 -0.8641778230667114 460.333740234375 151.2718963623047 497.7232360839844 199.26141357421875 1.4668049 1.6853626 0.50323296 -4.4370346 0.6248313 25.983694 -1.033308744430542 0.25477150082588196
Car 0.0 0 0.9825513958930969 696.9571533203125 181.2275848388672 789.9899291992188 222.7629852294922 3.754114 1.4298352 1.56728 5.178537 1.4215264 26.759758 1.1737080812454224 0.47023844718933105
