Pedestrian 0.0 0 3.0056204795837402 388.74285888671875 176.02621459960938 409.9078369140625 224.72195434570312 0.6440238 1.710387 0.64930165 -7.5874667 1.8261741 25.82429 2.719851016998291 0.45008549094200134
Pedestrian 0.0 0 -1.2714331150054932 405.3939208984375 185.8264617919922 428.2713928222656 233.60186767578125 0.7746139 1.6505611 0.58093345 -6.8761477 2.1172757 25.538729 -1.534440040588379 0.33480244874954224
Pedestrian 0.0 0 1.9851042032241821 378.33941650390625 167.160400390625 403.5608215332031 217.14254760742188 0.70913965 1.815974 0.6612788 -8.115476 1.6094692 26.603577 1.689018964767456 0.25387299060821533
Pedestrian 0.0 0 -0.05784344673156738 993.5655517578125 120.8370132446289 1090.4840087890625 288.3720703125 0.932953 1.8449851 0.62465 4.9639215 1.2725043 8.434057 0.4741194248199463 0.23820564150810242
Car 0.0 0 -1.7028546333312988 625.512939453125 169.28024291992188 694.2986450195312 229.38815307617188 3.7204537 1.6874727 1.6096243 1.4011234 1.5875007 22.16498 -1.6397252082824707 0.8919617533683777
Car 0.0 0 -1.5279958248138428 450.2476806640625 179.71827697753906 511.9197082519531 234.32090759277344 3.9961936 1.4543942 1.6628602 -3.858348 1.6823585 21.831858 -1.7029197216033936 0.8854426145553589
Car 0.0 0 1.9784369468688965 0.0 219.19859313964844 357.69866943359375 375.0 3.636914 1.4435816 1.6097224 -3.0167005 1.8869238 4.98286 1.4340449571609497 0.8732782602310181
Car 0.0 0 -1.73016357421875 605.6174926757812 181.18592834472656 654.3209838867188 216.7816162109375 3.8280787 1.4488153 1.5793468 0.7936176 1.8453802 32.30566 -1.7056026458740234 0.7086096405982971
Car 0.0 0 1.5000147819519043 495.5147399902344 179.30947875976562 534.1675415039062 212.09963989257812 3.949127 1.4704441 1.5868667 -4.7380805 1.8051481 35.27311 1.3664884567260742 0.6694332957267761
Car 0.0 0 -1.7519967555999756 585.512939453125 173.3531494140625 612.0383911132812 190.4911346435547 4.0012074 1.4325352 1.5990882 -1.0279161 1.477632 62.551437 -1.7684284448623657 0.36441054940223694
