Car 0.0 0 -1.0941661596298218 78.40129089355469 195.4246826171875 347.16339111328125 344.07806396484375 3.2658026 1.4290794 1.4961455 -4.566486 1.5780003 8.767151 -1.5743646621704102 0.9347420334815979
Car 0.0 0 -1.358689546585083 358.9066467285156 181.00491333007812 469.5475158691406 253.56216430664062 4.2871614 1.5154042 1.6682509 -4.5072765 1.4285903 17.188437 -1.6151427030563354 0.9289558529853821
Car 0.0 0 -1.1475549936294556 213.93751525878906 180.8603973388672 308.40155029296875 223.76324462890625 3.8719454 1.4273366 1.6088066 -12.384048 1.2835711 25.866041 -1.5940799713134766 0.8779630661010742
Car 0.0 0 -1.5309505462646484 574.2213134765625 176.48097229003906 656.9864501953125 254.7652587890625 3.456244 1.6164391 1.7153629 0.20147048 1.4372126 16.609735 -1.5188214778900146 0.8631264567375183
Car 0.0 0 -1.0344854593276978 56.25850296020508 188.2496795654297 261.65625 278.6637878417969 3.778316 1.4772156 1.6070645 -8.374736 1.5444696 13.765752 -1.5810401439666748 0.8252581357955933
Car 0.0 0 -1.2736327648162842 337.2872619628906 183.69410705566406 412.3448181152344 227.15078735351562 3.751268 1.4649109 1.5608882 -8.404634 1.4147506 26.115156 -1.5849946737289429 0.7635573744773865
Car 0.0 0 1.9986852407455444 225.7637176513672 178.50160217285156 266.6020202636719 196.10440063476562 3.9021704 1.4392711 1.6106831 -30.51558 0.89143205 60.75258 1.5332051515579224 0.7124822735786438
Car 0.0 0 -1.2783138751983643 301.5002136230469 164.4795379638672 373.2921142578125 207.64825439453125 4.613521 1.8368347 1.8220328 -12.308075 0.9556397 32.944744 -1.6358543634414673 0.6239557266235352
Car 0.0 0 -3.131359100341797 668.8623046875 184.13186645507812 718.1677856445312 202.640869140625 3.97431 1.4960194 1.6046196 7.0420804 1.4095482 59.149708 -3.012861728668213 0.5112662315368652
Car 0.0 0 1.6636087894439697 490.1105651855469 172.32327270507812 540.0580444335938 211.36514282226562 4.6047235 1.5738816 1.7356532 -3.9907284 1.0552851 31.305737 1.5368167161941528 0.47174131870269775
Car 0.0 0 0.7658838033676147 625.59814453125 180.04190063476562 703.0807495117188 210.72935485839844 3.7566543 1.4289016 1.5743461 2.7067776 1.1891255 35.39391 0.8422110080718994 0.4501555860042572
