Pedestrian 0.0 0 -1.9144525527954102 684.80712890625 161.81463623046875 695.5388793945312 185.19557189941406 0.599083 1.9127934 0.7178735 6.575439 1.0100205 59.400654 -1.8042049407958984 0.1583746075630188
Pedestrian 0.0 0 0.6613656282424927 886.7044677734375 163.34107971191406 905.6666259765625 194.48060607910156 0.81879157 1.850932 0.67432046 17.182928 1.285842 43.409306 1.0382764339447021 0.15639320015907288
Pedestrian 0.0 0 -0.3767179548740387 836.3162841796875 162.31820678710938 878.9776611328125 209.41273498535156 1.3690628 1.7465904 0.6610708 9.256926 1.3562086 27.119719 -0.04778274893760681 0.10734622180461884
Cyclist 0.0 0 -1.8936231136322021 482.5663146972656 167.4284210205078 502.4111022949219 200.186279296875 1.8411486 1.7508066 0.51191425 -6.477956 1.461184 39.494884 -2.0561957359313965 0.2989552617073059
Cyclist 0.0 0 -0.3785301446914673 832.708984375 163.20431518554688 881.9605102539062 210.5740966796875 1.6181698 1.7563454 0.6701727 9.24578 1.3989189 27.12507 -0.05002332106232643 0.1755790412425995
Car 0.0 0 2.158865213394165 0.0 163.08360290527344 224.473876953125 255.69290161132812 4.047195 1.4673779 1.6241057 -9.124531 1.3129255 13.459667 1.5631146430969238 0.5444690585136414
Car 0.0 0 1.6403372287750244 496.8449401855469 181.3553466796875 525.0286254882812 204.6118621826172 3.737706 1.435564 1.5980127 -6.5639205 2.022405 47.856113 1.5040283203125 0.2888261377811432
Car 0.0 0 1.8877012729644775 384.1098937988281 183.08294677734375 446.7480163574219 218.16893005371094 4.251771 1.5297774 1.6810716 -9.357701 2.0555453 34.890232 1.6256641149520874 0.2458745390176773
Car 0.0 0 -2.5412635803222656 305.420654296875 176.22491455078125 431.55645751953125 223.67185974121094 3.723994 1.475943 1.5695628 -8.019303 1.5938017 23.884907 -2.865185499191284 0.20661649107933044
Car 0.0 0 0.668066143989563 276.6338806152344 170.60507202148438 422.43328857421875 223.95494079589844 3.940114 1.4976201 1.649916 -7.848524 1.434847 21.655401 0.32036280632019043 0.1708366870880127
Car 0.0 0 -1.5206767320632935 436.2768249511719 175.12701416015625 475.4044189453125 207.00160217285156 4.133499 1.4551016 1.67391 -7.547416 1.5738956 35.41966 -1.7306222915649414 0.1396378129720688
