Pedestrian 0.0 0 1.2364028692245483 1014.82177734375 143.35260009765625 1108.0255126953125 300.4198303222656 0.88543826 1.7609489 0.6836439 5.290425 1.4305537 8.592772 1.7882744073867798 0.380612850189209
Pedestrian 0.0 0 -3.1398606300354004 989.85498046875 140.67507934570312 1034.0860595703125 227.9400177001953 0.8169802 1.8215714 0.6335892 8.59859 1.1502252 15.534005 -2.6343088150024414 0.2660595178604126
Pedestrian 0.0 0 0.9149881601333618 892.0634155273438 134.9641876220703 927.8150024414062 201.5977783203125 0.7916719 1.797463 0.53930515 8.2236595 0.775731 19.913483 1.3066248893737793 0.2574695646762848
Pedestrian 0.0 0 -1.53902006149292 887.0427856445312 162.05136108398438 927.7151489257812 255.82960510253906 0.7833504 1.7175487 0.6925217 5.6067085 1.5200562 13.711035 -1.1508482694625854 0.2264779657125473
Pedestrian 0.0 0 2.8662540912628174 426.7579345703125 139.84658813476562 469.0555114746094 194.98602294921875 1.2780353 1.8052318 0.5609951 -5.474133 0.72494686 24.171652 2.6435418128967285 0.21632124483585358
Pedestrian 0.0 0 -2.0063414573669434 1132.6590576171875 98.90119171142578 1242.0 278.0028076171875 1.5782841 1.7227635 0.57166845 6.2695274 1.0117755 7.77242 -1.327566146850586 0.14501605927944183
Pedestrian 0.0 0 -2.23378324508667 745.70263671875 169.3137969970703 769.3453369140625 197.99282836914062 1.7156096 1.6995595 0.4348228 8.87509 1.4901202 43.62135 -2.0330653190612793 0.11951741576194763
Cyclist 0.0 0 -2.241457939147949 746.2286987304688 171.58651733398438 769.8892822265625 201.06231689453125 1.6967921 1.741316 0.43443242 8.878095 1.666796 43.477837 -2.0400290489196777 0.36043089628219604
Cyclist 0.0 0 -1.9870319366455078 1135.8271484375 101.2000503540039 1242.0 284.39739990234375 1.6691017 1.7477798 0.5542194 6.290578 1.0645288 7.7590256 -1.305774450302124 0.2805961072444916
Cyclist 0.0 0 3.0900931358337402 428.7395324707031 142.3850555419922 471.4247131347656 197.75210571289062 1.3668598 1.819731 0.5957329 -5.408339 0.8186758 24.182056 2.870063066482544 0.23830687999725342
Cyclist 0.0 0 1.2821757793426514 622.9284057617188 176.6226348876953 635.468505859375 199.974365234375 1.4407351 1.7004567 0.5412433 1.3924036 1.9845357 53.552265 1.3081707954406738 0.17231035232543945
Cyclist 0.0 0 -1.2628161907196045 327.8265075683594 140.22886657714844 388.9090270996094 243.74977111816406 1.7131244 1.7564285 0.557179 -4.586067 1.2032387 13.103707 -1.5994752645492554 0.1687144786119461
Car 0.0 0 2.1232857704162598 0.0 202.16636657714844 445.70989990234375 375.0 3.957867 1.4592012 1.6615537 -2.7654212 1.7692739 5.574168 1.6627521514892578 0.896605908870697
Car 0.0 0 -1.8835225105285645 798.9573974609375 186.66432189941406 1110.5284423828125 375.0 2.9486895 1.5554237 1.5191236 2.641867 1.7064245 6.335978 -1.4884791374206543 0.8261411786079407
Car 0.0 0 1.7509527206420898 638.7354125976562 177.4630584716797 671.8070678710938 200.9490203857422 3.8528376 1.5262766 1.613637 3.131306 1.8577045 49.76169 1.8137959241867065 0.8078050017356873
Car 0.0 0 -1.7896289825439453 754.1640014648438 175.4137725830078 816.4887084960938 214.1949920654297 3.7961857 1.4425696 1.6333565 6.9225965 1.5525959 28.99947 -1.5552997589111328 0.19925478100776672
Car 0.0 0 -3.3687472343444824 901.5382080078125 176.0948486328125 1166.315185546875 263.5221862792969 4.0320344 1.4731162 1.6178051 7.694663 1.5406358 13.602404 -2.853942394256592 0.16758544743061066
