Car 0.0 0 -1.7387638092041016 678.5671997070312 181.49710083007812 758.9808959960938 243.4915313720703 3.4823747 1.4779428 1.5585803 2.7887242 1.7324103 19.450096 -1.59635591506958 0.9215266108512878
Car 0.0 0 -2.0374562740325928 804.9547729492188 176.31407165527344 1242.0 375.0 3.5498478 1.4580908 1.5305424 2.7115176 1.4936677 5.557067 -1.5835027694702148 0.8971530795097351
Car 0.0 0 0.43717968463897705 203.11517333984375 188.77052307128906 421.09100341796875 265.6008605957031 3.8689992 1.4577392 1.5752481 -6.112564 1.8069981 14.933057 0.04865527153015137 0.8839449882507324
Car 0.0 0 -0.1858314871788025 737.89794921875 175.2352752685547 868.9837646484375 223.193115234375 4.055731 1.559074 1.7168877 6.447664 1.6437743 24.553303 0.0709691047668457 0.8767733573913574
Car 0.0 0 -2.510958433151245 80.2528076171875 189.28114318847656 331.19647216796875 282.8905944824219 3.51198 1.4246678 1.516968 -6.8435955 1.7268026 12.2851715 -3.019207000732422 0.8607694506645203
Car 0.0 0 0.3607981503009796 273.5670471191406 184.13058471679688 467.5587463378906 254.08633422851562 4.0527487 1.5434319 1.6282237 -5.6294804 1.8252597 17.106987 0.04288506507873535 0.8327532410621643
Car 0.0 0 0.7139695882797241 0.0 185.1988067626953 238.60589599609375 355.3682556152344 3.7932765 1.4791777 1.547609 -6.047258 1.6162426 7.1864862 0.014444828033447266 0.8018174171447754
Car 0.0 0 -2.5092215538024902 0.0 159.4010467529297 261.2865295410156 287.2783203125 3.6274662 1.5336683 1.6096534 -6.8332396 1.3726809 9.46883 -3.1343343257904053 0.786588728427887
Car 0.0 0 0.4001022279262543 341.34014892578125 181.09158325195312 491.9424133300781 233.38275146484375 4.1149693 1.4828043 1.5916709 -5.854773 1.745094 21.867785 0.1385025978088379 0.7712712287902832
Car 0.0 0 0.29183241724967957 343.1408996582031 177.47178649902344 469.9891052246094 221.75277709960938 3.8526802 1.4414757 1.575062 -6.881089 1.6037699 24.478474 0.017796754837036133 0.6299340128898621
Car 0.0 0 -2.95113205909729 517.82470703125 177.02037048339844 560.1253051757812 195.10198974609375 3.33858 1.4991877 1.5392562 -6.025696 1.858063 61.165783 -3.0493292808532715 0.5625514984130859
