Pedestrian 0.0 0 -3.5909297466278076 1064.192138671875 137.73561096191406 1224.184326171875 329.01495361328125 1.0697831 1.7814108 0.6935834 5.2895308 1.375203 7.1284666 -2.952549457550049 0.8478579521179199
Pedestrian 0.0 0 1.3994125127792358 234.53384399414062 167.0772705078125 290.3544006347656 281.036865234375 0.946618 1.7426938 0.6571358 -5.5063806 1.5234412 11.558464 0.9548275470733643 0.7162546515464783
Pedestrian 0.0 0 1.0593043565750122 787.6880493164062 154.04888916015625 891.6184692382812 314.6248779296875 0.8933706 1.752204 0.80999726 2.6977284 1.454014 8.353823 1.3716659545898438 0.710196852684021
Pedestrian 0.0 0 -2.4619154930114746 697.6098022460938 164.21063232421875 804.8037109375 326.1209411621094 0.98751765 1.6618167 0.62383837 1.5963117 1.4857261 7.9493756 -2.2637414932250977 0.6974120736122131
Pedestrian 0.0 0 -1.9114885330200195 615.9767456054688 164.99082946777344 655.0534057617188 240.5955810546875 0.95621127 1.7383391 0.6419344 0.76491183 1.3599619 17.064594 -1.8666939735412598 0.6798281669616699
Pedestrian 0.0 0 1.8839645385742188 314.0726623535156 167.9867401123047 372.1343994140625 272.5721130371094 0.836705 1.7405801 0.7215663 -4.4784255 1.5169699 12.382726 1.5369338989257812 0.6091126203536987
Pedestrian 0.0 0 0.9208511710166931 759.0369873046875 147.3325958251953 831.3370971679688 269.4955749511719 0.9658634 1.8340905 0.64842534 3.0031772 1.3224254 11.352169 1.1794731616973877 0.567304790019989
Pedestrian 0.0 0 -1.2327897548675537 327.9127502441406 193.80526733398438 389.4765930175781 300.1798400878906 0.9002742 1.625237 0.67873865 -3.921227 1.8318636 11.530833 -1.5605860948562622 0.5658157467842102
Pedestrian 0.0 0 -2.472200632095337 219.02442932128906 162.9775390625 262.41485595703125 227.08753967285156 0.8915206 1.7396014 0.60320646 -10.005962 1.2381601 19.874414 -2.9386119842529297 0.5168821215629578
Pedestrian 0.0 0 -2.29083514213562 1071.356689453125 138.66250610351562 1163.348388671875 283.876708984375 0.5849127 1.7079657 0.7004474 6.239254 1.20547 8.772768 -1.6726272106170654 0.4600675106048584
Pedestrian 0.0 0 -3.0525412559509277 583.8215942382812 166.6674346923828 605.861572265625 201.98049926757812 1.0629529 1.7623835 0.58722264 -0.33537447 1.0230095 36.182655 -3.06181001663208 0.31419917941093445
Cyclist 0.0 0 -1.233259677886963 327.8719787597656 193.49496459960938 391.0016174316406 300.2008361816406 0.9612345 1.6288891 0.68553054 -3.9159367 1.8312697 11.555996 -1.5599815845489502 0.1741970181465149
Cyclist 0.0 0 -1.6548161506652832 237.26983642578125 167.3723907470703 288.15399169921875 279.68402099609375 0.9266602 1.7240291 0.6636074 -5.5182295 1.5084667 11.591532 -2.0991265773773193 0.11269094794988632
Cyclist 0.0 0 -2.4704489707946777 217.57388305664062 163.17568969726562 263.4282531738281 228.58511352539062 0.98249817 1.7736946 0.58534306 -10.006369 1.2779567 19.862661 -2.9371142387390137 0.10590272396802902
Car 0.0 0 1.572176218032837 523.8598022460938 170.24928283691406 563.8146362304688 204.85012817382812 3.8195834 1.476879 1.7038723 -2.6276872 0.9976304 32.629368 1.4918183088302612 0.836090087890625
Car 0.0 0 1.6867244243621826 450.1204833984375 165.39895629882812 504.2118835449219 205.62332153320312 4.3493795 1.5016426 1.6595423 -4.9565463 0.9015979 29.02976 1.5176149606704712 0.5353352427482605
Car 0.0 0 1.235344409942627 45.21544647216797 171.18907165527344 166.5836181640625 234.70953369140625 3.3553526 1.4652861 1.4972919 -12.595019 1.2286425 18.160263 0.6289615631103516 0.5242601037025452
Car 0.0 0 1.7837084531784058 397.9976806640625 160.418212890625 485.8211364746094 222.57606506347656 4.3650985 1.7476332 1.7775929 -4.863844 1.1560433 22.377665 1.5696847438812256 0.4353081285953522
