Pedestrian 0.0 0 -3.0193874835968018 562.4545288085938 174.76246643066406 578.2954711914062 202.34286499023438 0.93499917 1.7298844 0.59803367 -2.5349886 1.8518081 45.628326 -3.074887752532959 0.4240231513977051
Pedestrian 0.0 0 0.7215467691421509 57.91674041748047 199.46315002441406 158.7036895751953 339.62408447265625 0.8949308 1.6720825 0.5547719 -6.335551 2.0184226 9.05373 0.11097359657287598 0.3285669684410095
Pedestrian 0.0 0 0.5668038129806519 637.9674682617188 179.3287811279297 661.9076538085938 220.6961212158203 0.7835755 1.6493711 0.58170867 1.5843601 1.9175282 29.375797 0.6206858158111572 0.2989349961280823
Pedestrian 0.0 0 -3.0132222175598145 1121.777099609375 123.52776336669922 1242.0 317.3984069824219 0.9596828 1.7359781 0.7512107 5.619314 1.2946537 7.0640535 -2.3412435054779053 0.23283393681049347
Cyclist 0.0 0 -3.0193874835968018 562.4545288085938 174.76246643066406 578.2954711914062 202.34286499023438 0.93499917 1.7298844 0.59803367 -2.5349886 1.8518081 45.628326 -3.074887752532959 0.1207115426659584
Car 0.0 0 1.7877888679504395 316.771484375 189.15711975097656 441.3405456542969 276.171630859375 4.0401115 1.4671144 1.6134137 -4.6806374 1.8540261 15.0239525 1.485774278640747 0.9395904541015625
Car 0.0 0 1.6992048025131226 420.70794677734375 188.16229248046875 484.3087463378906 237.8760986328125 3.651442 1.3960589 1.5494937 -5.050002 1.9309118 23.305128 1.4858132600784302 0.9265286922454834
Car 0.0 0 1.2178179025650024 696.3901977539062 159.83934020996094 861.4453735351562 270.3702697753906 4.2276077 1.8082583 1.7001514 3.0045707 1.5956994 14.014143 1.429016351699829 0.8567138314247131
Car 0.0 0 1.667380690574646 456.81988525390625 180.70668029785156 505.1473388671875 221.64566040039062 3.8455145 1.5346787 1.6001275 -5.301701 1.8807819 29.785492 1.4912294149398804 0.7390668392181396
Car 0.0 0 1.151541829109192 583.054443359375 173.48175048828125 625.9156494140625 195.9781036376953 4.015279 1.573182 1.6341251 -0.4749432 1.6213124 52.7413 1.1425368785858154 0.2567581534385681
