Pedestrian 0.0 0 0.8133648037910461 74.60657501220703 182.5995330810547 93.36957550048828 209.7260284423828 0.7795427 1.7932808 0.6511177 -34.770256 1.9358848 47.186344 0.17831921577453613 0.35416823625564575
Pedestrian 0.0 0 -3.419320583343506 944.312255859375 97.62960815429688 1084.190673828125 287.73004150390625 1.1085429 1.821818 0.59214264 4.0716224 1.0293305 7.1891956 -2.9040091037750244 0.2583474814891815
Cyclist 0.0 0 0.02929086610674858 602.1948852539062 168.03485107421875 627.7344970703125 191.02313232421875 1.90334 1.7177219 0.6906619 0.76418465 0.78757334 53.213425 0.04365062713623047 0.655720055103302
Cyclist 0.0 0 -0.9383981227874756 407.11248779296875 177.70785522460938 434.0478515625 206.5553741455078 1.7832751 1.6369978 0.57160884 -10.702197 1.479939 41.05184 -1.1934213638305664 0.4852571189403534
Cyclist 0.0 0 0.2175145447254181 1.9871611595153809 167.8302459716797 48.91476821899414 202.60345458984375 1.7775968 1.7793477 0.743745 -30.244913 1.1324577 36.908226 -0.46898171305656433 0.46868810057640076
Cyclist 0.0 0 -2.8944685459136963 555.1702880859375 167.98770141601562 579.4994506835938 190.6577911376953 1.7942352 1.7625284 0.682414 -2.9410045 0.7909834 55.473816 -2.947435140609741 0.2668943405151367
Car 0.0 0 -1.413975477218628 536.0631103515625 172.7273406982422 568.2535400390625 195.09613037109375 3.9754834 1.4638181 1.5938174 -3.5650585 0.9565009 48.311497 -1.4876351356506348 0.8125550746917725
Car 0.0 0 1.7920169830322266 24.077421188354492 195.1575927734375 66.88655853271484 218.7808837890625 3.553929 1.4890375 1.5832896 -38.653435 2.5448554 48.91873 1.123307228088379 0.5566827654838562
Car 0.0 0 0.7639164924621582 18.162424087524414 194.90533447265625 97.50733184814453 221.56878662109375 3.7090023 1.5316061 1.6066704 -33.002285 2.422838 42.677994 0.10567831993103027 0.46572473645210266
Car 0.0 0 -0.554115355014801 842.0135498046875 145.91140747070312 939.1439819335938 179.69309997558594 4.1155915 1.577944 1.6369396 13.78214 -0.03896677 34.234512 -0.17138658463954926 0.3541519045829773
Car 0.0 0 -1.446578025817871 380.5375671386719 179.64340209960938 409.5414733886719 201.16693115234375 3.5105076 1.4838424 1.5692077 -14.983563 1.4260927 50.598938 -1.7344751358032227 0.3177374601364136
