Pedestrian 0.0 0 -1.398747444152832 130.9712371826172 165.6768341064453 150.66395568847656 204.08238220214844 0.58515966 1.7765821 0.68716353 -21.571102 1.0455513 33.629395 -1.9690786600112915 0.3828667104244232
Pedestrian 0.0 0 -0.033042848110198975 936.7484741210938 122.56420135498047 1069.6689453125 328.4828186035156 1.0282844 1.7582417 0.54651934 3.6112223 1.2564021 6.6064463 0.46720242500305176 0.31446996331214905
Pedestrian 0.0 0 1.4104254245758057 853.093017578125 105.31138610839844 904.5421142578125 261.0958251953125 0.7360978 1.4875677 0.36590278 2.738619 0.7614243 7.2538085 1.7714229822158813 0.312866747379303
Pedestrian 0.0 0 -2.1030430793762207 1022.33984375 129.8228759765625 1105.4229736328125 258.9801330566406 0.9074155 1.7776716 0.629996 6.5923767 1.0677286 10.348714 -1.5358442068099976 0.27166756987571716
Car 0.0 0 -1.0893532037734985 486.3421630859375 174.5021514892578 556.8224487304688 211.92259216308594 3.4659648 1.4936312 1.5525472 -3.348068 1.2153158 30.56626 -1.1984530687332153 0.9096153378486633
Car 0.0 0 -0.2571526765823364 0.0 169.90972900390625 119.39275360107422 209.08657836914062 4.1814423 1.6229671 1.6369696 -24.122564 1.1438048 31.905087 -0.9045289754867554 0.5560552477836609
Car 0.0 0 2.0176777839660645 329.22686767578125 179.34066772460938 391.33953857421875 208.2947235107422 3.8984597 1.4563869 1.601145 -12.737537 1.3486489 38.16329 1.6955394744873047 0.537763237953186
Car 0.0 0 -1.425604224205017 575.2940673828125 169.59495544433594 607.7930297851562 192.9461212158203 4.2045746 1.5737 1.7001206 -0.63834125 0.7720519 50.60418 -1.4382179975509644 0.44673648476600647
Car 0.0 0 0.623302161693573 407.45245361328125 177.63177490234375 462.16510009765625 197.82003784179688 4.255594 1.6416289 1.7103447 -13.896263 1.3275762 60.018925 0.3957798480987549 0.36998504400253296
Car 0.0 0 -2.5201261043548584 47.750614166259766 191.98135375976562 134.2091522216797 219.20555114746094 3.8082573 1.4984605 1.5883232 -29.057957 2.1085763 40.95539 -3.1372013092041016 0.23981574177742004
