Pedestrian 0.0 0 1.7795188426971436 450.3218078613281 173.3185577392578 483.18499755859375 249.76060485839844 0.86669636 1.7422013 0.5914903 -3.1775181 1.5569488 16.808777 1.5926843881607056 0.803156852722168
Pedestrian 0.0 0 1.6344494819641113 857.8134155273438 173.7799530029297 925.2202758789062 304.8146057128906 0.8385927 1.686544 0.80369234 3.9204297 1.5885118 9.794386 2.0151913166046143 0.774872362613678
Pedestrian 0.0 0 -1.3845194578170776 508.0810546875 181.9862823486328 533.249755859375 232.47940063476562 0.93798125 1.584499 0.6415992 -2.609304 1.6015204 23.039606 -1.497291922569275 0.7708635330200195
Pedestrian 0.0 0 1.834871530532837 204.1298065185547 184.7882843017578 277.68817138671875 312.3480529785156 0.8800274 1.6620425 0.7019377 -4.981888 1.710911 9.884393 1.3680166006088257 0.7229248285293579
Pedestrian 0.0 0 1.8965644836425781 607.3742065429688 176.93917846679688 629.5462646484375 217.9957275390625 0.9572243 1.7576654 0.6980248 0.73328817 1.56338 31.31905 1.9199737310409546 0.623234212398529
Pedestrian 0.0 0 2.0658457279205322 470.3196105957031 184.42791748046875 499.2818603515625 233.7344512939453 0.832523 1.6872475 0.6890919 -4.1005626 1.7928638 25.144453 1.904188632965088 0.5439533591270447
Pedestrian 0.0 0 1.3382173776626587 621.984619140625 175.4422149658203 635.1697387695312 205.60934448242188 0.84429973 1.7660795 0.60052955 1.6057193 1.4122119 42.523296 1.375960350036621 0.5156270861625671
Pedestrian 0.0 0 -2.488553524017334 384.39813232421875 190.26058959960938 427.1203918457031 255.82492065429688 0.75513536 1.5541676 0.67652446 -4.8245873 1.7756059 17.602083 -2.756075143814087 0.49356913566589355
Pedestrian 0.0 0 1.7624261379241943 303.8952941894531 134.73280334472656 335.5646057128906 209.9376678466797 0.7888935 1.8512238 0.606771 -7.1317706 0.7012035 18.122875 1.3875157833099365 0.4128487706184387
Pedestrian 0.0 0 -1.0720524787902832 567.9329833984375 177.31484985351562 595.139892578125 217.80157470703125 1.0514597 1.735638 0.7839175 -0.87942284 1.5571898 31.43823 -1.1000182628631592 0.34434279799461365
Pedestrian 0.0 0 -1.5514357089996338 439.3182678222656 175.34292602539062 462.478271484375 232.27976989746094 1.1545058 1.6767818 0.6679174 -4.5831065 1.4965869 21.78175 -1.75882089138031 0.3426240384578705
Pedestrian 0.0 0 0.8791019320487976 651.5161743164062 183.44598388671875 670.13330078125 211.0343475341797 1.1091498 1.6621064 0.55515146 3.636307 1.7836349 43.97434 0.9616057872772217 0.3343978524208069
Pedestrian 0.0 0 0.3922620713710785 343.98828125 149.8308563232422 431.2282409667969 280.85003662109375 1.0088248 1.7987756 0.6877105 -3.079677 1.3653085 10.252179 0.10044527053833008 0.3205163776874542
Pedestrian 0.0 0 -3.760467052459717 1120.4815673828125 63.4343376159668 1238.0 263.4209289550781 0.8188966 1.7453586 0.6252926 5.3573084 0.716338 6.6042356 -3.0789382457733154 0.2635081708431244
Pedestrian 0.0 0 -2.194535732269287 638.1451416015625 178.74688720703125 652.158203125 201.10940551757812 0.8201911 1.6520042 0.6950896 3.278609 1.4492095 53.595806 -2.133439064025879 0.26181599497795105
Pedestrian 0.0 0 -0.057750388979911804 742.3524780273438 139.23019409179688 833.2841796875 283.70684814453125 1.1030705 1.7902927 0.41703832 2.323775 1.2678416 9.207346 0.189469575881958 0.25828051567077637
Cyclist 0.0 0 -1.3790819644927979 0.0 197.44752502441406 81.27342987060547 374.0 1.6830345 1.6690298 0.6327935 -6.178422 1.8617374 7.7249355 -2.0537023544311523 0.3721824586391449
Cyclist 0.0 0 -1.5584566593170166 438.64288330078125 173.6984100341797 461.5003967285156 233.0168914794922 1.1200342 1.7403 0.65841496 -4.5914636 1.5125467 21.685547 -1.7671043872833252 0.2813994884490967
Cyclist 0.0 0 -2.1680829524993896 651.553955078125 182.3948974609375 669.93701171875 209.7480926513672 1.1331373 1.6498317 0.5853943 3.633214 1.7061783 44.002766 -2.0857019424438477 0.20133720338344574
Cyclist 0.0 0 -0.41339752078056335 566.7694091796875 176.7495880126953 596.5411987304688 217.99313354492188 1.0663513 1.772698 0.8132821 -0.88339424 1.5694847 31.467756 -0.4414631426334381 0.13010065257549286
Cyclist 0.0 0 -1.39591646194458 508.5290832519531 181.9680938720703 532.96826171875 233.20428466796875 0.960895 1.6108093 0.6250558 -2.612049 1.6272703 23.088877 -1.5085676908493042 0.1181226298213005
Car 0.0 0 -1.6405404806137085 543.9808349609375 185.60360717773438 582.016845703125 217.7784881591797 3.5937946 1.4657531 1.598409 -1.9305823 1.6778004 35.082844 -1.6955143213272095 0.31597083806991577
Car 0.0 0 -1.7321950197219849 684.5201416015625 132.80812072753906 807.4468994140625 242.13128662109375 4.551226 1.9366719 1.7415812 2.7881677 1.075363 15.017129 -1.5486195087432861 0.26814088225364685
