Pedestrian 0.0 0 -2.418532133102417 672.8148193359375 177.65354919433594 695.14306640625 218.55174255371094 0.616274 1.7071931 0.7304722 3.107345 1.9149462 30.701603 -2.317664384841919 0.2674485743045807
Pedestrian 0.0 0 0.961480438709259 660.3512573242188 171.6951446533203 683.836181640625 205.07302856445312 1.0764139 1.6465083 0.6803258 3.07526 1.5897006 36.22642 1.0461673736572266 0.19475668668746948
Cyclist 0.0 0 -1.883847951889038 789.4873046875 160.60964965820312 833.803466796875 230.68389892578125 1.9288648 1.8402215 0.6071604 5.4915586 1.5190305 19.92244 -1.6148804426193237 0.7487465739250183
Cyclist 0.0 0 -2.2326316833496094 844.5929565429688 177.22650146484375 886.5095825195312 225.9592742919922 1.7110338 1.630299 0.4100709 8.849091 1.7885073 25.16901 -1.8945438861846924 0.1571265608072281
Cyclist 0.0 0 -2.3405041694641113 764.9259033203125 173.0832061767578 791.8627319335938 202.7695770263672 1.6697911 1.700602 0.51586765 9.802687 1.7146331 42.192528 -2.1122217178344727 0.1559000462293625
Car 0.0 0 -1.6500394344329834 581.1373901367188 180.84983825683594 653.5746459960938 245.8392791748047 4.114135 1.5804874 1.6743243 0.058485266 1.8279383 20.17977 -1.6471412181854248 0.8784666657447815
Car 0.0 0 1.6707723140716553 499.65338134765625 167.04721069335938 548.7335205078125 206.73233032226562 4.4611006 1.660841 1.7528714 -3.8217378 1.4181826 32.43934 1.553501009941101 0.4061599373817444
Car 0.0 0 -2.5725011825561523 0.0 144.6780242919922 368.0101318359375 278.78778076171875 3.937881 1.475721 1.5905191 -5.2429886 1.1660353 8.793723 -3.1101362705230713 0.3168879449367523
Car 0.0 0 1.4568754434585571 927.7380981445312 165.17335510253906 969.9605102539062 193.29164123535156 3.6483917 1.4079862 1.6054009 17.804838 1.0237452 38.11197 1.8939173221588135 0.2974342703819275
Car 0.0 0 -1.7039377689361572 477.8514099121094 175.84381103515625 536.957763671875 219.6765594482422 4.0266304 1.4958404 1.6590117 -3.9640727 1.6173842 27.079468 -1.8492920398712158 0.21584564447402954
Car 0.0 0 1.6827837228775024 508.6717224121094 178.0074920654297 538.7530517578125 201.73391723632812 3.6659665 1.4698769 1.5613583 -5.6535697 1.821462 47.334167 1.5639073848724365 0.18957115709781647
Car 0.0 0 1.520554542541504 111.18681335449219 200.0506134033203 150.74388122558594 227.5577392578125 3.8983657 1.4569095 1.8345317 -29.608206 3.2144141 44.502754 0.933490514755249 0.18007080256938934
Car 0.0 0 2.219081163406372 78.29344940185547 189.1934814453125 179.0854034423828 225.8039093017578 4.098896 1.4515618 1.640777 -21.63074 2.237085 32.573074 1.6328797340393066 0.16101741790771484
