Pedestrian 0.0 0 -1.9332611560821533 712.2249145507812 168.11021423339844 736.1904907226562 205.815185546875 1.698926 1.7973198 0.5907207 5.534146 1.571551 35.283524 -1.7776808738708496 0.13283629715442657
Cyclist 0.0 0 -1.9332611560821533 712.2249145507812 168.11021423339844 736.1904907226562 205.815185546875 1.698926 1.7973198 0.5907207 5.534146 1.571551 35.283524 -1.7776808738708496 0.31392738223075867
Cyclist 0.0 0 -1.8886902332305908 715.6826782226562 181.377197265625 744.6376953125 227.48568725585938 1.8614694 1.7515799 0.58029026 4.724788 2.102714 28.728075 -1.725683569908142 0.3084806501865387
Car 0.0 0 -1.7628575563430786 721.197021484375 184.9850616455078 875.8909912109375 304.64031982421875 3.71077 1.5064652 1.6043577 2.7118056 1.7294654 11.351957 -1.5283676385879517 0.9420397877693176
Car 0.0 0 1.6645623445510864 518.4143676757812 180.47215270996094 570.6297607421875 223.24362182617188 3.9446163 1.5236323 1.682272 -2.5469577 1.8445243 28.380068 1.5750575065612793 0.9239163398742676
Car 0.0 0 1.3819113969802856 655.0904541015625 181.9097900390625 725.4149780273438 233.14422607421875 3.7405734 1.5353779 1.654765 2.5634477 1.8642079 24.236101 1.4872894287109375 0.8994086384773254
Car 0.0 0 1.4933217763900757 555.5841674804688 179.77333068847656 585.60498046875 207.0216522216797 3.6235466 1.5495775 1.5402936 -2.465515 1.9890811 43.89248 1.4372090101242065 0.7901948094367981
Car 0.0 0 2.452861785888672 0.0 184.781005859375 309.7281494140625 375.0 3.8274596 1.4955026 1.5744435 -2.6674223 1.5666797 2.3435187 1.6029140949249268 0.562857449054718
Car 0.0 0 -1.5336216688156128 646.4762573242188 178.43179321289062 673.6325073242188 204.254638671875 3.6177962 1.4825802 1.5251807 3.059947 1.8385174 44.11499 -1.4643696546554565 0.5240064263343811
Car 0.0 0 1.3409298658370972 656.7672729492188 176.90890502929688 712.8472290039062 213.3614501953125 3.741105 1.4270765 1.5429813 3.067053 1.6105951 30.634369 1.4407154321670532 0.43869760632514954
