Pedestrian 0.0 0 -2.2931251525878906 963.1180419921875 133.96690368652344 997.9688110351562 183.92066955566406 1.0847846 1.9594889 0.6986877 14.7963505 0.43445966 28.912144 -1.8201063871383667 0.2771889269351959
Pedestrian 0.0 0 2.556753635406494 829.231689453125 138.436767578125 861.9393920898438 201.09140014648438 0.73712486 1.8256354 0.5558021 6.933566 0.8231416 21.387995 2.870244026184082 0.24316254258155823
Pedestrian 0.0 0 0.25367793440818787 139.40245056152344 201.5164794921875 265.9095458984375 375.0 0.79158694 1.7404987 0.6095785 -3.414584 1.9953995 6.007761 -0.26315346360206604 0.23178288340568542
Pedestrian 0.0 0 1.5902459621429443 582.9924926757812 156.05233764648438 607.005615234375 217.95298767089844 0.53229874 1.7436988 0.67636365 -0.47094703 1.2707655 20.589788 1.5673770904541016 0.14843083918094635
Pedestrian 0.0 0 2.285709857940674 813.900634765625 137.04788208007812 844.9578247070312 192.81517028808594 0.84579366 1.8634708 0.60736245 7.4334483 0.6673634 24.589912 2.5792722702026367 0.11221235990524292
Pedestrian 0.0 0 -0.6223006248474121 971.30029296875 149.3426513671875 1014.0850219726562 216.62472534179688 0.86330724 1.8351738 0.5967226 10.571594 1.1942405 20.032192 -0.13671571016311646 0.1094428151845932
Cyclist 0.0 0 2.5629396438598633 812.28759765625 137.91278076171875 852.4409790039062 191.24403381347656 1.1713954 1.78192 0.59496063 7.519634 0.6148114 24.553957 2.8601198196411133 0.1296786069869995
Cyclist 0.0 0 -1.7184596061706543 1057.9595947265625 184.9955291748047 1182.364990234375 375.0 1.550694 1.7016438 0.53099346 3.7720778 1.8084749 5.5112743 -1.118260383605957 0.12481769919395447
Cyclist 0.0 0 -2.321711778640747 964.0790405273438 135.51417541503906 998.3515625 185.40383911132812 1.0396069 1.9590269 0.6999405 14.831288 0.49315485 28.92574 -1.8479268550872803 0.11894601583480835
Car 0.0 0 -1.8240177631378174 832.9985961914062 155.7035369873047 1019.6886596679688 279.1105041503906 3.9252594 1.5459615 1.6126579 4.544577 1.3314695 11.089873 -1.4350959062576294 0.9166992902755737
Car 0.0 0 -1.5894458293914795 1139.3243408203125 195.7798614501953 1242.0 375.0 3.719334 1.4636315 1.5795072 5.2297745 1.7009954 5.548744 -0.8336321115493774 0.1540822684764862
Car 0.0 0 1.0932612419128418 831.2509765625 162.18276977539062 922.5150756835938 202.45736694335938 4.0809193 1.4227177 1.5568868 10.048503 1.0461099 27.609276 1.4423127174377441 0.104453906416893
