Cyclist 0.0 0 2.8777246475219727 369.3219909667969 142.89862060546875 418.3212585449219 197.18080139160156 1.5594132 1.866259 0.5792634 -7.668089 0.8367301 25.461954 2.585205078125 0.2916741669178009
Cyclist 0.0 0 -2.5916738510131836 1079.892333984375 117.58645629882812 1242.0 271.51416015625 1.806872 1.7971413 0.6165508 7.1435366 1.1522379 9.375158 -1.9405595064163208 0.25479647517204285
Car 0.0 0 1.197708010673523 791.4094848632812 184.4520721435547 1158.5904541015625 375.0 3.8437107 1.5035179 1.659057 2.942879 1.6461632 6.9034576 1.6006712913513184 0.9333541393280029
Car 0.0 0 3.299790620803833 377.68145751953125 176.8050537109375 525.5678100585938 229.27345275878906 4.1723204 1.5124649 1.6343424 -4.7517447 1.6376944 21.868994 3.08583402633667 0.8855332732200623
Car 0.0 0 -1.6451311111450195 712.8279418945312 169.55992126464844 769.1828002929688 221.35345458984375 3.9530168 1.6575557 1.6220983 4.43994 1.5524932 25.136637 -1.4703022241592407 0.8798844218254089
Car 0.0 0 1.716144323348999 544.14013671875 166.16770935058594 607.5416259765625 219.8032684326172 4.1694374 1.7551349 1.6714247 -1.1765738 1.5366952 25.76594 1.670512080192566 0.7495110630989075
Car 0.0 0 1.5217357873916626 596.7384643554688 174.95513916015625 632.0878295898438 207.036865234375 3.4719954 1.4272635 1.4919925 0.12788776 1.5320698 34.096893 1.5254864692687988 0.4930436909198761
Car 0.0 0 -1.538287878036499 603.5930786132812 171.65380859375 634.7672729492188 199.72630310058594 3.9195693 1.4923487 1.6184683 0.51969504 1.4289042 40.34909 -1.5254086256027222 0.32603052258491516
Car 0.0 0 -1.482701301574707 644.35302734375 170.95164489746094 667.7128295898438 189.92507934570312 3.6889489 1.4487581 1.5259732 3.6412642 1.3038572 57.030537 -1.4189401865005493 0.3188324570655823
Car 0.0 0 -0.21159744262695312 841.9854736328125 169.3639678955078 1037.7510986328125 235.39529418945312 4.1033444 1.5072496 1.6528152 7.8763046 1.4279432 17.69794 0.2071247100830078 0.31412699818611145
Car 0.0 0 1.7915644645690918 613.8894653320312 169.1890411376953 653.2335205078125 194.4028778076172 4.014302 1.5154823 1.642372 1.5016432 1.2955568 45.514435 1.82454514503479 0.2591780126094818
