Pedestrian 0.0 0 0.7834375500679016 0.0 184.7794952392578 20.28944206237793 222.93943786621094 0.87584955 1.8730346 0.64052856 -30.150581 2.4742193 35.992794 0.08613729476928711 0.4010695815086365
Cyclist 0.0 0 2.0977602005004883 131.58383178710938 183.74183654785156 155.9088134765625 210.89646911621094 1.559594 1.6161898 0.54749656 -28.691868 2.2980475 44.36852 1.5237281322479248 0.3955540359020233
Car 0.0 0 2.3492281436920166 125.5839614868164 186.9105224609375 230.08004760742188 224.94796752929688 3.8930247 1.4465778 1.5778021 -18.518105 2.0924187 31.052206 1.811493992805481 0.8902393579483032
Car 0.0 0 2.7610983848571777 327.6556701660156 176.96865844726562 402.3598327636719 204.48965454101562 3.7643943 1.4945595 1.5569965 -14.10701 1.7421683 41.53932 2.433712959289551 0.6523586511611938
Car 0.0 0 2.5396053791046143 270.85888671875 181.34603881835938 344.1694030761719 205.5581817626953 4.190123 1.4401255 1.6238508 -19.52578 2.0155592 46.658592 2.143268585205078 0.5070710778236389
Car 0.0 0 2.118342876434326 16.005924224853516 192.77947998046875 86.71058654785156 222.09535217285156 3.4863496 1.5173014 1.6538485 -32.190105 2.7181294 41.64473 1.460302710533142 0.3966863751411438
Car 0.0 0 2.5774197578430176 918.7118530273438 170.20803833007812 976.0606079101562 190.00978088378906 3.5686235 1.4408326 1.5642825 24.96909 1.2486625 53.501167 3.014075756072998 0.384880393743515
Car 0.0 0 3.0890016555786133 469.5257263183594 176.8588104248047 527.3455810546875 197.64198303222656 4.058037 1.4572308 1.6056317 -8.122707 1.7543077 52.25422 2.9347898960113525 0.38139808177948
Car 0.0 0 -2.0077645778656006 801.4628295898438 171.3249969482422 837.15087890625 188.07345581054688 3.9609864 1.4862789 1.6108198 19.11314 1.35095 66.10874 -1.7263221740722656 0.3690180480480194
Car 0.0 0 -1.8798699378967285 832.61669921875 170.1876220703125 864.2662353515625 186.5375518798828 4.1035957 1.4748768 1.6198399 22.12557 1.2347078 67.14418 -1.5615524053573608 0.2922964096069336
