Pedestrian 0.0 0 2.8558967113494873 726.4727172851562 137.2186279296875 829.9730224609375 299.75018310546875 1.0409119 1.81977 0.606346 1.9505621 1.3368603 8.241905 3.088284969329834 0.7215719819068909
Pedestrian 0.0 0 0.7148044109344482 53.26185607910156 189.0995330810547 98.27631378173828 253.5786895751953 0.7948339 1.8150338 0.6683993 -15.264595 2.0686407 20.35596 0.07137799263000488 0.2500970959663391
Pedestrian 0.0 0 -3.339277982711792 837.9302368164062 171.99996948242188 874.7543334960938 240.9287872314453 0.76708645 1.7035474 0.61670053 6.2929296 1.4950693 17.828857 -2.9999659061431885 0.19656223058700562
Pedestrian 0.0 0 -3.300025701522827 955.9176635742188 138.00636291503906 1012.0852661132812 249.5331268310547 0.7160489 1.7640469 0.64964485 6.1594305 1.0935701 11.60182 -2.8119630813598633 0.1675960123538971
Pedestrian 0.0 0 -3.4092044830322266 1120.7357177734375 132.56153869628906 1203.8194580078125 244.22377014160156 0.93433845 1.7574216 0.6321633 9.069648 1.0045873 11.594956 -2.745408058166504 0.14878740906715393
Pedestrian 0.0 0 2.631392002105713 626.3027954101562 167.3247833251953 695.6422729492188 269.9807434082031 1.1133933 1.8067986 0.6033307 0.97980815 1.5765518 12.947503 2.706923484802246 0.13379508256912231
Pedestrian 0.0 0 -3.2155208587646484 771.5327758789062 122.83946990966797 824.1881713867188 231.31228637695312 0.82756895 1.8188103 0.72512126 3.291371 0.8536409 12.283877 -2.9537277221679688 0.12101537734270096
Pedestrian 0.0 0 -2.6177175045013428 1158.175537109375 159.06826782226562 1224.0 262.4919128417969 0.83212405 1.706093 0.5685535 10.102465 1.354203 12.147325 -1.923966646194458 0.11781476438045502
Pedestrian 0.0 0 3.5951459407806396 0.0 170.4509735107422 74.66390991210938 260.3666076660156 1.2352264 1.7535771 0.62808526 -11.5838175 1.559228 14.23063 2.9119229316711426 0.11262311041355133
Pedestrian 0.0 0 2.446289539337158 1108.7191162109375 198.66819763183594 1224.0 370.0 0.7642161 1.7063532 0.6533079 4.3670554 1.8537799 5.335725 3.132183074951172 0.11008217930793762
Cyclist 0.0 0 0.8347463011741638 0.0 172.55487060546875 71.38713073730469 263.3435363769531 1.6281108 1.7703252 0.6493463 -11.783892 1.617031 14.219232 0.1427314281463623 0.14422135055065155
Cyclist 0.0 0 0.6817836165428162 278.6447448730469 195.7998046875 357.4446105957031 263.7147216796875 1.9081584 1.688758 0.6704428 -7.521297 2.1024778 18.443361 0.2945668697357178 0.13113577663898468
Cyclist 0.0 0 2.653008222579956 622.5504760742188 171.2113800048828 694.7019653320312 274.1369934082031 1.1695656 1.8101873 0.6068533 0.9363969 1.6484691 12.944143 2.7252237796783447 0.10205140709877014
Car 0.0 0 2.442366600036621 0.0 188.51693725585938 124.29766845703125 241.8711700439453 4.3527546 1.5736227 1.7160422 -18.85231 1.8716942 23.845121 1.7733744382858276 0.185797318816185
Car 0.0 0 1.015444040298462 589.3276977539062 157.21339416503906 676.7803344726562 195.10902404785156 4.3880463 1.4989197 1.6650127 1.0882636 0.57934225 30.279448 1.0513691902160645 0.14303912222385406
Car 0.0 0 -1.6221342086791992 780.74609375 192.2452392578125 864.8796997070312 270.54949951171875 3.5666351 1.445143 1.5500878 4.6327577 1.7366997 15.534326 -1.33230459690094 0.13545602560043335
Car 0.0 0 -3.6908700466156006 1117.7489013671875 171.7989501953125 1224.0 229.4295196533203 3.682723 1.4435365 1.5800576 16.054867 1.2271866 18.775469 -2.9834237098693848 0.12380720674991608
Car 0.0 0 1.041858196258545 572.7794799804688 172.2288818359375 621.0186157226562 193.68499755859375 4.046138 1.4459287 1.5624462 -0.6116057 0.8898536 49.77953 1.0295724868774414 0.11654229462146759
Car 0.0 0 1.7101771831512451 0.0 173.40562438964844 23.664709091186523 214.72055053710938 4.289273 1.4223433 1.6345624 -23.234386 1.1796379 26.578796 0.9918174743652344 0.11131983995437622
