Pedestrian 0.0 0 -1.6918842792510986 762.0814819335938 151.5893096923828 781.3558959960938 199.45774841308594 0.65441376 1.8201879 0.648834 6.1817613 1.01196 27.790909 -1.473009467124939 0.3761644661426544
Pedestrian 0.0 0 1.2481565475463867 665.8624267578125 147.66253662109375 691.576904296875 191.95433044433594 1.6449354 1.7764664 0.56140524 2.7838058 0.7664389 29.801636 1.3412973880767822 0.1063842698931694
Pedestrian 0.0 0 1.9724316596984863 411.2364196777344 155.45541381835938 440.804443359375 200.76071166992188 1.6541469 1.7714803 0.5539013 -7.4390874 1.0915375 29.069405 1.721900463104248 0.10543717443943024
Cyclist 0.0 0 2.1734070777893066 411.75665283203125 157.13987731933594 447.7887268066406 201.70089721679688 1.688971 1.7429419 0.5519768 -7.295791 1.1286643 29.106886 1.927811861038208 0.3636872470378876
Cyclist 0.0 0 1.2481565475463867 665.8624267578125 147.66253662109375 691.576904296875 191.95433044433594 1.6449354 1.7764664 0.56140524 2.7838058 0.7664389 29.801636 1.3412973880767822 0.3569948673248291
Car 0.0 0 2.092801809310913 0.0 181.8806915283203 355.93597412109375 375.0 3.7523584 1.5654764 1.534913 -3.5399296 1.6635267 5.917133 1.5536694526672363 0.9011824131011963
Car 0.0 0 1.7922914028167725 378.5058288574219 186.6800994873047 484.4396667480469 260.5635681152344 4.22365 1.534286 1.6453152 -4.322645 1.9184068 17.900259 1.555342674255371 0.892730176448822
Car 0.0 0 -1.9565024375915527 721.1384887695312 154.74240112304688 930.7946166992188 283.38262939453125 4.192051 1.6732719 1.676701 3.122193 1.4380454 11.565051 -1.692820429801941 0.8577660322189331
Car 0.0 0 1.867497444152832 252.19337463378906 179.09170532226562 441.1599426269531 314.6328125 3.6656353 1.6047329 1.5515918 -3.668849 1.7125905 10.571613 1.5334556102752686 0.8249167203903198
Car 0.0 0 -2.0938265323638916 852.1746215820312 176.0002899169922 1242.0 375.0 3.941597 1.545005 1.6252946 3.2880223 1.5784332 5.6044073 -1.563254952430725 0.8149905204772949
Car 0.0 0 1.7616677284240723 480.3822021484375 177.3147430419922 525.3402709960938 209.75640869140625 3.838401 1.588414 1.6326681 -5.593677 1.8346522 37.81572 1.614813208580017 0.6072949767112732
Car 0.0 0 -1.5426051616668701 609.782470703125 174.5559844970703 629.0361938476562 192.0528106689453 3.7985976 1.4872262 1.5935649 0.8337648 1.6422446 63.633896 -1.529503345489502 0.3564711809158325
