Pedestrian 0.0 0 -2.4840734004974365 597.5675659179688 169.1530303955078 620.3216552734375 209.13351440429688 0.84819233 1.7894747 0.59325254 -0.08814799 1.624182 32.785904 -2.486762046813965 0.4059247076511383
Pedestrian 0.0 0 0.7818853855133057 0.0 110.9104232788086 87.94312286376953 287.4205322265625 0.7489278 1.7865474 0.6442126 -6.207701 1.1599432 7.658429 0.10073184967041016 0.23458898067474365
Pedestrian 0.0 0 -2.977457284927368 567.136474609375 192.0867156982422 598.8902587890625 223.64450073242188 1.7445725 1.7813504 0.7071604 -1.5905783 2.9068487 41.747757 -3.0155386924743652 0.12403544038534164
Cyclist 0.0 0 2.928471088409424 346.1581726074219 174.1226806640625 379.67510986328125 204.98483276367188 1.8117845 1.8222967 0.64801824 -14.894684 1.9002964 43.408627 2.5979321002960205 0.35647544264793396
Cyclist 0.0 0 -2.977457284927368 567.136474609375 192.0867156982422 598.8902587890625 223.64450073242188 1.7445725 1.7813504 0.7071604 -1.5905783 2.9068487 41.747757 -3.0155386924743652 0.27006685733795166
Cyclist 0.0 0 2.0991835594177246 0.0 109.65589141845703 87.47025299072266 286.1885986328125 0.8420877 1.7680835 0.62371683 -6.204172 1.1354737 7.68698 1.420127511024475 0.12397575378417969
Cyclist 0.0 0 -1.9261982440948486 598.9154052734375 169.5253448486328 618.0045166015625 208.85691833496094 0.8982143 1.7578793 0.59011656 -0.113974124 1.6094673 32.769688 -1.9296762943267822 0.11984207481145859
Car 0.0 0 1.7974140644073486 267.048583984375 192.3354034423828 393.8360595703125 288.6202392578125 3.7851162 1.567563 1.5473932 -5.505851 2.0136292 14.525227 1.435093641281128 0.9369701147079468
Car 0.0 0 1.9326863288879395 0.0 194.17247009277344 283.0731506347656 375.0 3.859687 1.5125601 1.6158676 -4.939531 1.8049932 7.830492 1.3699219226837158 0.9104446172714233
Car 0.0 0 1.6777348518371582 411.6794738769531 190.32012939453125 452.4157409667969 226.03076171875 3.3815064 1.4967976 1.4991893 -8.3144045 2.3572817 33.753605 1.4362167119979858 0.9056771397590637
Car 0.0 0 2.7110800743103027 372.7979736328125 185.26312255859375 429.66644287109375 206.22927856445312 3.9179873 1.502454 1.5972277 -16.150408 2.4952528 55.81887 2.4294352531433105 0.4509790539741516
Car 0.0 0 1.0876727104187012 546.4442138671875 185.72096252441406 586.40478515625 205.05059814453125 4.0609274 1.5045414 1.6872189 -3.756255 2.6355498 61.226727 1.0263996124267578 0.2816345691680908
Car 0.0 0 1.3844691514968872 561.166259765625 181.6199493408203 593.7015991210938 204.6760711669922 4.0831122 1.5372133 1.6034399 -2.412548 2.1948404 51.92668 1.33804190158844 0.23355574905872345
Car 0.0 0 2.9092066287994385 317.8602600097656 180.5273895263672 381.4832763671875 206.0807342529297 3.3394046 1.4490023 1.5181766 -15.677566 1.9273231 43.39152 2.5624964237213135 0.21608446538448334
