Car 0.0 0 1.7986869812011719 427.6155700683594 188.28102111816406 487.2522888183594 229.68402099609375 3.9035442 1.5229148 1.5809702 -6.2994976 2.2062156 29.971474 1.5915193557739258 0.9282175898551941
Car 0.0 0 2.259751558303833 0.0 213.5011444091797 206.32598876953125 375.0 3.5874553 1.4956441 1.5565182 -6.0356603 2.0190034 7.479764 1.5807981491088867 0.8964016437530518
Car 0.0 0 -1.7080239057540894 647.9087524414062 175.48403930664062 694.7756958007812 212.50485229492188 4.130683 1.6030442 1.6135399 2.7559426 1.7337363 33.64695 -1.6262986660003662 0.8748596906661987
Car 0.0 0 -1.0609221458435059 158.15460205078125 197.16641235351562 231.31092834472656 231.4944610595703 3.6518166 1.5249839 1.630722 -20.944298 2.8166327 36.484882 -1.5820451974868774 0.8381282687187195
Car 0.0 0 -0.9991127252578735 67.3503189086914 202.39016723632812 154.12954711914062 236.4295196533203 4.2649784 1.4993212 1.6853803 -25.982986 3.1306803 37.68258 -1.6027721166610718 0.8107709288597107
Car 0.0 0 1.7821375131607056 456.6737365722656 185.9593048095703 505.7486267089844 219.32827758789062 3.9189818 1.4776893 1.5898926 -6.308793 2.158893 35.496082 1.6062421798706055 0.7840234041213989
Car 0.0 0 -0.9416949152946472 114.78618621826172 198.57623291015625 197.64910888671875 231.44003295898438 3.9275074 1.4710239 1.6454554 -23.491936 2.87896 37.465572 -1.5017507076263428 0.727662980556488
Car 0.0 0 -1.8157742023468018 815.0527954101562 162.75927734375 851.154296875 183.9920196533203 4.7179556 1.6622353 1.7136564 18.124577 0.87231237 58.885357 -1.5171821117401123 0.6141445636749268
Car 0.0 0 -2.2861545085906982 997.0341186523438 177.95950317382812 1242.0 375.0 4.0814385 1.5274522 1.6516612 2.7967687 1.5592537 2.29035 -1.4015339612960815 0.5175297856330872
Car 0.0 0 1.8951996564865112 486.79888916015625 179.26153564453125 536.3714599609375 208.37789916992188 4.322977 1.6351417 1.6921396 -5.940801 2.044792 43.804646 1.760401725769043 0.5088738799095154
