Car 0.0 0 3.5244553089141846 52.1368408203125 166.68446350097656 301.2884521484375 259.0256652832031 3.8265748 1.6608964 1.6626749 -8.319105 1.5502857 14.084299 2.9909279346466064 0.879498302936554
Car 0.0 0 -1.8200701475143433 457.086181640625 178.07257080078125 498.25048828125 203.84881591796875 4.2212033 1.5629495 1.6345822 -8.682087 1.9190265 46.921387 -2.003035545349121 0.8700270056724548
Car 0.0 0 3.7105355262756348 0.0 186.39671325683594 218.6787109375 320.4847106933594 3.8743227 1.4542007 1.6038742 -7.344683 1.643405 9.043154 3.0284106731414795 0.857295036315918
Car 0.0 0 -0.5908781886100769 852.6607055664062 189.55648803710938 1242.0 350.65069580078125 3.7317035 1.4726598 1.588573 4.6573787 1.6704484 7.6504993 -0.04403664171695709 0.8361690640449524
Car 0.0 0 3.618534564971924 0.0 175.36331176757812 242.66468811035156 276.0953674316406 3.5792918 1.4837698 1.5668378 -8.1917095 1.528331 11.691861 3.0073835849761963 0.7839392423629761
Car 0.0 0 -3.557929039001465 784.3109741210938 187.0938720703125 1112.9561767578125 307.2634582519531 3.8050468 1.5008374 1.6052192 4.460704 1.7147211 10.008489 -3.1386632919311523 0.7669860124588013
Car 0.0 0 -2.325958490371704 1049.2464599609375 182.24044799804688 1126.917236328125 210.40322875976562 3.8317454 1.534807 1.648696 28.166843 2.1170797 42.700462 -1.74283766746521 0.6866874098777771
Car 0.0 0 1.6263160705566406 323.55035400390625 165.4571533203125 371.25494384765625 205.2195281982422 4.1529036 1.547595 1.6540604 -10.998706 1.2600594 30.307035 1.2781873941421509 0.601654052734375
Car 0.0 0 3.190229654312134 303.1060791015625 172.68588256835938 389.6248474121094 202.26687622070312 4.2256827 1.5103825 1.6795523 -13.937748 1.5021567 38.266224 2.8409335613250732 0.5790225863456726
Car 0.0 0 3.2767128944396973 214.93458557128906 162.2088165283203 354.0534973144531 219.80213928222656 3.7860966 1.7005519 1.6782591 -10.132024 1.3865907 22.640596 2.855926752090454 0.5637277960777283
Car 0.0 0 0.4204835593700409 150.6989288330078 167.94065856933594 343.3298034667969 241.7019500732422 3.6324222 1.615042 1.6299098 -8.326772 1.5078197 16.686846 -0.042365435510873795 0.5375553369522095
