Pedestrian 0.0 0 1.6233203411102295 354.80084228515625 176.54808044433594 377.6449890136719 232.59869384765625 1.1469642 1.8974074 0.6974623 -8.533747 2.0298731 25.154285 1.2962487936019897 0.6641128063201904
Pedestrian 0.0 0 0.1536092460155487 811.9945068359375 191.62623596191406 873.5718383789062 361.61932373046875 0.51521695 1.6395385 0.6524426 2.3576088 1.8444474 7.452788 0.4599878787994385 0.19292016327381134
Pedestrian 0.0 0 1.8497910499572754 181.98162841796875 203.59153747558594 209.95596313476562 256.6495666503906 0.8913683 1.738021 0.6109902 -14.2242565 2.8133504 24.725174 1.3277355432510376 0.16897131502628326
Pedestrian 0.0 0 1.5922950506210327 269.1372375488281 185.3207550048828 291.9049377441406 246.48626708984375 0.8555253 1.7842011 0.6084644 -9.979374 2.1695724 21.767233 1.1624293327331543 0.13565289974212646
Pedestrian 0.0 0 -1.2460193634033203 0.0 200.27035522460938 35.97541427612305 285.7637939453125 0.92400384 1.8379328 0.60608864 -13.640979 2.4819055 16.39554 -1.9399662017822266 0.13360048830509186
Pedestrian 0.0 0 -1.2832297086715698 417.05413818359375 176.3294219970703 431.3912658691406 206.6231231689453 0.6811333 1.869575 0.7015058 -11.605996 2.0882053 44.960476 -1.5358526706695557 0.12696607410907745
Pedestrian 0.0 0 -1.886954426765442 1201.9300537109375 113.47015380859375 1242.0 192.76025390625 1.2998463 1.8013134 0.5324523 14.550614 0.45258883 17.091492 -1.1816848516464233 0.12086211144924164
Cyclist 0.0 0 -1.0461552143096924 429.809814453125 177.31602478027344 449.2601013183594 203.69546508789062 1.6393948 1.720332 0.51389694 -11.409263 2.024099 48.201786 -1.2785756587982178 0.1401139348745346
Cyclist 0.0 0 -1.7638540267944336 1205.2156982421875 119.58794403076172 1242.0 198.1482391357422 1.5141838 1.7793906 0.5108339 14.579615 0.5732723 17.12519 -1.0585739612579346 0.13856810331344604
Cyclist 0.0 0 1.8280035257339478 182.61489868164062 201.52650451660156 211.39193725585938 254.70423889160156 0.93764883 1.7420242 0.6406469 -14.200977 2.7472332 24.748013 1.3070542812347412 0.1014164462685585
Car 0.0 0 1.7262870073318481 488.2100830078125 175.77218627929688 524.71435546875 202.62100219726562 4.345406 1.6251981 1.6682338 -6.6256447 1.8217813 46.331417 1.5842446088790894 0.28462210297584534
Car 0.0 0 -1.466964840888977 643.7159423828125 174.43487548828125 673.8668212890625 198.873779296875 3.4752982 1.4414662 1.5108265 3.018931 1.5436573 44.634533 -1.3994309902191162 0.2364836037158966
Car 0.0 0 2.6711034774780273 707.7708129882812 170.24102783203125 770.4414672851562 192.15261840820312 3.847682 1.4331352 1.5833906 8.64073 1.2625898 48.505226 2.8473944664001465 0.14154364168643951
Car 0.0 0 -0.7525476217269897 780.0265502929688 185.8265380859375 898.4441528320312 232.95718383789062 3.9800944 1.5066118 1.5896026 8.0713625 1.993907 25.505344 -0.44606128334999084 0.1347009688615799
Car 0.0 0 -1.3054677248001099 246.71170043945312 164.1956024169922 357.6949462890625 233.62326049804688 3.9163265 1.5526174 1.5863848 -7.6474643 1.3593467 18.179054 -1.7036689519882202 0.13051997125148773
Car 0.0 0 1.0242063999176025 817.2357788085938 157.6494140625 876.1043701171875 181.57217407226562 4.077466 1.4215728 1.5977304 14.668987 0.51842177 45.041237 1.339052438735962 0.1303408145904541
Car 0.0 0 1.6231939792633057 298.41412353515625 179.7405548095703 334.5609436035156 206.65078735351562 4.152414 1.430529 1.7230234 -16.960993 1.850764 41.745956 1.2372764348983765 0.1202620342373848
