Pedestrian 0.0 0 2.089404582977295 345.8052062988281 135.87112426757812 436.27850341796875 292.87335205078125 0.96220225 1.836436 0.6944809 -2.756362 1.4042096 8.982481 1.7916662693023682 0.41874775290489197
Pedestrian 0.0 0 1.6844743490219116 192.7161865234375 155.5190887451172 211.18267822265625 203.7090301513672 0.7036466 2.0374358 0.61468256 -17.538443 1.3048861 30.947348 1.1688859462738037 0.2299496978521347
Pedestrian 0.0 0 -3.1029391288757324 965.1650390625 158.4540557861328 981.212646484375 195.7791748046875 0.71407473 1.9003221 0.6775931 18.691309 1.1675401 37.2018 -2.6373491287231445 0.20782169699668884
Pedestrian 0.0 0 -0.19796699285507202 1198.51904296875 167.83038330078125 1237.447265625 206.8896484375 1.2973957 1.8111368 0.67322534 28.647549 1.5785553 34.061146 0.5013153553009033 0.14344912767410278
Cyclist 0.0 0 -0.19796699285507202 1198.51904296875 167.83038330078125 1237.447265625 206.8896484375 1.2973957 1.8111368 0.67322534 28.647549 1.5785553 34.061146 0.5013153553009033 0.12486937642097473
Car 0.0 0 -0.32217535376548767 856.2904052734375 182.26483154296875 1152.4783935546875 275.9881896972656 4.2768254 1.4732158 1.6648382 6.6719127 1.654891 12.735782 0.1603865623474121 0.9356551766395569
Car 0.0 0 -0.44857925176620483 0.0 176.47198486328125 65.68396759033203 201.57574462890625 3.9300287 1.5558574 1.578612 -38.458427 1.8047026 47.439312 -1.1298027038574219 0.35562363266944885
Car 0.0 0 2.125096321105957 143.68426513671875 181.0355682373047 198.71336364746094 203.325927734375 3.8421602 1.469647 1.5241278 -30.91947 2.0691876 50.912098 1.5793185234069824 0.2561390697956085
Car 0.0 0 -2.5668575763702393 182.73989868164062 169.7664794921875 247.86724853515625 191.0227813720703 3.6741128 1.4451883 1.6114286 -27.348093 1.2356288 49.9933 -3.0674216747283936 0.23379021883010864
Car 0.0 0 1.429907202720642 377.180419921875 176.2125701904297 404.6261901855469 195.67271423339844 3.7689586 1.4974699 1.6032826 -17.74591 1.778613 58.27314 1.1342997550964355 0.18172672390937805
Car 0.0 0 -0.4754902422428131 310.17352294921875 182.29147338867188 379.1371765136719 206.93017578125 4.112882 1.5528568 1.6418205 -18.051584 2.2228904 49.127415 -0.827620267868042 0.16545429825782776
Car 0.0 0 1.2149888277053833 567.7951049804688 178.0526123046875 603.52978515625 196.8302764892578 4.0455976 1.4374795 1.5857546 -2.0398376 1.8757727 58.60799 1.180198073387146 0.1570856124162674
