Pedestrian 0.0 0 1.4972056150436401 780.1842651367188 179.06272888183594 805.0110473632812 246.25732421875 0.7110721 1.7021106 0.5724159 4.6898146 1.8672466 18.74751 1.7423317432403564 0.3279266357421875
Pedestrian 0.0 0 2.836789608001709 794.4452514648438 152.57479858398438 817.5084228515625 193.90150451660156 0.88297254 1.8958185 0.62712646 9.036064 0.96588993 33.42833 3.1007919311523438 0.20160014927387238
Pedestrian 0.0 0 -1.454538345336914 0.0 185.84275817871094 14.969756126403809 223.2049560546875 0.64660156 1.9035146 0.68954855 -31.483929 2.5879166 37.53696 -2.1524617671966553 0.1336820125579834
Pedestrian 0.0 0 1.7360889911651611 173.4837188720703 172.80809020996094 186.67376708984375 200.89857482910156 0.88136303 1.910431 0.6435175 -29.577974 1.9076657 49.59652 1.1983413696289062 0.12871618568897247
Pedestrian 0.0 0 -0.19200260937213898 651.1304321289062 174.0865020751953 658.5031127929688 195.26148986816406 0.48283073 1.7589874 0.73979867 3.7258117 1.8631656 60.379173 -0.13037385046482086 0.12641699612140656
Cyclist 0.0 0 -1.9366557598114014 1168.4862060546875 124.03461456298828 1242.0 246.71923828125 1.7427349 1.7100291 0.5267341 9.109348 1.029922 10.964121 -1.243395209312439 0.256019651889801
Cyclist 0.0 0 -2.1447248458862305 1078.924072265625 164.97845458984375 1141.394287109375 230.81544494628906 1.8514754 1.6676136 0.42455676 13.2260275 1.4684888 19.204927 -1.5416373014450073 0.2164759784936905
Cyclist 0.0 0 1.5212211608886719 807.5136108398438 164.79232788085938 819.1961669921875 199.4373016357422 1.7321352 1.6899208 0.47422048 10.127055 1.2970444 36.089684 1.7947936058044434 0.12083421647548676
Car 0.0 0 1.7029759883880615 511.9801330566406 179.28872680664062 541.1761474609375 200.82998657226562 4.5247746 1.6014277 1.7222652 -6.601726 2.1329024 57.275467 1.5882196426391602 0.3318667411804199
Car 0.0 0 1.5985366106033325 440.9172058105469 184.83407592773438 458.64801025390625 201.8722686767578 3.874346 1.500337 1.5376316 -15.195329 2.6714404 68.46138 1.3801225423812866 0.26139432191848755
Car 0.0 0 -1.7578723430633545 639.860595703125 173.79498291015625 667.395263671875 192.54042053222656 4.107556 1.5551667 1.6285108 3.7031715 1.6394538 62.213398 -1.6984187364578247 0.2558811902999878
