Pedestrian 0.0 0 -2.6142239570617676 667.3351440429688 165.30943298339844 683.816650390625 194.15174865722656 0.8091286 1.8303223 0.704367 4.1778483 1.351905 46.30715 -2.524247169494629 0.4217018485069275
Pedestrian 0.0 0 -3.2985212802886963 873.2045288085938 157.09495544433594 891.6964111328125 196.87164306640625 0.74372643 1.9118049 0.6755279 13.204525 1.154729 35.082664 -2.9385385513305664 0.2724170386791229
Car 0.0 0 1.8763164281845093 343.1676025390625 178.4130401611328 450.7660827636719 248.79197692871094 3.380862 1.5283502 1.5708221 -5.1343975 1.6778185 17.643484 1.593129277229309 0.9299682974815369
Car 0.0 0 -1.8579214811325073 734.759765625 178.19618225097656 896.0781860351562 281.59063720703125 4.160266 1.5343084 1.616701 3.427342 1.6466955 13.025079 -1.6006200313568115 0.9145654439926147
Car 0.0 0 -2.004840135574341 820.7755737304688 175.0851287841797 1150.99462890625 373.2012023925781 3.4888914 1.5488733 1.5716486 3.4151525 1.577598 7.424307 -1.5737046003341675 0.9135808348655701
Car 0.0 0 -1.7928791046142578 713.2103271484375 176.24636840820312 807.3880615234375 241.33192443847656 3.6332364 1.4941239 1.5849607 3.7069318 1.5905228 18.588535 -1.596040964126587 0.9119399189949036
Car 0.0 0 1.8209118843078613 403.0148010253906 176.37548828125 488.1548156738281 231.11753845214844 4.013649 1.518601 1.615119 -5.012248 1.6377325 22.304003 1.5998600721359253 0.8797972202301025
Car 0.0 0 0.6231604814529419 470.1742248535156 176.57012939453125 520.9732666015625 196.43017578125 3.5823884 1.4536992 1.5522807 -8.732223 1.7443764 54.869514 0.46533870697021484 0.4058583080768585
Car 0.0 0 -2.7945637702941895 0.0 0.0 1242.0 375.0 4.140039 1.6576961 1.6487049 3.7451637 1.378708 1.7783699 -1.6670887470245361 0.342989444732666
Car 0.0 0 -1.445108413696289 617.84521484375 172.8587646484375 640.760009765625 189.5618438720703 4.123445 1.4863448 1.6044152 1.786582 1.4871542 66.365135 -1.4181944131851196 0.27946820855140686
