Pedestrian 0.0 0 -2.5917935371398926 446.8525695800781 173.3905029296875 464.3664855957031 203.5582275390625 0.84242916 1.7936379 0.5953931 -8.974724 1.3723066 42.454536 -2.8001224994659424 0.46681106090545654
Pedestrian 0.0 0 -1.202616572380066 170.0409393310547 157.01358032226562 189.39556884765625 189.7698211669922 0.8581486 1.9714258 0.7522755 -25.886572 0.5592648 43.036106 -1.744144320487976 0.381936639547348
Pedestrian 0.0 0 3.0398101806640625 560.914306640625 168.1788330078125 575.1376953125 197.77076721191406 0.82531184 1.8226864 0.59380734 -2.3017647 1.0651295 43.90179 2.9874281883239746 0.3559809923171997
Pedestrian 0.0 0 -1.4834630489349365 941.2721557617188 128.3193817138672 966.0355834960938 189.41722106933594 0.9773939 1.8180021 0.5973689 10.629051 0.26690063 21.606428 -1.0262846946716309 0.3554505407810211
Pedestrian 0.0 0 -0.04979880154132843 500.50018310546875 171.88003540039062 512.669921875 199.3751983642578 0.7167487 1.6947651 0.6638984 -6.126447 1.1647954 43.969734 -0.18824078142642975 0.2975654900074005
Cyclist 0.0 0 -3.1941027641296387 646.7239379882812 164.86373901367188 678.6543579101562 194.77183532714844 1.9060012 1.8051213 0.5898263 3.4962704 0.8627472 42.99148 -3.1129565238952637 0.7405465841293335
Cyclist 0.0 0 -0.09039908647537231 592.0481567382812 166.33877563476562 621.9840087890625 194.36805725097656 1.8951153 1.8037333 0.6060998 0.12535502 0.8937681 45.87973 -0.0876668393611908 0.6736507415771484
Cyclist 0.0 0 -1.201879858970642 382.2173767089844 178.3567657470703 403.6072692871094 211.73907470703125 1.6991706 1.6026003 0.4268131 -10.443502 1.5011522 34.80221 -1.4934115409851074 0.6526033878326416
Cyclist 0.0 0 3.1805553436279297 84.1659927368164 151.9586944580078 127.97555541992188 189.30465698242188 1.8044195 1.8645922 0.5913561 -25.422567 0.44102526 36.03531 2.5661540031433105 0.3376118540763855
Cyclist 0.0 0 -1.4924654960632324 941.6805419921875 131.33688354492188 966.2533569335938 193.0894775390625 1.008256 1.8376421 0.59847873 10.646465 0.37620273 21.62174 -1.034919261932373 0.19955208897590637
Car 0.0 0 -1.5145131349563599 515.1826171875 175.80955505371094 548.0299682617188 204.36878967285156 3.4279099 1.4550525 1.5570105 -3.8915553 1.217504 37.766396 -1.617193579673767 0.8031282424926758
Car 0.0 0 2.5988311767578125 936.7631225585938 140.802978515625 1081.7933349609375 186.44410705566406 3.983385 1.4824032 1.6101513 13.514663 0.1946069 23.817507 3.1149544715881348 0.7957863211631775
Car 0.0 0 -0.4270201027393341 882.4378662109375 154.88922119140625 944.6047973632812 174.5702362060547 4.056179 1.4715722 1.6328315 23.637688 -0.46065533 54.222443 -0.015920456498861313 0.3849679231643677
Car 0.0 0 -2.3640081882476807 681.4234619140625 162.86553955078125 738.6326904296875 184.3474578857422 4.4072504 1.5810115 1.7128152 8.027508 0.28443736 54.3068 -2.2172532081604004 0.2877085506916046
