Pedestrian 0.0 0 2.8385238647460938 727.358642578125 151.0783233642578 825.05615234375 322.59661865234375 0.87524605 1.7605096 0.6059891 1.7690794 1.4602101 7.586877 3.0676069259643555 0.7427389025688171
Pedestrian 0.0 0 1.674788236618042 61.9181022644043 184.88809204101562 93.44099426269531 249.46456909179688 0.7497566 1.8108754 0.65579826 -15.225325 1.9419864 20.378736 1.0331339836120605 0.23344455659389496
Pedestrian 0.0 0 -3.2205569744110107 1124.8226318359375 142.53643798828125 1195.9356689453125 253.75326538085938 0.866039 1.7429044 0.62991875 9.0266695 1.1496254 11.576728 -2.5583014488220215 0.22047166526317596
Pedestrian 0.0 0 0.09830552339553833 836.8567504882812 173.80783081054688 873.77099609375 242.54074096679688 0.824967 1.6918478 0.5962862 6.2840805 1.5287188 17.843594 0.4369173049926758 0.18050816655158997
Pedestrian 0.0 0 2.7755815982818604 637.1415405273438 169.26580810546875 692.21630859375 270.6553649902344 0.82917327 1.7959971 0.6402211 1.0418763 1.5986398 12.9435425 2.8559024333953857 0.14515404403209686
Pedestrian 0.0 0 0.18924099206924438 558.71875 161.685791015625 613.4285888671875 253.31918334960938 1.0725778 1.8769884 0.49713823 -0.43156862 1.493229 14.808871 0.16010665893554688 0.14042779803276062
Pedestrian 0.0 0 0.8871278762817383 3.3835623264312744 173.0624542236328 70.08235168457031 263.0359802246094 0.81853753 1.7617058 0.68630505 -11.494872 1.6177078 14.259727 0.20867395401000977 0.11921659857034683
Pedestrian 0.0 0 -2.804622173309326 1153.4979248046875 164.42726135253906 1224.0 267.7458801269531 0.91509473 1.6973727 0.60789883 10.071211 1.434973 12.159565 -2.112889051437378 0.1118343323469162
Pedestrian 0.0 0 -0.0005776733160018921 711.5367431640625 147.45399475097656 753.7318115234375 221.02197265625 1.0421438 1.8372867 0.61738276 3.2178793 1.0135906 18.047964 0.17586421966552734 0.10564792156219482
Cyclist 0.0 0 1.9738390445709229 202.58009338378906 146.9693145751953 270.80859375 240.9243927001953 1.7385564 1.7505577 0.5694147 -7.324444 1.1274558 14.057326 1.4935005903244019 0.1519993394613266
Cyclist 0.0 0 -3.3959505558013916 997.7442626953125 144.4888153076172 1130.5692138671875 257.4758605957031 1.7464659 1.7780902 0.58638376 7.486016 1.2130345 11.671928 -2.825666666030884 0.1302216798067093
Car 0.0 0 1.797345519065857 0.0 185.2110137939453 29.551671981811523 221.0045623779297 4.084164 1.4080586 1.5967202 -26.418587 1.6276813 30.560265 1.084507703781128 0.17958226799964905
Car 0.0 0 3.7619547843933105 0.0 193.24887084960938 123.16874694824219 236.38055419921875 3.9653442 1.4575672 1.5859331 -19.80802 1.9310031 25.288 3.0974817276000977 0.1498420238494873
Car 0.0 0 1.5096768140792847 596.146728515625 158.59097290039062 639.4097900390625 194.6350555419922 4.2345695 1.4651448 1.6177357 0.47440994 0.57606214 30.887709 1.525034785270691 0.11891979724168777
Car 0.0 0 -1.9543620347976685 725.5850219726562 157.1472930908203 765.5817260742188 177.78329467773438 4.471022 1.6132369 1.6724392 11.538922 -0.23164985 58.24248 -1.758776068687439 0.10754258185625076
