Car 0.0 0 -1.6917548179626465 672.7229614257812 177.95553588867188 742.0301513671875 235.1058349609375 3.6275601 1.550226 1.6185697 2.7968023 1.7169913 21.713615 -1.563655972480774 0.9408149123191833
Car 0.0 0 -1.8655143976211548 740.5888061523438 178.0581512451172 969.0692749023438 327.27838134765625 4.0051827 1.55377 1.6886538 2.9062178 1.6382408 9.654706 -1.5731260776519775 0.9176473617553711
Car 0.0 0 -1.7067601680755615 647.9682006835938 173.59046936035156 694.5087890625 210.34732055664062 3.783241 1.5568672 1.5822061 2.6648445 1.5924419 32.56778 -1.6251174211502075 0.8625021576881409
Car 0.0 0 0.4221010208129883 296.3478088378906 176.4254608154297 466.88995361328125 232.27725219726562 4.2829576 1.4795886 1.6380194 -6.409999 1.5857465 20.309727 0.11638331413269043 0.8461768627166748
Car 0.0 0 -2.6161720752716064 92.3765869140625 172.91587829589844 374.7868957519531 274.23046875 4.047797 1.6212536 1.6592785 -6.419262 1.6227612 12.47466 -3.091418743133545 0.8326042890548706
Car 0.0 0 -2.2071714401245117 867.0838623046875 193.50172424316406 1242.0 375.0 3.4989614 1.4676175 1.5083508 2.8804207 1.6396565 4.2201734 -1.608262538909912 0.8091604113578796
Car 0.0 0 3.347810745239258 358.0364990234375 169.06764221191406 490.9809875488281 220.99488830566406 4.214012 1.7372842 1.7237557 -6.407599 1.6109657 25.090456 3.0977749824523926 0.7931579947471619
Car 0.0 0 0.7338510751724243 0.0 191.5367431640625 332.4487609863281 315.99755859375 4.131777 1.4838834 1.6413195 -6.297614 1.7768083 10.124045 0.17737936973571777 0.6514124870300293
Car 0.0 0 0.7293392419815063 0.0 144.74423217773438 212.6739044189453 308.68402099609375 3.5594702 1.6027982 1.598392 -6.6233068 1.3283341 7.907425 0.03208470344543457 0.6393604278564453
Car 0.0 0 0.8604922890663147 0.0 209.87472534179688 166.58966064453125 375.0 3.9210064 1.4840355 1.6176817 -5.927233 1.817141 5.585518 0.04542136192321777 0.5835049152374268
Car 0.0 0 -1.504502296447754 642.0248413085938 172.33993530273438 669.0780029296875 195.52041625976562 3.5926316 1.47334 1.5538753 3.0148342 1.4410238 47.739372 -1.4414341449737549 0.5316409468650818
