Pedestrian 0.0 0 2.309116840362549 201.71774291992188 173.06124877929688 240.56051635742188 243.87759399414062 0.58952856 1.7402085 0.6232133 -9.794422 1.7458673 18.09098 1.8129016160964966 0.2671707570552826
Pedestrian 0.0 0 0.002044588327407837 878.4323120117188 225.17640686035156 944.0641479492188 317.4000549316406 1.2615123 1.8172203 0.5680319 6.323447 2.963236 15.291667 0.3941535949707031 0.2258545458316803
Pedestrian 0.0 0 0.218124121427536 0.0 204.8787078857422 25.82482147216797 256.3581237792969 0.83668864 1.8898923 0.7534296 -23.070827 3.1417706 27.668104 -0.47691425681114197 0.2255454957485199
Pedestrian 0.0 0 2.8203248977661133 782.086669921875 140.6167449951172 830.282470703125 221.84596252441406 0.8692318 1.7771354 0.6796531 4.330908 1.0722053 16.148037 3.0823585987091064 0.15876609086990356
Pedestrian 0.0 0 0.08526355028152466 813.1434326171875 145.23876953125 857.4065551757812 240.7246856689453 0.7811868 1.8224939 0.66528356 4.3955636 1.295773 14.223877 0.3849813938140869 0.151681050658226
Pedestrian 0.0 0 -2.950195550918579 1061.1029052734375 155.59495544433594 1135.255126953125 320.8016357421875 0.62949383 1.9145086 0.71835613 5.927014 1.7148587 8.835474 -2.359323024749756 0.1476811319589615
Cyclist 0.0 0 0.002044588327407837 878.4323120117188 225.17640686035156 944.0641479492188 317.4000549316406 1.2615123 1.8172203 0.5680319 6.323447 2.963236 15.291667 0.3941535949707031 0.29182493686676025
Cyclist 0.0 0 -1.5981935262680054 791.1656494140625 143.78746032714844 821.7703857421875 227.7708740234375 1.5656962 1.7751108 0.60856223 4.3115435 1.1611055 16.08013 -1.3362267017364502 0.1663014143705368
Car 0.0 0 1.7151033878326416 455.6438293457031 179.0526123046875 493.89080810546875 207.37037658691406 3.9919708 1.5246183 1.6193879 -7.807769 1.9011619 41.759243 1.530266523361206 0.8946225047111511
Car 0.0 0 1.2734087705612183 617.5833740234375 182.2853240966797 657.3331298828125 206.53111267089844 3.7635713 1.4308661 1.496673 1.6801085 2.0608408 46.15461 1.3097944259643555 0.2800944745540619
Car 0.0 0 2.0167202949523926 214.3283233642578 187.4608612060547 273.4477233886719 214.89849853515625 4.081716 1.5353713 1.6626068 -22.592709 2.480868 44.62525 1.5480643510818481 0.24270017445087433
Car 0.0 0 0.9754563570022583 95.53209686279297 186.75198364257812 165.71588134765625 213.66812133789062 3.6381204 1.4273587 1.5590699 -27.359148 2.2471144 41.127262 0.38844799995422363 0.2056756317615509
Car 0.0 0 1.0031934976577759 283.251953125 185.74546813964844 322.38580322265625 204.09689331054688 3.4740562 1.507368 1.5199004 -26.909136 2.6644592 63.131557 0.600273847579956 0.1948612779378891
Car 0.0 0 1.90049147605896 423.2900390625 177.90411376953125 457.26934814453125 197.2294158935547 3.8955584 1.5394481 1.6019661 -14.221506 1.9777153 60.54651 1.669787883758545 0.14665968716144562
Car 0.0 0 1.5609924793243408 444.47296142578125 175.3538055419922 462.9242858886719 192.40225219726562 3.9924245 1.5171217 1.625136 -14.54389 1.7568305 66.95645 1.3471009731292725 0.13659878075122833
