Pedestrian 0.0 0 -2.804849863052368 690.3712158203125 168.6403045654297 704.0026245117188 190.2300567626953 0.9428655 1.7347945 0.62608194 7.0413165 1.3965696 58.463554 -2.684987783432007 0.15383633971214294
Cyclist 0.0 0 1.1789369583129883 1126.881103515625 121.087158203125 1242.0 375.0 1.8094606 1.7460828 0.55866677 4.3062496 1.4448951 5.1471195 1.8756194114685059 0.4727170467376709
Car 0.0 0 1.8400001525878906 403.3581848144531 181.5702667236328 442.84063720703125 203.41619873046875 4.4409614 1.5100441 1.7365817 -13.926205 2.188412 53.88899 1.5871089696884155 0.8569090366363525
Car 0.0 0 1.1259279251098633 1164.799072265625 176.90164184570312 1242.0 375.0 3.713857 1.4672847 1.5552472 4.516947 1.5011517 3.9575524 1.9772396087646484 0.26100409030914307
Car 0.0 0 1.2761342525482178 611.23828125 174.1365966796875 647.994384765625 195.33468627929688 4.2982993 1.5707585 1.6702591 1.4507115 1.6748035 56.033848 1.302018404006958 0.23935849964618683
Car 0.0 0 1.6761554479599 507.5777893066406 176.26756286621094 537.7282104492188 200.1948699951172 4.377843 1.6155113 1.6885474 -6.222321 1.870142 51.542854 1.5560154914855957 0.2319394201040268
Car 0.0 0 1.0246949195861816 673.9370727539062 167.13990783691406 724.322265625 190.31324768066406 4.2499995 1.6141052 1.6705414 6.4065447 1.2164555 52.535286 1.1460431814193726 0.1820371448993683
Car 0.0 0 2.0132198333740234 516.814697265625 178.2119903564453 553.7904663085938 196.58364868164062 4.015668 1.48642 1.5841875 -6.3775506 1.9616597 61.790768 1.9103718996047974 0.17924104630947113
Car 0.0 0 1.5288264751434326 187.05453491210938 184.36398315429688 212.94737243652344 205.90953063964844 3.984725 1.5603696 1.596992 -32.223705 2.4976997 56.621803 1.0114343166351318 0.1691030114889145
Car 0.0 0 0.5495829582214355 1097.1851806640625 186.9938201904297 1179.5496826171875 212.80197143554688 4.0168467 1.5203159 1.7406889 34.36581 2.4863985 47.088505 1.1800388097763062 0.15195332467556
