Pedestrian 0.0 0 2.875216245651245 685.2467651367188 137.83743286132812 785.5752563476562 291.4476013183594 1.0747237 1.8086143 0.6623306 1.53629 1.3079853 8.6987705 3.0500235557556152 0.6105735898017883
Pedestrian 0.0 0 2.65755558013916 678.5513916015625 163.23028564453125 727.0347290039062 251.5136260986328 0.7756638 1.7555596 0.6377342 1.9571315 1.4137714 14.487519 2.7918336391448975 0.2154483199119568
Pedestrian 0.0 0 -3.105933666229248 837.561767578125 172.56137084960938 872.1976318359375 242.0087432861328 0.80465204 1.7112992 0.6091424 6.2756557 1.5172751 17.848341 -2.767825126647949 0.20982730388641357
Pedestrian 0.0 0 0.7632663249969482 49.65108108520508 186.83493041992188 97.62787628173828 251.789306640625 0.8413347 1.8231316 0.7166668 -15.301801 2.0104768 20.324722 0.11793327331542969 0.1597358137369156
Pedestrian 0.0 0 -3.2941231727600098 816.667724609375 185.26504516601562 867.5661010742188 277.1795654296875 0.8655497 1.7622358 0.6313103 4.631926 1.8606553 13.974059 -2.9740540981292725 0.15448607504367828
Pedestrian 0.0 0 3.5668652057647705 247.86126708984375 166.32032775878906 303.24444580078125 258.5995178222656 0.7873649 1.7389476 0.61083126 -6.383466 1.4733757 13.629362 3.128847360610962 0.13613878190517426
Pedestrian 0.0 0 0.011889666318893433 770.2803955078125 137.99217224121094 820.0529174804688 245.2256622314453 0.8131672 1.7982275 0.696001 3.2627528 1.0870516 12.29594 0.27126431465148926 0.12339681386947632
Pedestrian 0.0 0 2.938648223876953 634.747314453125 170.6538543701172 690.0230712890625 272.556640625 0.8915969 1.8078619 0.65029037 0.9947116 1.6348243 12.917439 3.0155019760131836 0.12042086571455002
Pedestrian 0.0 0 3.7478115558624268 0.0 169.10296630859375 65.78709411621094 261.3489685058594 0.8770901 1.8100009 0.6575358 -11.585039 1.5880053 14.229919 3.0645124912261963 0.11200978606939316
Pedestrian 0.0 0 -0.5792911052703857 1111.9454345703125 197.15835571289062 1224.0 370.0 0.7457924 1.7339809 0.6720629 4.3679338 1.8699723 5.3202987 0.10812067985534668 0.11111009865999222
Pedestrian 0.0 0 -0.3572537302970886 1120.20166015625 143.3460235595703 1199.802001953125 253.2079620361328 0.8727674 1.7394084 0.5970212 9.044694 1.1528171 11.605204 0.3047778606414795 0.10930846631526947
Pedestrian 0.0 0 -0.009335391223430634 535.2050170898438 148.946533203125 585.3731079101562 221.45834350585938 1.2352687 1.7839729 0.5864485 -1.1609771 1.0092756 17.72873 -0.07472765445709229 0.10788951069116592
Pedestrian 0.0 0 -3.2568788528442383 957.4550170898438 133.10438537597656 1014.6790771484375 245.67037963867188 0.75667495 1.7807956 0.6345608 6.199366 1.032652 11.614356 -2.7665836811065674 0.10668708384037018
Cyclist 0.0 0 -1.8430802822113037 852.9839477539062 149.0883331298828 916.30126953125 261.21844482421875 1.5691519 1.7418061 0.57116276 4.58246 1.2555214 11.787036 -1.4722912311553955 0.1144750639796257
Car 0.0 0 1.7748658657073975 0.0 168.8692169189453 49.716941833496094 203.75360107421875 4.2091217 1.4569287 1.6113834 -26.439672 0.9726589 31.760637 1.080639362335205 0.26010480523109436
Car 0.0 0 1.2081303596496582 582.1860961914062 170.12664794921875 653.7095947265625 206.6994171142578 4.307157 1.4566305 1.643294 0.44878435 1.0449747 30.460268 1.222862720489502 0.1596226841211319
Car 0.0 0 -1.5911109447479248 783.0925903320312 187.64903259277344 865.0630493164062 264.80279541015625 3.6436443 1.4713275 1.5567822 4.7947235 1.6526587 15.80676 -1.2965985536575317 0.10892752557992935
Car 0.0 0 1.9783029556274414 0.0 177.5802764892578 12.897500038146973 208.6025848388672 4.217747 1.4383084 1.6589718 -31.372196 1.3043935 35.039505 1.2480696439743042 0.10799229145050049
