Pedestrian 0.0 0 0.8141642808914185 844.2427978515625 172.8521728515625 892.3319091796875 255.27305603027344 0.84276193 1.7853172 0.59542817 5.716972 1.7856352 16.132223 1.1547377109527588 0.48133599758148193
Pedestrian 0.0 0 1.1571530103683472 954.8763427734375 151.58282470703125 1003.0848999023438 227.37460327148438 0.9252908 1.7648019 0.7142521 8.772732 1.2698636 17.280115 1.6269240379333496 0.19418491423130035
Pedestrian 0.0 0 1.2976925373077393 813.8511962890625 168.95713806152344 842.1763305664062 214.00042724609375 1.7142948 1.7230896 0.62670386 8.541205 1.5743767 28.461788 1.5892353057861328 0.19184251129627228
Pedestrian 0.0 0 0.18870007991790771 737.7178344726562 164.66595458984375 753.0791625976562 194.3336639404297 0.87255603 1.8577176 0.51715493 8.522228 1.3453612 45.578106 0.3735463619232178 0.1716257780790329
Cyclist 0.0 0 1.269667148590088 813.5427856445312 170.56698608398438 842.9202880859375 215.9961700439453 1.7160906 1.7399347 0.62594366 8.558794 1.6527004 28.493032 1.561474323272705 0.4860328435897827
Cyclist 0.0 0 -1.8182172775268555 676.9945678710938 175.27789306640625 694.3621215820312 204.20672607421875 2.0389395 1.7855448 0.61194813 4.7564297 1.9431753 45.76121 -1.714648962020874 0.38080304861068726
Cyclist 0.0 0 1.3153119087219238 672.1488037109375 179.19544982910156 683.367919921875 199.87017822265625 1.6939013 1.7033422 0.5296646 5.6867347 2.2463367 60.860607 1.4084800481796265 0.17872284352779388
Car 0.0 0 2.480173110961914 1067.598876953125 199.07977294921875 1167.7857666015625 231.17481994628906 3.9499493 1.507265 1.6380854 25.453518 2.8603075 36.29661 3.0917470455169678 0.3683190643787384
Car 0.0 0 1.9169912338256836 257.8464050292969 177.21853637695312 301.3448486328125 199.39292907714844 4.190274 1.5919348 1.6825799 -25.058447 1.9368675 54.80435 1.4881372451782227 0.3617490530014038
Car 0.0 0 2.0664174556732178 210.41273498535156 179.88241577148438 268.0830993652344 204.7154541015625 4.2545204 1.5682425 1.6534995 -25.085152 2.066066 48.922306 1.5926181077957153 0.3360624611377716
Car 0.0 0 1.0770140886306763 1010.9046020507812 171.5105438232422 1055.808349609375 189.61485290527344 4.0224357 1.5063763 1.613224 36.336433 1.3949513 62.07191 1.6066235303878784 0.18245060741901398
Car 0.0 0 -2.2342770099639893 689.3760375976562 173.67005920410156 730.69677734375 191.45932006835938 4.0005417 1.553411 1.5717738 8.998863 1.6300545 65.32324 -2.097379684448242 0.18230529129505157
