Pedestrian 0.0 0 1.8040989637374878 193.29823303222656 153.1723175048828 289.802490234375 339.1633605957031 0.9464881 1.6772699 0.6436417 -3.5269825 1.42319 7.0100718 1.3379498720169067 0.7969412207603455
Pedestrian 0.0 0 -1.9304507970809937 868.3728637695312 157.98370361328125 922.6419677734375 264.8865966796875 0.7433213 1.6966927 0.597217 4.765532 1.3247533 11.777288 -1.5459530353546143 0.7073752284049988
Pedestrian 0.0 0 0.15598583221435547 464.1465148925781 170.4415283203125 486.46893310546875 213.60684204101562 0.84551364 1.8226948 0.6749681 -5.3961725 1.3567153 30.67484 -0.018147744238376617 0.550460934638977
Pedestrian 0.0 0 1.8007309436798096 0.0 116.48519897460938 188.66734313964844 374.0 0.89963716 1.6131024 0.6255077 -2.4198084 1.3572483 3.375375 1.178752064704895 0.5493093729019165
Pedestrian 0.0 0 -2.2861573696136475 780.7105102539062 163.48890686035156 824.1063232421875 241.25927734375 0.71572715 1.8041992 0.69807416 4.7547483 1.3875657 17.135286 -2.01548433303833 0.5140308737754822
Pedestrian 0.0 0 -1.3537312746047974 733.8642578125 163.19915771484375 768.7474365234375 232.78118896484375 0.74138254 1.6714501 0.7014097 3.6713774 1.2330369 17.734398 -1.149594783782959 0.4292661249637604
Pedestrian 0.0 0 -2.999974489212036 578.7417602539062 172.38540649414062 594.9723510742188 202.7744903564453 0.85272497 1.7281542 0.61945486 -0.8331772 1.2106246 41.206474 -3.020191192626953 0.42923855781555176
Pedestrian 0.0 0 -3.149266242980957 661.2794799804688 170.14199829101562 680.888427734375 208.37066650390625 0.8935065 1.7481744 0.57165253 3.201694 1.2297113 33.17064 -3.053042411804199 0.3858795762062073
Pedestrian 0.0 0 -0.28196823596954346 702.937255859375 143.98391723632812 812.9601440429688 339.7042541503906 0.84835386 1.7219284 0.6440704 1.3820045 1.3932478 6.671213 -0.0776982232928276 0.36989057064056396
Pedestrian 0.0 0 -2.9367611408233643 955.4766845703125 110.76319122314453 1051.01611328125 271.54876708984375 0.895909 1.8043364 0.58997244 4.745788 1.0118803 8.574292 -2.4312422275543213 0.3450178802013397
Pedestrian 0.0 0 -1.133136510848999 770.2933349609375 172.7328338623047 822.4153442382812 266.4856262207031 0.7391297 1.8359563 0.7840846 3.9249132 1.6655201 14.599747 -0.8705114722251892 0.3169388771057129
Pedestrian 0.0 0 0.0018997564911842346 645.4303588867188 173.23883056640625 657.3194580078125 198.2344970703125 0.8265545 1.7410927 0.5982765 3.5149379 1.1662936 50.361515 0.07158088684082031 0.29952800273895264
Pedestrian 0.0 0 -2.3451039791107178 799.8922729492188 158.93946838378906 831.0128784179688 212.24114990234375 0.7543028 1.775098 0.6794101 7.2460084 1.0248508 24.412117 -2.0565669536590576 0.2900681495666504
Pedestrian 0.0 0 2.5001015663146973 815.1648559570312 160.51071166992188 872.1876220703125 220.88861083984375 1.6403611 1.8279142 0.6065481 7.488631 1.1935931 22.288725 2.824234962463379 0.23773270845413208
Cyclist 0.0 0 -1.1651647090911865 402.9804382324219 171.74044799804688 454.3290710449219 244.2631072998047 1.8935417 1.7676032 0.5883275 -4.448854 1.5309248 18.48827 -1.401306390762329 0.6416976451873779
Cyclist 0.0 0 1.6700427532196045 1143.0928955078125 143.78665161132812 1238.0 370.0577697753906 1.8601218 1.6396135 0.54172814 5.016015 1.3677349 6.048899 2.362362861633301 0.4505453407764435
Cyclist 0.0 0 2.5018696784973145 813.03564453125 161.642578125 873.7147827148438 221.7791290283203 1.7710931 1.8133161 0.6006401 7.456264 1.215671 22.218164 2.825652599334717 0.3958010673522949
Cyclist 0.0 0 1.8011679649353027 311.12164306640625 189.861328125 362.3668212890625 286.88861083984375 1.6976473 1.6716028 0.5267195 -4.947002 1.8390175 13.398311 1.4474692344665527 0.3557845950126648
Cyclist 0.0 0 -0.28196823596954346 702.937255859375 143.98391723632812 812.9601440429688 339.7042541503906 0.84835386 1.7219284 0.6440704 1.3820045 1.3932478 6.671213 -0.0776982232928276 0.21405577659606934
Cyclist 0.0 0 -1.6185306310653687 579.943603515625 173.1991729736328 592.1697387695312 202.51516723632812 1.0145427 1.6631668 0.65328884 -0.8875417 1.1930376 41.278934 -1.6400283575057983 0.16128598153591156
Cyclist 0.0 0 1.779937982559204 0.0 133.46365356445312 180.90773010253906 374.0 0.91328734 1.5690143 0.6334797 -2.400081 1.3871984 3.2841473 1.1488332748413086 0.12903936207294464
Car 0.0 0 1.5047475099563599 599.955078125 171.7675018310547 620.7594604492188 190.19493103027344 3.9433935 1.6270152 1.6331619 0.82040614 0.76811296 65.43398 1.5172847509384155 0.5552573204040527
Car 0.0 0 1.705042839050293 534.1793212890625 169.6052703857422 579.14990234375 205.70677185058594 4.3621554 1.7396655 1.7340273 -2.2369616 1.1673818 36.851566 1.644415259361267 0.5055068135261536
Car 0.0 0 2.4277889728546143 0.0 200.5915069580078 86.44743347167969 374.0 3.9361422 1.4799478 1.6212075 -8.161212 1.7501415 8.095783 1.6383662223815918 0.4150761365890503
