Pedestrian 0.0 0 -1.6847857236862183 708.5570068359375 177.7196502685547 724.7982788085938 211.6357879638672 0.5472769 1.721193 0.7654312 5.4276047 1.9728813 36.98182 -1.5390619039535522 0.1697504222393036
Pedestrian 0.0 0 -0.22600051760673523 974.43017578125 145.8068084716797 997.8089599609375 180.59329223632812 1.0256896 1.915381 0.6885356 20.907572 0.42649207 40.187855 0.25371241569519043 0.16095061600208282
Car 0.0 0 -0.9334119558334351 84.95364379882812 195.58177185058594 184.5488739013672 238.81390380859375 3.4304245 1.4856138 1.5310576 -18.631063 2.4357462 28.393883 -1.514108657836914 0.8658779263496399
Car 0.0 0 -1.1860814094543457 242.869140625 189.3602752685547 310.5871276855469 225.546630859375 3.5739014 1.481708 1.5879722 -15.2100115 2.279343 33.026344 -1.6176671981811523 0.5795541405677795
Car 0.0 0 2.110926866531372 107.32830047607422 180.5375213623047 213.901611328125 228.1956787109375 3.8895085 1.6230026 1.6327584 -16.813833 1.9334025 27.156233 1.5565440654754639 0.4759635925292969
Car 0.0 0 2.2293176651000977 0.0 186.19314575195312 133.44435119628906 241.8011016845703 3.9179301 1.4883244 1.5609933 -16.812382 1.9358852 22.219995 1.5815850496292114 0.2890642285346985
Car 0.0 0 -2.7519938945770264 384.0880126953125 188.03134155273438 479.5922546386719 222.48687744140625 3.8548548 1.4529841 1.5866882 -8.015659 2.1580682 32.43259 -2.9942867755889893 0.21412859857082367
Car 0.0 0 3.9144139289855957 0.0 182.85877990722656 95.98143005371094 336.8548889160156 4.000959 1.4399025 1.6076899 -8.166274 1.5598538 7.740324 3.1022439002990723 0.21142695844173431
Car 0.0 0 -0.4050040543079376 804.5169067382812 178.90428161621094 860.3814697265625 198.35296630859375 3.8332322 1.4697714 1.600494 17.262478 1.9493439 56.147106 -0.10672566294670105 0.21113942563533783
Car 0.0 0 1.8546085357666016 298.6828308105469 171.54661560058594 403.8513488769531 233.8360595703125 4.0311236 1.504204 1.5944856 -6.8836784 1.4729904 19.47834 1.5149065256118774 0.17792679369449615
Car 0.0 0 1.7708245515823364 868.549560546875 175.62905883789062 903.8513793945312 197.7705078125 4.1945333 1.5951636 1.7041254 20.970682 1.814728 54.765423 2.136519193649292 0.17104628682136536
Car 0.0 0 1.5259370803833008 0.0 181.0879669189453 37.224571228027344 210.58255004882812 3.8816679 1.4687388 1.5812445 -32.161083 1.9366462 38.998016 0.8363244533538818 0.16029216349124908
