Pedestrian 0.0 0 -1.8607069253921509 696.4091186523438 159.622314453125 751.7577514648438 274.842041015625 0.98833114 1.7360336 0.59933275 1.8774191 1.4077046 11.348548 -1.6967592239379883 0.8136366009712219
Pedestrian 0.0 0 -1.720792531967163 347.9053955078125 163.39743041992188 395.96563720703125 283.80145263671875 1.0193695 1.7230211 0.5403719 -3.5236294 1.4652823 10.853704 -2.034705638885498 0.6938145756721497
Pedestrian 0.0 0 -1.8578203916549683 740.2178955078125 165.04541015625 765.4065551757812 221.98704528808594 0.85920984 1.7218552 0.5373418 4.6376843 1.2254062 22.168974 -1.6515973806381226 0.5847374796867371
Pedestrian 0.0 0 -1.2486838102340698 479.0814514160156 169.82867431640625 506.57861328125 220.69137573242188 1.0934386 1.8156044 0.68391025 -3.9794254 1.400037 26.236286 -1.3992128372192383 0.5699965357780457
Pedestrian 0.0 0 -2.0642342567443848 636.1051025390625 165.64662170410156 700.8511962890625 282.1865234375 0.9709625 1.7226329 0.6132102 0.9857859 1.4896055 11.182506 -1.9763072729110718 0.4731017053127289
Pedestrian 0.0 0 0.7735314965248108 520.1918334960938 167.70156860351562 556.8480834960938 221.13182067871094 1.0895169 1.738149 0.6263743 -2.1256237 1.2903626 23.952862 0.6850214004516602 0.4236871004104614
Pedestrian 0.0 0 3.010619640350342 216.05056762695312 172.59449768066406 252.40283203125 259.2023620605469 0.6148397 1.788712 0.5852499 -7.8356185 1.6060239 15.248743 2.5359508991241455 0.41624122858047485
Pedestrian 0.0 0 0.21651452779769897 185.6758575439453 167.1144256591797 231.2242431640625 236.29896545410156 0.94401044 1.7682775 0.574488 -10.287134 1.4017764 18.765547 -0.2849400043487549 0.4134651720523834
Pedestrian 0.0 0 -2.6350364685058594 422.4994812011719 175.56764221191406 439.94140625 206.89781188964844 0.68776786 1.6687782 0.644624 -9.162748 1.3536348 38.662266 -2.8677377700805664 0.35445186495780945
Pedestrian 0.0 0 0.5285381078720093 721.0997314453125 155.32839965820312 755.7489624023438 209.59814453125 0.9729152 1.7695448 0.5849013 4.5424466 0.9172733 23.959667 0.7159016132354736 0.3230884075164795
Pedestrian 0.0 0 1.0852044820785522 761.4088745117188 149.16932678222656 797.4769287109375 219.61997985839844 0.84781885 1.8309267 0.6059443 4.7059484 0.9918645 19.150705 1.326162576675415 0.30851060152053833
Pedestrian 0.0 0 0.3411094546318054 811.6364135742188 158.42556762695312 855.597900390625 236.44473266601562 0.7927806 1.7497779 0.66086984 5.335009 1.2334912 16.611032 0.6518757343292236 0.29245081543922424
Pedestrian 0.0 0 -2.6178810596466064 664.2099609375 160.6990203857422 677.9214477539062 185.40394592285156 0.88163435 1.9367279 0.63214755 5.531409 0.30657992 56.824326 -2.5208444595336914 0.27766668796539307
Pedestrian 0.0 0 -2.126034736633301 687.54248046875 163.5836944580078 719.0010375976562 218.92930603027344 0.8925136 1.7337376 0.6201026 3.2333066 1.1736051 23.033161 -1.9865700006484985 0.2661648392677307
Pedestrian 0.0 0 2.253669261932373 150.65353393554688 165.5147705078125 186.57302856445312 217.0313720703125 0.92104965 1.8765931 0.7248553 -16.082464 1.2953455 26.67082 1.711047887802124 0.25339892506599426
Cyclist 0.0 0 1.7832497358322144 485.4349365234375 166.4707489013672 537.254150390625 257.2998352050781 1.7924256 1.8007436 0.7271457 -1.9086695 1.5040272 15.163308 1.658034086227417 0.8380489945411682
Cyclist 0.0 0 1.6304343938827515 563.093017578125 169.03536987304688 586.3851318359375 232.28457641601562 1.7634207 1.7956109 0.5892443 -0.80547583 1.4428904 21.278458 1.5925984382629395 0.8080127835273743
Cyclist 0.0 0 1.200679063796997 522.2777709960938 167.52098083496094 557.4879150390625 222.60595703125 1.5898933 1.775262 0.6366176 -2.095699 1.3258466 24.001482 1.1135845184326172 0.42288392782211304
Cyclist 0.0 0 0.44989705085754395 720.7379760742188 154.49691772460938 761.4811401367188 209.99118041992188 1.2101237 1.803524 0.5569988 4.624217 0.9270364 23.92774 0.640801191329956 0.3074440062046051
Cyclist 0.0 0 1.4394667148590088 678.397216796875 171.2205047607422 709.6824340820312 240.9946746826172 1.7476279 1.781457 0.59954613 2.4264514 1.5201818 19.213251 1.5650922060012817 0.26402920484542847
Cyclist 0.0 0 3.3654189109802246 179.60716247558594 163.1062469482422 229.58091735839844 233.59390258789062 1.0463607 1.7984377 0.54973876 -10.369543 1.3303137 18.73462 2.8598954677581787 0.13572099804878235
Car 0.0 0 3.793776512145996 0.0 213.50929260253906 124.0567626953125 374.0 3.7296708 1.443377 1.5757071 -6.64396 1.7721038 6.264515 2.978991746902466 0.3543241322040558
Car 0.0 0 1.4511668682098389 532.587158203125 172.54322814941406 565.5938110351562 196.6209259033203 4.2184863 1.5012985 1.6545738 -3.4614282 0.94355196 47.016006 1.377677083015442 0.3055225610733032
Car 0.0 0 -1.5443265438079834 365.6144714355469 177.9486846923828 406.8106994628906 214.98052978515625 4.0525947 1.5098598 1.6217896 -9.376301 1.366058 31.452785 -1.8340458869934082 0.30325251817703247
