Pedestrian 0.0 0 1.0318132638931274 733.69189453125 160.1627960205078 807.7525634765625 284.4874267578125 0.9230973 1.781549 0.71201944 2.4941943 1.4771051 10.839701 1.2579747438430786 0.7981163263320923
Pedestrian 0.0 0 -1.6564058065414429 508.113525390625 171.76576232910156 525.6423950195312 212.59060668945312 0.9615642 1.7852908 0.69304764 -3.7795208 1.360564 31.951393 -1.7741483449935913 0.6079227328300476
Pedestrian 0.0 0 -1.399214267730713 388.7502746582031 164.02569580078125 409.3164978027344 214.5452880859375 0.67014986 1.7286997 0.5829371 -7.0465164 1.131829 24.941126 -1.6745637655258179 0.530517578125
Pedestrian 0.0 0 0.09725584089756012 500.23236083984375 178.2790069580078 517.2544555664062 208.93666076660156 0.8413348 1.5858275 0.43229058 -4.8268394 1.4200737 37.383823 -0.03114948980510235 0.40177828073501587
Pedestrian 0.0 0 0.6694124937057495 563.8019409179688 168.58355712890625 582.053466796875 199.96087646484375 0.8523583 1.80131 0.63076437 -1.6555614 1.0605907 41.741478 0.6297709941864014 0.3781026601791382
Pedestrian 0.0 0 -2.855257511138916 529.5346069335938 168.68771362304688 544.6018676757812 198.4451446533203 0.7501529 1.7317247 0.5725055 -3.7737496 0.9868967 42.15484 -2.9445407390594482 0.36570170521736145
Pedestrian 0.0 0 1.706522822380066 454.8620300292969 163.56719970703125 475.9125671386719 217.9046173095703 0.8357894 1.8078992 0.59478265 -4.6265135 1.2123276 24.33047 1.5186131000518799 0.3491488993167877
Pedestrian 0.0 0 -1.3350939750671387 402.5162048339844 172.04725646972656 428.7828674316406 225.7737274169922 0.8281376 1.6464124 0.6196176 -5.82124 1.3578548 22.429934 -1.5890216827392578 0.3367824852466583
Pedestrian 0.0 0 1.4185881614685059 831.449951171875 127.13117980957031 880.7091064453125 235.04579162597656 0.8316307 1.8408272 0.70043796 4.453996 0.91467494 12.723886 1.7553075551986694 0.26558852195739746
Pedestrian 0.0 0 -2.1539993286132812 416.41815185546875 179.09376525878906 438.7364501953125 221.95205688476562 0.6623401 1.6662767 0.58914286 -6.884784 1.5737405 28.36661 -2.3921027183532715 0.24877147376537323
Pedestrian 0.0 0 -2.2178330421447754 581.4940795898438 168.81362915039062 598.0508422851562 199.5583038330078 0.83274454 1.772757 0.5812847 -0.6811419 1.0420384 41.924118 -2.2340786457061768 0.24503369629383087
Pedestrian 0.0 0 -3.0644004344940186 544.4207763671875 173.8885040283203 558.2462768554688 197.72398376464844 0.97333777 1.7393609 0.54351264 -3.655771 1.1845212 52.69247 -3.133668899536133 0.23215842247009277
Cyclist 0.0 0 -1.6507220268249512 779.0018920898438 154.60910034179688 815.996337890625 243.4489288330078 1.8525994 1.7412063 0.59177 4.043324 1.2154115 15.040952 -1.3881093263626099 0.35379713773727417
Cyclist 0.0 0 -1.4832792282104492 27.590126037597656 125.0587158203125 74.14732360839844 234.7663116455078 1.8100117 1.7281557 0.47495672 -9.368666 0.8403685 12.203749 -2.1380045413970947 0.2756677567958832
Cyclist 0.0 0 -2.826077461242676 381.16827392578125 166.12576293945312 413.83636474609375 218.9498291015625 0.94999456 1.8094683 0.6072959 -7.093919 1.2839012 24.925264 -3.103353500366211 0.11397875845432281
Car 0.0 0 1.8607964515686035 222.6569366455078 190.8678436279297 527.5309448242188 374.0 4.2190385 1.4462363 1.6774424 -1.9269658 1.5714204 7.3580794 1.6046640872955322 0.9340861439704895
Car 0.0 0 -1.1038625240325928 756.34228515625 182.430419921875 1238.0 374.0 3.3811255 1.4588554 1.5600264 2.7953622 1.4687457 4.9786596 -0.5922566652297974 0.2923402488231659
Car 0.0 0 -1.1712490320205688 569.4086303710938 175.50213623046875 609.0029907226562 198.078857421875 3.3915873 1.5050738 1.545472 -0.7989097 1.1059023 49.746834 -1.1873071193695068 0.26367613673210144
