Pedestrian 0.0 0 3.305649757385254 348.94549560546875 149.4892120361328 373.9008483886719 194.8601531982422 0.9229321 1.9167145 0.6090122 -10.665822 0.930017 30.85661 2.972848653793335 0.4366311728954315
Pedestrian 0.0 0 1.6815752983093262 71.94517517089844 149.6761474609375 102.76592254638672 215.9337615966797 0.820178 1.9036016 0.64970076 -15.426111 1.2380528 21.244335 1.053528070449829 0.36951544880867004
Cyclist 0.0 0 2.019312620162964 71.23353576660156 145.73556518554688 277.53277587890625 375.0 1.8137758 1.7330564 0.5246864 -3.0643473 1.572732 5.1982446 1.4866520166397095 0.8430572748184204
Cyclist 0.0 0 3.305649757385254 348.94549560546875 149.4892120361328 373.9008483886719 194.8601531982422 0.9229321 1.9167145 0.6090122 -10.665822 0.930017 30.85661 2.972848653793335 0.11253614723682404
Car 0.0 0 -1.7315053939819336 655.499755859375 178.7018280029297 746.1669311523438 244.24569702148438 4.1308475 1.450145 1.6204443 2.1452203 1.6169562 18.435486 -1.615662693977356 0.9180859327316284
Car 0.0 0 0.5405879020690918 68.10787963867188 188.30441284179688 357.79290771484375 279.49169921875 4.2624207 1.46218 1.6591961 -6.9492435 1.7564037 12.799977 0.04320383071899414 0.8195914030075073
Car 0.0 0 -2.6785941123962402 193.65060424804688 185.87908935546875 415.78839111328125 259.23681640625 4.1258407 1.4480927 1.5717171 -6.5036077 1.7446377 15.4858465 -3.076197624206543 0.811435878276825
Car 0.0 0 -1.7391424179077148 629.7447509765625 175.78445434570312 675.3953247070312 209.10153198242188 3.6720655 1.4478382 1.5168356 1.8880502 1.5924175 33.597946 -1.6830060482025146 0.7188451290130615
Car 0.0 0 0.38312605023384094 288.0720520019531 179.07318115234375 435.48443603515625 236.22361755371094 3.649028 1.5449466 1.5880194 -7.0587506 1.7304237 20.58526 0.05278754234313965 0.6513115763664246
Car 0.0 0 0.6980454325675964 1059.60302734375 94.77862548828125 1242.0 375.0 3.9342844 1.6092024 1.6420975 4.657118 1.3710917 4.1959763 1.535484790802002 0.5827811360359192
Car 0.0 0 -1.660806655883789 628.4354858398438 171.44815063476562 664.1394653320312 200.79208374023438 3.656873 1.4951546 1.5770401 1.8618383 1.423881 38.62142 -1.6126365661621094 0.4692966341972351
Car 0.0 0 0.19520102441310883 421.457275390625 173.81578063964844 500.7021789550781 202.67295837402344 3.715859 1.4332759 1.5517935 -7.564721 1.483583 36.678345 -0.008191951550543308 0.46000292897224426
Car 0.0 0 -1.114083170890808 396.7901306152344 178.10528564453125 473.21142578125 217.73617553710938 3.8745725 1.5479171 1.6259197 -7.420034 1.7874739 30.795515 -1.3505218029022217 0.3887012302875519
Car 0.0 0 3.315086841583252 216.8349609375 182.19131469726562 390.9884033203125 246.6820526123047 3.8043172 1.4804876 1.5652875 -7.5805955 1.7302948 18.088827 2.9182443618774414 0.37374505400657654
