Car 0.0 0 1.835470199584961 247.76148986816406 192.2149658203125 485.8807678222656 354.85284423828125 4.4418983 1.4667246 1.6863848 -2.8135583 1.7765039 9.283739 1.541205644607544 0.9241739511489868
Car 0.0 0 -1.6959024667739868 656.5977172851562 180.07798767089844 718.2899169921875 232.38636779785156 3.5773237 1.6300621 1.6560053 2.5405536 1.896723 24.78858 -1.593770146369934 0.9234969615936279
Car 0.0 0 1.6732192039489746 499.63922119140625 186.85667419433594 555.5335693359375 238.73788452148438 3.5101256 1.557589 1.5242823 -2.7609642 2.0652287 24.373882 1.5604244470596313 0.8993008136749268
Car 0.0 0 1.2908939123153687 725.9713134765625 184.22918701171875 910.3048706054688 316.0807189941406 3.5970018 1.5231298 1.5592151 2.7380958 1.7171135 10.462452 1.5468600988388062 0.8599925637245178
Car 0.0 0 1.092484474182129 783.7277221679688 203.58038330078125 1242.0 375.0 3.5360022 1.4723507 1.590444 2.4474125 1.7669909 5.1152177 1.5387498140335083 0.8411284685134888
Car 0.0 0 -1.7000030279159546 633.6672973632812 179.59251403808594 664.7935180664062 205.2614288330078 3.7615068 1.6312357 1.6240866 2.5845263 2.1055007 48.804554 -1.647095799446106 0.6102101802825928
Car 0.0 0 1.5211167335510254 549.5469970703125 186.32615661621094 574.5927734375 210.44290161132812 3.3391562 1.5024658 1.5152984 -3.2890718 2.4437985 48.647038 1.453608512878418 0.48708680272102356
Car 0.0 0 -1.6828830242156982 640.2683715820312 179.6886444091797 682.9660034179688 214.80564880371094 3.8938515 1.5471317 1.600735 2.375555 1.8934069 34.536133 -1.6142065525054932 0.44744935631752014
Car 0.0 0 1.6912751197814941 530.4046020507812 181.66436767578125 553.0398559570312 199.39064025878906 3.9980915 1.5167624 1.5866885 -6.211912 2.344805 65.76254 1.5970947742462158 0.42422452569007874
Car 0.0 0 -1.6832671165466309 645.8720092773438 183.5244903564453 695.1817626953125 224.65960693359375 3.5813265 1.5227089 1.6011307 2.3697233 1.9856861 29.46402 -1.603012204170227 0.34712111949920654
