Car 0.0 0 -2.337308168411255 725.7694091796875 180.72909545898438 817.2467651367188 220.29444885253906 3.4064016 1.3956026 1.5267992 6.1667314 1.7221895 28.036215 -2.120800018310547 0.9467323422431946
Car 0.0 0 -2.738257884979248 258.0827331542969 172.2279815673828 419.0881042480469 232.26060485839844 3.6581073 1.5188214 1.6170605 -7.168771 1.5033414 19.142103 -3.096592664718628 0.8617496490478516
Car 0.0 0 -1.8025294542312622 624.0213012695312 176.9511260986328 665.3050537109375 203.81634521484375 3.534826 1.4138956 1.5313395 1.8612528 1.654468 40.42257 -1.7565170526504517 0.8320115208625793
Car 0.0 0 -2.5945730209350586 0.0 194.75306701660156 358.5916442871094 318.1529541015625 4.0399666 1.4481236 1.6084864 -5.695029 1.7645177 9.583996 -3.1307337284088135 0.7999231815338135
Car 0.0 0 -2.4008970260620117 924.6806030273438 195.24855041503906 1242.0 375.0 3.835525 1.4674094 1.5561126 2.937408 1.6210026 2.9789665 -1.6225231885910034 0.7327335476875305
Car 0.0 0 3.5844926834106445 63.98955535888672 174.71983337402344 343.4097595214844 267.1697692871094 3.748734 1.4200016 1.5636386 -6.645002 1.4537516 12.013154 3.0792391300201416 0.7301791906356812
Car 0.0 0 3.385490894317627 339.6866455078125 161.42588806152344 483.9304504394531 215.0168914794922 4.268361 1.6880884 1.7122682 -6.446256 1.3284667 23.629103 3.11916184425354 0.6485152244567871
Car 0.0 0 0.758350133895874 0.0 156.05038452148438 175.31570434570312 325.8756408691406 3.8450117 1.4706255 1.6161493 -6.7190514 1.3254702 7.058259 -0.0024322292301803827 0.6318153142929077
Car 0.0 0 3.289412021636963 425.6605224609375 176.8441162109375 507.4599304199219 208.1715545654297 3.7726269 1.5016068 1.6427526 -7.0890894 1.7045819 35.725616 3.093524932861328 0.5739690065383911
Car 0.0 0 -1.673789381980896 607.3521728515625 175.3604736328125 635.983642578125 197.70733642578125 3.9456592 1.4642187 1.569855 0.7377119 1.6445246 49.764732 -1.6589664220809937 0.5502053499221802
