Pedestrian 0.0 0 1.371185302734375 374.8116760253906 178.55154418945312 399.3125915527344 227.32275390625 0.86228895 1.8014162 0.7289216 -8.491911 2.0219762 27.330458 1.069929838180542 0.5409926772117615
Pedestrian 0.0 0 2.6227946281433105 109.30613708496094 199.5535888671875 181.37142944335938 325.0662536621094 0.6006707 1.5643001 0.56553805 -6.202382 1.933013 9.555244 2.0470471382141113 0.26773762702941895
Pedestrian 0.0 0 1.7649247646331787 425.1434631347656 182.3604736328125 438.0312194824219 209.49005126953125 0.7462429 1.7417583 0.6844069 -11.645791 2.3663013 46.983315 1.5219510793685913 0.26498955488204956
Pedestrian 0.0 0 -1.8824787139892578 1126.084716796875 166.60711669921875 1162.953125 231.86647033691406 0.85901207 1.8117326 0.60732573 15.152403 1.6386644 20.532452 -1.2467191219329834 0.1386844664812088
Pedestrian 0.0 0 2.041238307952881 301.7884521484375 142.90643310546875 340.383056640625 213.5247039794922 0.7292934 1.777171 0.663718 -7.46745 1.0238721 18.547695 1.6584856510162354 0.12124166637659073
Pedestrian 0.0 0 2.0054709911346436 288.26055908203125 188.50108337402344 319.1654357910156 242.30889892578125 0.81101215 1.7183673 0.6548536 -10.097388 2.2416935 23.697277 1.6026697158813477 0.1129344180226326
Cyclist 0.0 0 -2.087214231491089 1184.9404296875 172.98321533203125 1242.0 242.34983825683594 1.6645361 1.7064354 0.44670048 15.538171 1.7102802 18.609203 -1.3915094137191772 0.16134826838970184
Cyclist 0.0 0 -1.2021459341049194 435.2871398925781 175.2594757080078 450.310302734375 200.39453125 1.5070157 1.7043684 0.5034139 -11.575366 1.8735448 49.85447 -1.4302867650985718 0.12013981491327286
Car 0.0 0 -1.3903963565826416 473.23724365234375 179.74278259277344 505.82598876953125 202.01202392578125 3.977945 1.4510335 1.5514758 -8.374739 1.9502723 50.24997 -1.5555400848388672 0.23606283962726593
Car 0.0 0 1.6306103467941284 648.3111572265625 179.78695678710938 678.34765625 206.2737274169922 4.116678 1.5307134 1.6254746 3.331726 1.9838302 44.969124 1.7045644521713257 0.23153920471668243
Car 0.0 0 -1.8211631774902344 650.5476684570312 173.54412841796875 683.0355224609375 193.7480926513672 3.8351474 1.4895918 1.5779359 4.2918634 1.544836 55.357616 -1.743788242340088 0.17436760663986206
Car 0.0 0 1.0361384153366089 647.2743530273438 179.63121032714844 711.3419799804688 208.3852996826172 4.1201663 1.448256 1.6166048 3.6998725 1.841214 39.58763 1.1293280124664307 0.15564656257629395
