Pedestrian 0.0 0 -1.4803149700164795 392.74908447265625 172.64389038085938 423.01800537109375 240.88104248046875 0.83055925 1.6970854 0.6736724 -5.197132 1.6922182 18.412245 -1.7554227113723755 0.40946081280708313
Pedestrian 0.0 0 -0.5518653392791748 450.061767578125 173.51869201660156 476.5473937988281 223.51104736328125 0.65783894 1.7138275 0.66072804 -5.170977 1.7378423 25.211243 -0.7541656494140625 0.3589448928833008
Cyclist 0.0 0 1.6594165563583374 564.7200927734375 172.45164489746094 596.0867919921875 243.52816772460938 1.7032334 1.6507946 0.62107044 -0.7537807 1.6418078 17.62036 1.6166636943817139 0.8385530710220337
Cyclist 0.0 0 -1.9378209114074707 993.3187866210938 187.97705078125 1123.349609375 358.69171142578125 1.829764 1.6626619 0.61249244 4.9237685 1.8538631 8.148161 -1.3942604064941406 0.6018453240394592
Cyclist 0.0 0 -2.4297492504119873 0.0 182.0814971923828 130.6600341796875 333.0272216796875 1.7501044 1.585616 0.612233 -6.4086323 1.6920049 7.952984 -3.1080257892608643 0.35984763503074646
Car 0.0 0 -2.603731155395508 16.192895889282227 169.53224182128906 345.47711181640625 261.63116455078125 4.597041 1.4538337 1.6961308 -7.1557074 1.4017557 12.256838 -3.1321637630462646 0.9360842108726501
Car 0.0 0 -1.749009132385254 714.1430053710938 193.77474975585938 859.333251953125 312.7161560058594 3.4081144 1.4614214 1.5509367 2.518642 1.8371853 11.208987 -1.5279817581176758 0.9257526993751526
Car 0.0 0 -1.929805040359497 764.1585083007812 200.04104614257812 1084.9085693359375 375.0 3.0022943 1.4969771 1.5131787 2.3804855 1.7933408 6.3517046 -1.5712281465530396 0.9124530553817749
Car 0.0 0 1.761546015739441 445.02899169921875 177.27256774902344 537.6651611328125 243.06971740722656 3.9759362 1.4821085 1.6114677 -2.9707398 1.6083015 18.53309 1.6026042699813843 0.9073469042778015
Car 0.0 0 -1.4011775255203247 510.5296325683594 182.45533752441406 569.8327026367188 226.75596618652344 3.719314 1.4638165 1.5677701 -2.5421073 1.8433653 26.580648 -1.4965250492095947 0.8743020296096802
Car 0.0 0 -1.7441271543502808 636.8560791015625 182.1019744873047 674.5132446289062 209.04647827148438 3.8229306 1.493114 1.6135603 2.6634429 2.0744498 43.336243 -1.6827443838119507 0.5448194742202759
