Pedestrian 0.0 0 -1.7018259763717651 887.6532592773438 177.7313690185547 908.4488525390625 224.5573272705078 0.6981577 1.6643713 0.61242115 10.387998 1.8442602 26.142933 -1.3236027956008911 0.3554891049861908
Pedestrian 0.0 0 3.148533821105957 61.492889404296875 144.48793029785156 147.65806579589844 282.02972412109375 0.9251195 1.7521757 0.5553621 -6.8201504 1.3911717 9.6809635 2.5348002910614014 0.3461827039718628
Pedestrian 0.0 0 -3.514543056488037 1031.6600341796875 176.715087890625 1066.9407958984375 230.96482849121094 0.71967274 1.5716705 0.60100675 12.920178 1.687989 21.309542 -2.969496965408325 0.2600612938404083
Pedestrian 0.0 0 -1.5743954181671143 823.58056640625 145.1601104736328 848.1478271484375 211.68617248535156 0.852491 1.8341311 0.649385 6.332572 1.0709655 20.392824 -1.2733068466186523 0.2535097599029541
Pedestrian 0.0 0 1.319533109664917 860.544921875 132.55372619628906 911.2764892578125 217.29296875 1.086754 1.8038303 0.7979741 6.0259204 0.9463229 15.940453 1.6809548139572144 0.20914605259895325
Pedestrian 0.0 0 1.731582522392273 284.7017822265625 133.22418212890625 322.9680480957031 223.11923217773438 0.7456455 1.760456 0.6014344 -6.2194524 0.9847249 14.561657 1.3279247283935547 0.2052440345287323
Cyclist 0.0 0 -1.5521738529205322 870.896484375 132.10865783691406 905.5575561523438 216.51287841796875 1.2770389 1.8036944 0.69689864 6.181998 0.9333353 16.138906 -1.1863648891448975 0.1756899207830429
Cyclist 0.0 0 -0.3055156469345093 1021.2844848632812 178.1232147216797 1066.9832763671875 232.9646453857422 0.99247605 1.5792445 0.69549054 12.765576 1.7385958 21.315546 0.2340841293334961 0.1356736123561859
Cyclist 0.0 0 -1.8382978439331055 819.2316284179688 147.29112243652344 849.6665649414062 212.02479553222656 0.8883807 1.7925384 0.60752547 6.299366 1.0850357 20.43089 -1.5392205715179443 0.10086695104837418
Car 0.0 0 -3.2968780994415283 903.0792846679688 178.5219268798828 984.0403442382812 207.03372192382812 3.7811675 1.4760308 1.6047505 17.991127 1.7940402 39.148487 -2.8661015033721924 0.7878405451774597
Car 0.0 0 3.214674472808838 2.5763580799102783 172.9188995361328 89.38461303710938 196.68475341796875 4.219752 1.4421076 1.608661 -35.593052 1.4467351 45.63145 2.552241086959839 0.2289271354675293
Car 0.0 0 1.3760472536087036 782.0699462890625 174.10960388183594 829.1681518554688 205.28890991210938 3.907405 1.4898937 1.5704578 9.831306 1.5574989 36.639107 1.638200283050537 0.2156873643398285
Car 0.0 0 1.2072603702545166 764.4725952148438 176.27334594726562 852.9615478515625 224.89468383789062 3.7143486 1.4280385 1.5241686 6.2868485 1.5483477 23.384428 1.4698978662490845 0.20499679446220398
Car 0.0 0 2.4775447845458984 296.9375 183.71316528320312 351.6647644042969 204.0750732421875 3.9891975 1.5318148 1.6192353 -23.210361 2.4474158 58.680435 2.100890636444092 0.19525684416294098
Car 0.0 0 1.6429346799850464 471.33428955078125 180.1593780517578 505.7521057128906 209.61827087402344 3.7789278 1.4548788 1.5467992 -6.4800944 1.8654041 38.5547 1.476415753364563 0.1888468861579895
Car 0.0 0 3.189821481704712 196.04258728027344 187.86451721191406 248.35037231445312 206.57626342773438 3.8627138 1.4926697 1.6216096 -33.088585 2.8076088 61.62512 2.697065591812134 0.15548230707645416
