Pedestrian 0.0 0 0.34720832109451294 750.9096069335938 134.67889404296875 871.4915771484375 314.9140625 1.0993595 1.777314 0.58944315 2.1391146 1.3271632 7.5276623 0.6240770816802979 0.6437711119651794
Pedestrian 0.0 0 0.642622709274292 670.8637084960938 143.7940673828125 703.2738037109375 203.88217163085938 0.79699284 1.8247715 0.6040206 2.5163646 0.71163523 21.960054 0.7567133903503418 0.6246679425239563
Pedestrian 0.0 0 1.013793706893921 697.9390258789062 118.47772216796875 803.670654296875 306.9494934082031 0.89764756 1.7489408 0.65997946 1.3898784 1.1750983 7.092972 1.2072935104370117 0.589745283126831
Pedestrian 0.0 0 0.7851319313049316 539.9076538085938 143.2203826904297 588.40673828125 231.62232971191406 0.8553467 1.8323202 0.61265 -0.9187917 1.0612432 15.162978 0.7246115207672119 0.5615721940994263
Pedestrian 0.0 0 1.1922154426574707 580.1620483398438 142.41885375976562 623.7339477539062 228.74850463867188 0.90099955 1.8275123 0.6674454 -0.11625012 1.0229932 15.505552 1.1847182512283325 0.49102234840393066
Pedestrian 0.0 0 0.556719183921814 500.1055603027344 142.7614288330078 548.4963989257812 223.4402618408203 0.9583235 1.831593 0.58660954 -1.9225801 0.976452 16.516367 0.44083619117736816 0.4584609270095825
Pedestrian 0.0 0 2.1731503009796143 761.2535400390625 142.70668029785156 842.1047973632812 295.745361328125 0.8316507 1.735789 0.5675597 2.3192887 1.3088164 8.499691 2.43953275680542 0.4331514239311218
Pedestrian 0.0 0 -1.6603609323501587 112.65828704833984 150.83404541015625 161.46043395996094 259.9627685546875 0.71395034 1.7365141 0.6110186 -7.805164 1.2661088 11.7156 -2.248054027557373 0.4083147346973419
Pedestrian 0.0 0 -2.535890579223633 442.38494873046875 141.95973205566406 478.0674743652344 209.01499938964844 0.7618992 1.7962834 0.5814733 -3.9958482 0.765446 19.352158 -2.7395098209381104 0.3839901089668274
Pedestrian 0.0 0 -2.1036131381988525 232.93545532226562 148.04776000976562 296.04669189453125 251.1644744873047 0.9155933 1.6803249 0.58007133 -5.832379 1.1531563 12.011459 -2.5556485652923584 0.357502281665802
Pedestrian 0.0 0 0.21699875593185425 569.5753173828125 146.60736083984375 599.6142578125 212.33802795410156 0.717587 1.7465336 0.51934785 -0.58310294 0.84755474 19.103762 0.18648529052734375 0.34042471647262573
Pedestrian 0.0 0 1.40717351436615 426.6706237792969 143.45370483398438 460.1728515625 223.33547973632812 0.9051027 1.7757685 0.6084366 -3.7605023 0.95384395 16.247042 1.1797211170196533 0.3027518093585968
Pedestrian 0.0 0 -1.7320175170898438 83.58338928222656 155.80902099609375 114.2403793334961 218.3577423095703 0.56297606 1.8941562 0.68870926 -15.673635 1.148002 21.848972 -2.3543014526367188 0.24210435152053833
Pedestrian 0.0 0 1.5812079906463623 455.7374572753906 161.5465850830078 481.86383056640625 233.55209350585938 0.59618795 1.6947699 0.6059766 -3.307934 1.2502741 16.984602 1.388855218887329 0.23673473298549652
Pedestrian 0.0 0 0.4071364402770996 240.4141082763672 167.42869567871094 266.2532958984375 216.61312866210938 0.655461 1.750891 0.58801883 -12.695444 1.2870971 25.47653 -0.05516563355922699 0.23160581290721893
Cyclist 0.0 0 0.9598142504692078 242.15370178222656 144.67491149902344 338.1371765136719 250.24215698242188 1.6841625 1.6486067 0.5898911 -5.2788086 1.0907958 11.720762 0.5366435050964355 0.4270215630531311
Car 0.0 0 1.8771934509277344 0.0 82.03540802001953 270.033203125 370.0 4.286571 1.551046 1.6329952 -2.9758565 1.3385801 3.8266606 1.2162212133407593 0.5668554902076721
