Pedestrian 0.0 0 3.4636070728302 121.14094543457031 144.92208862304688 261.7005310058594 326.0437316894531 1.1412005 1.7922685 0.6023464 -4.3957253 1.5162294 7.54833 2.9362709522247314 0.22176383435726166
Pedestrian 0.0 0 -0.24345532059669495 756.0220336914062 166.82945251464844 814.1179809570312 265.8304748535156 0.8661747 1.7678753 0.815285 3.1582656 1.660652 13.2939005 -0.01020687073469162 0.1919645518064499
Pedestrian 0.0 0 1.371902585029602 526.24658203125 167.7066650390625 544.7393798828125 212.28712463378906 0.69147104 1.7841506 0.62145376 -3.0704885 1.5785079 29.29662 1.2674769163131714 0.18943166732788086
Pedestrian 0.0 0 -1.5622453689575195 533.013671875 172.17970275878906 546.1197509765625 207.19015502929688 0.5901893 1.7596902 0.6562051 -3.6068313 1.7261568 36.586384 -1.66051185131073 0.1786581426858902
Pedestrian 0.0 0 -0.6105958223342896 911.1559448242188 163.56329345703125 1028.391845703125 325.3069763183594 1.0836972 1.816509 0.6045581 4.1589646 1.7125249 8.482878 -0.15475638210773468 0.16495674848556519
Pedestrian 0.0 0 -1.9778321981430054 698.6079711914062 172.09848022460938 718.5391845703125 211.48123168945312 0.9770993 1.8444989 0.6009624 4.647786 1.8094722 34.342007 -1.8433113098144531 0.16008931398391724
Pedestrian 0.0 0 0.24366629123687744 83.81352233886719 118.17740631103516 232.05978393554688 320.37103271484375 1.1017829 1.820852 0.58541375 -4.362325 1.3288206 6.944975 -0.3171783685684204 0.1448446363210678
Pedestrian 0.0 0 -1.1473042964935303 0.0 98.81844329833984 84.58553314208984 353.3378601074219 1.1128283 1.7379581 0.53238165 -4.6346087 1.2327724 5.5318675 -1.844673991203308 0.1405465453863144
Pedestrian 0.0 0 1.4962142705917358 742.066650390625 154.91775512695312 760.9740600585938 203.06541442871094 0.49337026 1.8926895 0.70088303 5.573192 1.187972 28.647068 1.6883608102798462 0.14052368700504303
Pedestrian 0.0 0 -1.4790090322494507 695.832275390625 176.69625854492188 707.48388671875 211.15769958496094 1.0655568 1.7531415 0.50518465 4.7189264 1.9557679 37.406574 -1.3535195589065552 0.1397365778684616
Pedestrian 0.0 0 -1.9956238269805908 1006.1777954101562 195.1656036376953 1071.053466796875 283.90673828125 1.6886181 1.6806116 0.49855924 8.800809 2.1705434 14.963572 -1.4639638662338257 0.1350826770067215
Cyclist 0.0 0 -2.1740550994873047 1050.178466796875 27.916481018066406 1242.0 317.8250732421875 1.8231763 1.7692101 0.5571913 3.9965885 0.88506544 5.322735 -1.5300085544586182 0.37002789974212646
Cyclist 0.0 0 1.65778386592865 350.9194641113281 164.2860107421875 399.60455322265625 274.86181640625 1.8222504 1.7207078 0.62988067 -3.9848354 1.5877361 12.18419 1.341699242591858 0.3568150997161865
Cyclist 0.0 0 -1.9956238269805908 1006.1777954101562 195.1656036376953 1071.053466796875 283.90673828125 1.6886181 1.6806116 0.49855924 8.800809 2.1705434 14.963572 -1.4639638662338257 0.2981196343898773
Cyclist 0.0 0 -1.0825308561325073 0.0 93.5273208618164 112.73775482177734 340.8624572753906 1.24637 1.7513019 0.52502364 -4.629684 1.1899728 5.767519 -1.7589261531829834 0.21081790328025818
Cyclist 0.0 0 1.823249340057373 481.2312927246094 185.17013549804688 514.7823486328125 245.17498779296875 1.5134448 1.7027857 0.6364498 -3.3796012 2.0849035 21.578514 1.667892575263977 0.1568744033575058
Cyclist 0.0 0 -1.4790090322494507 695.832275390625 176.69625854492188 707.48388671875 211.15769958496094 1.0655568 1.7531415 0.50518465 4.7189264 1.9557679 37.406574 -1.3535195589065552 0.10402136296033859
Car 0.0 0 -1.725350260734558 651.6069946289062 186.91810607910156 692.290771484375 215.86923217773438 4.188378 1.4548013 1.6382192 3.3840322 2.28625 40.487972 -1.6419628858566284 0.8933627009391785
Car 0.0 0 -1.6329625844955444 736.0368041992188 186.8087921142578 827.1679077148438 275.5177307128906 3.5912619 1.5330311 1.5790769 3.3885963 1.8595489 14.962708 -1.410249948501587 0.6024121046066284
