Pedestrian 0.0 0 -3.289360761642456 699.66943359375 153.79489135742188 794.0029296875 303.6068420410156 1.0080111 1.706218 0.6606867 1.6128602 1.4037569 8.398841 -3.0996367931365967 0.5331031084060669
Pedestrian 0.0 0 1.1435383558273315 835.2628173828125 169.402099609375 873.627685546875 238.4501495361328 0.81979245 1.6996235 0.62756747 6.246538 1.428045 17.835648 1.4804160594940186 0.45732417702674866
Pedestrian 0.0 0 2.2334814071655273 54.42623519897461 189.57589721679688 97.48441314697266 255.1433868408203 0.63284016 1.8495073 0.7661052 -15.257044 2.1165469 20.352627 1.5902140140533447 0.3474065661430359
Pedestrian 0.0 0 -0.16612938046455383 818.3216552734375 178.7623748779297 866.9727172851562 267.2017822265625 0.8139742 1.7033479 0.6520274 4.650929 1.671514 13.9976425 0.15465950965881348 0.2540956437587738
Pedestrian 0.0 0 0.71439129114151 1103.267333984375 199.0261688232422 1224.0 370.0 0.7410807 1.5790925 0.6474586 4.280213 1.7306288 5.291678 1.3945097923278809 0.21893920004367828
Pedestrian 0.0 0 -2.0782299041748047 1004.69287109375 161.61532592773438 1067.250244140625 266.8841857910156 0.73283404 1.7158957 0.6190483 7.1932507 1.4097255 11.897441 -1.5344313383102417 0.16965581476688385
Cyclist 0.0 0 1.3107651472091675 957.4034423828125 172.54591369628906 1030.376953125 284.3009338378906 1.8099264 1.6496302 0.57119715 6.1666307 1.5338815 11.378559 1.807408332824707 0.26599636673927307
Cyclist 0.0 0 -2.4276421070098877 1130.8353271484375 159.78004455566406 1224.0 263.7595520019531 1.6852804 1.675699 0.48323575 10.046879 1.3434367 12.260996 -1.7411726713180542 0.2614113390445709
Cyclist 0.0 0 -1.925307273864746 849.0447387695312 185.40672302246094 940.7061157226562 305.3583679199219 1.8221792 1.6360015 0.67059815 4.2551136 1.71786 10.633025 -1.5446465015411377 0.24943165481090546
Cyclist 0.0 0 -3.0168001651763916 561.9794311523438 153.93548583984375 639.7072143554688 220.52798461914062 1.8963691 1.6379119 0.6215196 -0.13117222 0.9861275 17.805338 -3.024167060852051 0.18236853182315826
Cyclist 0.0 0 -1.1323519945144653 1111.7239990234375 205.37535095214844 1224.0 370.0 1.338227 1.5499002 0.60945356 5.4094906 1.8039187 6.603481 -0.4460202753543854 0.1633521020412445
Car 0.0 0 2.4645633697509766 0.0 187.66641235351562 149.08584594726562 239.2186279296875 4.0665607 1.4982607 1.6472043 -17.508867 1.7582443 23.321545 1.820576548576355 0.37522149085998535
Car 0.0 0 3.1322710514068604 505.507080078125 160.14007568359375 660.9005737304688 225.173828125 3.875906 1.6151628 1.6437157 -0.60707563 1.1111045 18.458012 3.099393367767334 0.303867369890213
