Pedestrian 0.0 0 -1.8462034463882446 1082.1690673828125 120.39649200439453 1129.763916015625 207.1778564453125 0.98555976 1.7920251 0.58363265 10.683232 0.55251837 15.157232 -1.2322449684143066 0.44438764452934265
Pedestrian 0.0 0 -2.8060197830200195 419.1697998046875 174.32908630371094 453.931640625 223.17864990234375 0.9103577 1.5891541 0.79858786 -5.606846 1.3899494 23.43953 -3.0408127307891846 0.3181781470775604
Pedestrian 0.0 0 -2.533552885055542 894.0245361328125 147.5887451171875 949.1061401367188 199.63548278808594 1.7444822 1.6944661 0.46190998 10.640161 0.624531 23.880127 -2.1143927574157715 0.19493648409843445
Pedestrian 0.0 0 -1.2466884851455688 466.30224609375 168.89007568359375 484.83575439453125 201.41458129882812 1.7089673 1.6884575 0.4504065 -6.880871 1.0871642 37.578213 -1.4277902841567993 0.10747978091239929
Cyclist 0.0 0 0.19058392941951752 692.2962036132812 161.28448486328125 732.8776245117188 195.00474548339844 1.9475049 1.687307 0.69998556 5.4697127 0.7272231 36.030296 0.34124231338500977 0.8308964967727661
Cyclist 0.0 0 -0.17200227081775665 633.2052001953125 165.24192810058594 669.2327880859375 196.48355102539062 1.9209161 1.7277368 0.68598956 2.5698678 0.88532394 39.540253 -0.10709983855485916 0.7908938527107239
Cyclist 0.0 0 -1.1160922050476074 352.05377197265625 177.27859497070312 385.39874267578125 218.3719482421875 1.9625642 1.7233009 0.56971025 -10.244608 1.5896897 30.656275 -1.4386014938354492 0.6812795400619507
Cyclist 0.0 0 -2.533552885055542 894.0245361328125 147.5887451171875 949.1061401367188 199.63548278808594 1.7444822 1.6944661 0.46190998 10.640161 0.624531 23.880127 -2.1143927574157715 0.548789918422699
Cyclist 0.0 0 -0.5518518090248108 559.9697265625 168.4061737060547 589.260498046875 195.22329711914062 1.854401 1.71196 0.61360484 -1.9682809 0.9412494 45.90542 -0.594702422618866 0.47148773074150085
Cyclist 0.0 0 -0.5510904788970947 324.034423828125 181.82278442382812 358.055419921875 211.9209747314453 1.8652203 1.7012119 0.49124792 -15.272368 1.7808095 40.92282 -0.9082815647125244 0.4031129479408264
Cyclist 0.0 0 -1.2466884851455688 466.30224609375 168.89007568359375 484.83575439453125 201.41458129882812 1.7089673 1.6884575 0.4504065 -6.880871 1.0871642 37.578213 -1.4277902841567993 0.3929547667503357
Cyclist 0.0 0 -1.246633529663086 441.6985778808594 174.53631591796875 458.77813720703125 205.92018127441406 1.5653948 1.5718974 0.37769547 -7.930473 1.2746282 36.206963 -1.4622600078582764 0.2707667648792267
Cyclist 0.0 0 -1.8766686916351318 1080.4752197265625 120.90875244140625 1131.4263916015625 207.7186279296875 1.041915 1.7863369 0.60084337 10.662649 0.56171757 15.131893 -1.2628304958343506 0.23249243199825287
Cyclist 0.0 0 -2.7808408737182617 417.97637939453125 171.50363159179688 454.61773681640625 222.8302459716797 0.9801285 1.6661334 0.7443137 -5.6011868 1.3756447 23.377443 -3.016005516052246 0.21164579689502716
Car 0.0 0 -1.4619464874267578 497.5998229980469 178.3851318359375 541.9132690429688 212.60829162597656 3.5639303 1.4345155 1.5784798 -3.752434 1.3473499 31.421839 -1.5808048248291016 0.929933488368988
Car 0.0 0 -0.6939277648925781 1057.053466796875 132.3595733642578 1224.0 197.3345184326172 3.7059915 1.5180708 1.587806 13.419874 0.39492637 17.375046 -0.036266084760427475 0.8180802464485168
Car 0.0 0 -0.13414056599140167 477.9196472167969 173.22186279296875 549.1408081054688 198.59373474121094 4.1740932 1.5179361 1.6642697 -5.66347 1.0838686 43.642445 -0.2631891667842865 0.38743287324905396
Car 0.0 0 -2.108668327331543 1003.685791015625 148.13494873046875 1063.168212890625 173.41957092285156 3.9224825 1.6035819 1.6653732 28.949484 -0.4981651 47.90498 -1.5650854110717773 0.3004405200481415
