Pedestrian 0.0 0 -2.1800923347473145 113.12905883789062 156.26942443847656 203.33311462402344 301.9151611328125 0.8302302 1.7255071 0.5770079 -5.604285 1.4401226 8.797474 -2.747298240661621 0.788999080657959
Pedestrian 0.0 0 1.7764990329742432 57.675453186035156 188.2863006591797 94.93342590332031 254.3699493408203 0.55304986 1.8544825 0.7631466 -15.240449 2.0846972 20.345804 1.1335928440093994 0.42890921235084534
Pedestrian 0.0 0 1.1605688333511353 836.26171875 170.5690155029297 872.9537353515625 238.9934844970703 0.78622764 1.6855812 0.60745144 6.2482324 1.4425366 17.826859 1.4976849555969238 0.38375386595726013
Pedestrian 0.0 0 -0.13171768188476562 816.2234497070312 178.87686157226562 866.6589965820312 267.68463134765625 0.86658114 1.708154 0.64787424 4.6247025 1.6785673 13.99362 0.1874685287475586 0.22748683393001556
Pedestrian 0.0 0 0.6562574505805969 1103.3897705078125 198.8594512939453 1224.0 370.0 0.7474757 1.5804683 0.6473173 4.275617 1.7307444 5.27811 1.3371061086654663 0.20512527227401733
Pedestrian 0.0 0 0.9418054223060608 1003.9374389648438 162.68032836914062 1079.497314453125 271.6689758300781 0.90656143 1.7391196 0.6598894 7.1960335 1.4564279 11.75543 1.4911075830459595 0.20107734203338623
Pedestrian 0.0 0 0.536221981048584 2.6711161136627197 170.8767852783203 78.83963775634766 260.9730529785156 1.0445067 1.7794129 0.6068462 -11.462996 1.590983 14.331908 -0.13841129839420319 0.1491277813911438
Pedestrian 0.0 0 1.4223854541778564 772.1058349609375 156.92701721191406 825.4949951171875 262.76043701171875 0.9529934 1.7628578 0.75746846 3.305721 1.3718548 12.288881 1.6851658821105957 0.14705683290958405
Pedestrian 0.0 0 -2.433129072189331 1148.1011962890625 157.12001037597656 1224.0 259.9593505859375 1.358145 1.6593257 0.4851929 10.100061 1.2837403 12.113338 -1.7381174564361572 0.11844146251678467
Cyclist 0.0 0 1.221783995628357 854.718505859375 186.59690856933594 945.5586547851562 306.0548400878906 1.7371329 1.5944693 0.66633284 4.240936 1.6934645 10.402803 1.608886957168579 0.34494683146476746
Cyclist 0.0 0 0.6299885511398315 1133.989501953125 156.3970947265625 1224.0 259.17572021484375 1.549952 1.663009 0.47064286 10.060193 1.2746654 12.244637 1.3177621364593506 0.202552929520607
Cyclist 0.0 0 -1.1069447994232178 1115.8157958984375 219.1705322265625 1224.0 370.0 1.1584451 1.5001744 0.60608214 5.408294 1.891725 6.609766 -0.42118772864341736 0.16752395033836365
Cyclist 0.0 0 1.350472092628479 957.3456420898438 158.58692932128906 1023.9560546875 270.55181884765625 1.6581154 1.6917382 0.59798616 6.2195983 1.3623021 11.557205 1.8441778421401978 0.15505316853523254
Cyclist 0.0 0 -3.2038207054138184 813.5213623046875 179.32720947265625 867.1982421875 267.68389892578125 0.9739244 1.7089372 0.676788 4.6429124 1.6878864 14.120759 -2.886155366897583 0.1051371619105339
Car 0.0 0 0.027484221383929253 503.8435974121094 162.54165649414062 661.5746459960938 228.30113220214844 3.93091 1.6381669 1.6285517 -0.59604675 1.1923931 18.432457 -0.004841318354010582 0.24908509850502014
Car 0.0 0 2.356320381164551 0.0 196.8738250732422 154.253173828125 249.9562530517578 4.217016 1.4947019 1.7064377 -17.402155 2.0912642 23.478848 1.7184853553771973 0.20973163843154907
Car 0.0 0 -0.7360547780990601 1109.8023681640625 173.6615447998047 1224.0 233.33291625976562 3.7869923 1.5327477 1.6294698 16.01655 1.358682 19.04029 -0.0366961732506752 0.13940350711345673
Car 0.0 0 1.6004061698913574 592.814208984375 168.7413787841797 635.33740234375 209.86257934570312 4.36664 1.6597265 1.7191657 0.43804607 1.1866199 30.751728 1.614649772644043 0.13825029134750366
