Pedestrian 0.0 0 -1.5274406671524048 791.0133666992188 166.29058837890625 804.8524780273438 200.13522338867188 0.7160546 1.7888943 0.68441856 10.31016 1.0392517 37.81212 -1.2612437009811401 0.43562307953834534
Pedestrian 0.0 0 2.1053154468536377 113.62940979003906 119.98128509521484 205.04153442382812 255.82423400878906 0.93730897 1.7915275 0.6931221 -6.195993 0.99506617 9.798367 1.5414484739303589 0.33191850781440735
Pedestrian 0.0 0 2.040975570678711 244.90231323242188 167.39907836914062 267.7034912109375 202.924072265625 0.931813 1.8551503 0.74088776 -18.44567 1.1724223 37.388096 1.582656741142273 0.3140515685081482
Pedestrian 0.0 0 -0.179277241230011 986.75048828125 132.93075561523438 1079.1568603515625 266.52691650390625 1.0275635 1.7726694 0.44362393 5.840439 1.1431522 9.76524 0.35973262786865234 0.3098391890525818
Pedestrian 0.0 0 -1.3444881439208984 121.4080810546875 156.4086456298828 139.91969299316406 195.17115783691406 0.6122462 1.8836282 0.63551617 -23.327919 0.71437037 34.752785 -1.9356592893600464 0.23089325428009033
Pedestrian 0.0 0 0.15208522975444794 769.622314453125 159.96340942382812 800.5510864257812 190.79287719726562 1.645861 1.7410803 0.6012411 10.313892 0.5826721 40.523506 0.4013099670410156 0.2159990817308426
Cyclist 0.0 0 -2.2112185955047607 875.4373168945312 159.90228271484375 908.7332153320312 195.78245544433594 1.8149598 1.6538985 0.46819878 13.577555 0.70590115 33.52367 -1.8263972997665405 0.5013185739517212
Cyclist 0.0 0 0.18078701198101044 768.0654296875 160.78538513183594 802.23583984375 191.4147491455078 1.8106003 1.7276233 0.65688765 10.323804 0.617025 40.55153 0.43007612228393555 0.4900609254837036
Cyclist 0.0 0 -2.012040615081787 972.40576171875 145.84381103515625 1021.6122436523438 212.09512329101562 1.6919363 1.6722653 0.45400855 10.304729 0.7990932 18.700302 -1.508394718170166 0.4001131057739258
Cyclist 0.0 0 2.1077303886413574 109.0365982055664 122.44449615478516 206.9952850341797 260.0971984863281 1.0039318 1.8121358 0.7426634 -6.2203364 1.0495344 9.8151455 1.5428645610809326 0.13192899525165558
Car 0.0 0 0.32627856731414795 655.585205078125 165.3745574951172 768.921875 209.60093688964844 3.65894 1.4738523 1.6045212 3.7716875 0.9713336 25.10819 0.47538113594055176 0.8154595494270325
Car 0.0 0 -0.8891289234161377 0.0 229.84764099121094 286.6667175292969 370.0 3.910451 1.4303101 1.5685498 -3.1007292 1.8041164 3.321498 -1.640164852142334 0.6954506635665894
Car 0.0 0 -1.3769960403442383 63.48831558227539 177.98770141601562 101.56354522705078 198.56178283691406 3.8139014 1.4904398 1.6051648 -39.312347 1.3097252 53.282486 -2.0126497745513916 0.3073495626449585
Car 0.0 0 -0.14262336492538452 41.80027770996094 174.85720825195312 113.4547119140625 199.5142822265625 3.6130116 1.5668432 1.5792296 -34.84352 1.2096103 46.75874 -0.7830303907394409 0.2696189880371094
Car 0.0 0 1.835602879524231 0.0 186.96722412109375 28.211692810058594 217.26136779785156 3.7929811 1.5010775 1.5836803 -32.551987 1.8684746 37.957634 1.1267204284667969 0.2605992555618286
