Pedestrian 0.0 0 0.7071885466575623 1084.9752197265625 161.3360137939453 1184.1285400390625 304.5581359863281 0.80729765 1.7105865 0.603828 6.5561967 1.4265084 9.045078 1.334389090538025 0.4020857810974121
Pedestrian 0.0 0 -1.312865972518921 0.0 195.4130401611328 23.126956939697266 242.04266357421875 1.4602107 1.583736 0.40642968 -21.252544 1.9570566 25.48598 -2.0079336166381836 0.16555416584014893
Cyclist 0.0 0 -1.312865972518921 0.0 195.4130401611328 23.126956939697266 242.04266357421875 1.4602107 1.583736 0.40642968 -21.252544 1.9570566 25.48598 -2.0079336166381836 0.442360520362854
Cyclist 0.0 0 -0.6349257230758667 848.4069213867188 166.94078063964844 893.881591796875 207.59945678710938 1.8436011 1.7517276 0.65738565 11.521185 0.96550715 31.541588 -0.2847129702568054 0.4211965501308441
Car 0.0 0 -1.0415596961975098 0.0 214.0409698486328 166.74246215820312 292.5377502441406 4.0423756 1.41265 1.6216154 -12.094796 2.162014 16.56301 -1.672287106513977 0.9665741324424744
Car 0.0 0 -1.2009129524230957 148.1180419921875 198.4805450439453 304.72088623046875 280.9151916503906 4.1225142 1.4757476 1.6120709 -8.139758 1.8058845 15.689337 -1.67949378490448 0.9512397050857544
Car 0.0 0 -1.501889705657959 691.7490234375 184.6715850830078 750.1817626953125 236.35107421875 3.6209147 1.5644801 1.6576756 3.7570806 1.5491396 23.708136 -1.344724416732788 0.9229894280433655
Car 0.0 0 -1.4621583223342896 282.2533874511719 195.362548828125 325.2605895996094 227.12008666992188 3.8215823 1.4730098 1.6193088 -15.499571 2.0216196 36.719734 -1.8615740537643433 0.8064046502113342
Car 0.0 0 -1.5115344524383545 777.1852416992188 179.47023010253906 803.7544555664062 200.9888458251953 3.8876812 1.478422 1.6185769 13.096517 1.084814 51.482513 -1.2624304294586182 0.7053455114364624
Car 0.0 0 -1.4662445783615112 423.9191589355469 182.8773651123047 449.2510681152344 201.89608764648438 3.832347 1.4645705 1.5768361 -13.637662 1.2856345 57.35459 -1.6996876001358032 0.6443690061569214
Car 0.0 0 1.808091402053833 248.0609588623047 192.91351318359375 292.80340576171875 220.4552459716797 3.6541173 1.5236576 1.5986613 -20.053474 2.004076 42.80435 1.3699668645858765 0.5663788914680481
Car 0.0 0 -1.6590889692306519 548.7777709960938 180.1217498779297 576.7512817382812 202.6263885498047 3.7599308 1.4663196 1.5635834 -3.1107433 1.1355491 48.810867 -1.722733497619629 0.43303999304771423
