Car 0.0 0 2.081965923309326 2.332702875137329 205.024658203125 330.9411926269531 375.0 3.5457718 1.4606639 1.5247477 -4.6157594 1.9006639 8.078885 1.5628894567489624 0.9312172532081604
Car 0.0 0 -1.7554707527160645 739.7545166015625 178.01748657226562 852.8983154296875 264.395751953125 4.6586185 1.701018 1.6749834 4.1194587 1.8390344 16.861597 -1.5158543586730957 0.9276812672615051
Car 0.0 0 1.9259958267211914 253.9315643310547 194.05677795410156 428.29132080078125 300.5301513671875 3.8965137 1.4563509 1.5595834 -4.5153694 1.8846295 12.602699 1.581958532333374 0.9222363233566284
Car 0.0 0 -1.7922128438949585 701.23828125 185.35231018066406 759.1644287109375 226.76473999023438 3.4666877 1.5060393 1.5674669 4.7364707 2.041072 29.087257 -1.6307929754257202 0.8471208810806274
Car 0.0 0 -1.702520489692688 717.5155029296875 190.8804168701172 783.9160766601562 245.2222900390625 3.6967945 1.5221132 1.6169087 4.4221215 2.1531777 23.351984 -1.5153684616088867 0.8280705213546753
Car 0.0 0 1.7165521383285522 533.6642456054688 186.30552673339844 574.3438110351562 219.267822265625 4.1054544 1.6308842 1.6431402 -3.0467083 2.40727 39.51888 1.6396093368530273 0.7908340692520142
Car 0.0 0 -1.698202133178711 696.50732421875 184.52587890625 740.2816772460938 218.7874298095703 3.6308444 1.4795367 1.5942229 5.0486946 2.0633144 34.233116 -1.5517778396606445 0.4793628752231598
Car 0.0 0 1.6207678318023682 595.4483032226562 183.03330993652344 614.7214965820312 200.31764221191406 3.9217968 1.4924233 1.5881366 -0.44741073 2.4610877 66.64015 1.6140540838241577 0.4581877291202545
Car 0.0 0 3.682614803314209 0.0 163.0865936279297 100.5008316040039 375.0 3.7378218 1.4689572 1.6114928 -5.572628 1.4300125 4.327004 2.7720491886138916 0.41771984100341797
Car 0.0 0 -2.9380481243133545 510.7468566894531 167.4456024169922 563.64306640625 185.57220458984375 4.4219055 1.5809941 1.6698111 -6.4554167 1.1096339 63.98726 -3.0385940074920654 0.3735378384590149
