Pedestrian 0.0 0 -1.7751736640930176 228.25845336914062 139.5162353515625 258.89227294921875 209.8988494873047 0.7644586 1.8214033 0.58044106 -9.776813 0.9590268 19.149385 -2.24722957611084 0.4384341537952423
Pedestrian 0.0 0 -1.5110502243041992 783.5457763671875 161.3319549560547 804.1664428710938 213.73109436035156 0.7334278 1.7737031 0.6475031 6.2964764 1.3840418 24.868746 -1.2630729675292969 0.42335018515586853
Pedestrian 0.0 0 1.3956925868988037 179.53390502929688 140.16993713378906 210.71006774902344 214.26126098632812 0.76700705 1.8509665 0.56654274 -10.689131 1.0348037 18.498709 0.8717331886291504 0.38402077555656433
Pedestrian 0.0 0 -1.3418052196502686 409.0241394042969 182.4512176513672 429.4960632324219 230.472900390625 0.67582506 1.6900011 0.57254606 -6.8799753 2.039171 25.875057 -1.601684331893921 0.3673478364944458
Pedestrian 0.0 0 -1.669799566268921 205.5116729736328 141.1600341796875 231.53492736816406 209.35931396484375 0.7153074 1.8175963 0.5544535 -10.7287445 0.97327054 19.678806 -2.1689445972442627 0.33073779940605164
Pedestrian 0.0 0 -0.1602490246295929 321.01397705078125 182.9881591796875 358.13818359375 256.4788818359375 0.7464135 1.7170675 0.641993 -6.591846 1.9690435 17.447844 -0.5214747786521912 0.2931585907936096
Pedestrian 0.0 0 1.755573034286499 352.150634765625 181.93338012695312 381.72296142578125 246.35252380371094 0.8889435 1.7302057 0.6260318 -6.775157 1.988328 19.997492 1.428910255432129 0.28916579484939575
Pedestrian 0.0 0 -1.0753751993179321 219.35659790039062 151.7683563232422 245.24037170410156 199.3400421142578 0.6543923 1.8709232 0.68417776 -15.064392 1.0420141 28.705572 -1.5586574077606201 0.28843942284584045
Pedestrian 0.0 0 -1.3836156129837036 631.0473022460938 171.3023223876953 645.425537109375 204.1116180419922 0.9264848 1.7536057 0.61777014 1.4973958 1.6710291 39.08289 -1.3453210592269897 0.2757740318775177
Pedestrian 0.0 0 -1.9136544466018677 624.0870971679688 177.70814514160156 638.05126953125 206.75770568847656 0.71973026 1.6876698 0.6153655 1.2047997 1.9769039 42.49947 -1.8853135108947754 0.26864638924598694
Pedestrian 0.0 0 -2.1789844036102295 908.4966430664062 121.13054656982422 1048.2838134765625 301.273681640625 1.4718717 1.6664007 0.52464277 3.6772046 1.1882946 7.43852 -1.7198700904846191 0.16971133649349213
Cyclist 0.0 0 -2.2094101905822754 899.2169189453125 123.05337524414062 1055.3470458984375 305.8983154296875 1.6862397 1.6653305 0.51661974 3.6511502 1.2121102 7.4449506 -1.7534561157226562 0.4003446102142334
Cyclist 0.0 0 2.367241382598877 985.3998413085938 160.0212860107422 1156.6412353515625 303.4917907714844 1.8497262 1.6592091 0.64783895 5.5888457 1.5111591 8.852308 2.930389165878296 0.2562201917171478
Cyclist 0.0 0 -1.3836156129837036 631.0473022460938 171.3023223876953 645.425537109375 204.1116180419922 0.9264848 1.7536057 0.61777014 1.4973958 1.6710291 39.08289 -1.3453210592269897 0.11315300315618515
Car 0.0 0 -1.5918450355529785 479.25054931640625 185.2056884765625 515.0283813476562 219.72128295898438 3.2140205 1.461168 1.5641148 -5.3141623 2.0643914 33.494022 -1.749193549156189 0.8600606322288513
Car 0.0 0 3.2972707748413086 292.30859375 175.24331665039062 414.843017578125 218.88038635253906 4.1492105 1.5680636 1.7207043 -9.6366205 1.6628379 27.284403 2.9577555656433105 0.8129485249519348
Car 0.0 0 1.6223340034484863 490.59051513671875 181.96067810058594 523.5121459960938 211.02993774414062 4.0313478 1.4832193 1.6115984 -5.7233496 2.0171816 40.19575 1.4808977842330933 0.7560763359069824
Car 0.0 0 2.3644027709960938 0.0 211.43186950683594 258.22760009765625 375.0 3.7588398 1.426089 1.5474285 -3.37572 1.7053597 3.3330293 1.572641134262085 0.5569514036178589
Car 0.0 0 -1.2935495376586914 424.6618957519531 179.735107421875 471.9541931152344 208.07774353027344 3.881226 1.4872471 1.6093746 -9.117896 1.8957028 40.805878 -1.5133841037750244 0.29999443888664246
Car 0.0 0 -1.6437641382217407 605.2700805664062 170.88067626953125 631.371826171875 192.94454956054688 4.0558033 1.548129 1.6078249 0.5444112 1.4100266 52.698772 -1.6334339380264282 0.24667860567569733
