Pedestrian 0.0 0 -1.176788091659546 312.0022888183594 180.21908569335938 352.7005615234375 251.6344757080078 0.55691934 1.6644312 0.7478117 -6.6462116 1.842918 17.1605 -1.5462958812713623 0.36893486976623535
Pedestrian 0.0 0 -0.679378092288971 1112.39013671875 124.30825805664062 1242.0 321.9029846191406 1.0483209 1.8000715 0.5678251 5.4431615 1.3581817 6.858785 -0.008549138903617859 0.35674387216567993
Pedestrian 0.0 0 -0.8210923671722412 665.169677734375 165.74591064453125 677.4193115234375 189.41275024414062 0.7667115 1.9116414 0.6447789 4.9693127 1.3378578 58.774364 -0.7367439866065979 0.23754093050956726
Pedestrian 0.0 0 -0.9851862192153931 260.63360595703125 166.15829467773438 278.8028869628906 195.61056518554688 0.8496416 1.8220146 0.66990954 -21.29956 1.4081535 45.102554 -1.4263862371444702 0.22526845335960388
Cyclist 0.0 0 -0.8355998992919922 94.58635711669922 176.9540557861328 129.6034393310547 210.57777404785156 1.6737566 1.6874261 0.49577197 -25.745348 1.9045398 37.280357 -1.4399807453155518 0.25917327404022217
Car 0.0 0 -1.5552269220352173 566.4453125 181.29910278320312 619.5870971679688 230.75965881347656 3.7325437 1.4410577 1.5956796 -0.5727675 1.7388035 23.532473 -1.5795615911483765 0.9300361275672913
Car 0.0 0 -1.4752779006958008 507.7974853515625 177.5003204345703 550.2033081054688 212.16502380371094 3.5457442 1.4718307 1.5914893 -3.6806042 1.6955416 32.896954 -1.5866973400115967 0.888017475605011
Car 0.0 0 1.8136988878250122 326.7855224609375 174.75839233398438 376.4091491699219 203.1015167236328 4.2632923 1.5056107 1.6664053 -14.581161 1.6195483 40.826393 1.4706683158874512 0.7535024881362915
Car 0.0 0 -0.9580379724502563 768.9590454101562 178.87217712402344 818.2875366210938 199.88217163085938 3.741027 1.4305445 1.5815839 13.223429 1.8796873 51.985455 -0.7089526653289795 0.4727301597595215
Car 0.0 0 -1.4375483989715576 390.8775329589844 176.18496704101562 418.1275329589844 195.57347106933594 3.9894555 1.4778229 1.5851347 -16.447382 1.7546594 57.799145 -1.714781403541565 0.4676670730113983
