Pedestrian 0.0 0 1.8027465343475342 696.5429077148438 155.1744842529297 717.2808227539062 200.30593872070312 0.78750825 1.8107938 0.67673415 3.915651 1.101803 29.43571 1.9349939823150635 0.33424657583236694
Pedestrian 0.0 0 1.8500733375549316 753.5804443359375 149.29183959960938 791.6461791992188 228.2649383544922 0.72848636 1.8243326 0.7112204 3.821479 1.2803887 17.1552 2.069253921508789 0.3067019283771515
Pedestrian 0.0 0 -3.275491237640381 889.1629638671875 113.64374542236328 1003.99169921875 315.7765808105469 0.8963135 1.7821336 0.6472136 3.0815687 1.2604556 6.797622 -2.8498711585998535 0.23305772244930267
Pedestrian 0.0 0 -0.6614814400672913 1031.150634765625 113.14541625976562 1149.24853515625 266.71441650390625 1.041426 1.8116962 0.6302278 5.825108 1.1076553 8.865228 -0.08014952391386032 0.18938805162906647
Pedestrian 0.0 0 1.9290906190872192 739.5286865234375 134.77499389648438 773.4285278320312 204.3563995361328 0.77248996 1.8711257 0.69107056 3.9983432 0.8474945 19.910728 2.1272683143615723 0.16854630410671234
Cyclist 0.0 0 -2.008333921432495 677.5971069335938 166.5575408935547 699.9026489257812 201.58792114257812 1.703071 1.6428915 0.37767428 3.737738 1.347952 34.703438 -1.9010424613952637 0.37089860439300537
Cyclist 0.0 0 0.5508916974067688 57.64012145996094 172.6093292236328 152.2416229248047 235.67335510253906 1.9314346 1.6074066 0.715289 -13.18516 1.6015282 18.803663 -0.06064027547836304 0.2545155882835388
Cyclist 0.0 0 -2.1762733459472656 831.52099609375 131.8423309326172 966.1491088867188 294.0751037597656 1.7236848 1.7549301 0.626255 3.3634036 1.31165 8.713666 -1.8079009056091309 0.18307095766067505
Cyclist 0.0 0 -2.2154524326324463 880.888427734375 94.72016906738281 1035.9423828125 307.650146484375 1.2845247 1.743493 0.6200465 3.0709002 1.1040828 6.597898 -1.7798361778259277 0.17234617471694946
Car 0.0 0 1.9318082332611084 218.863525390625 196.1708526611328 441.9172058105469 331.9413757324219 4.1303315 1.487682 1.6634368 -3.880226 1.900725 10.692043 1.5836808681488037 0.9552685022354126
Car 0.0 0 -1.6341145038604736 632.6729125976562 175.4745635986328 691.7726440429688 229.76446533203125 3.375652 1.5031191 1.5537218 1.4643105 1.5889064 21.828287 -1.567131757736206 0.941402792930603
Car 0.0 0 1.7436808347702026 462.305908203125 182.95809936523438 528.48583984375 229.9629364013672 4.208132 1.49072 1.6428369 -4.0638013 1.8835905 25.908745 1.5880979299545288 0.895854651927948
Car 0.0 0 -2.126655340194702 989.449462890625 179.3853759765625 1242.0 375.0 4.0164366 1.4736898 1.5866321 3.9373457 1.534597 4.5800467 -1.416571855545044 0.27488163113594055
Car 0.0 0 -2.8034448623657227 395.031494140625 174.32791137695312 488.9776306152344 211.3618621826172 3.8604512 1.631317 1.5857176 -7.653286 1.7008421 32.85863 -3.032280445098877 0.20970383286476135
Car 0.0 0 1.8429476022720337 516.8674926757812 181.0565948486328 559.2000732421875 206.49685668945312 4.143934 1.5064828 1.6514357 -4.5956383 2.058215 46.3154 1.7440464496612549 0.1709667444229126
Car 0.0 0 -0.15172623097896576 663.7177734375 158.22079467773438 729.8573608398438 182.58531188964844 3.9341118 1.5035654 1.5821108 5.3934226 0.6008898 45.38061 -0.033432506024837494 0.17056986689567566
