Pedestrian 0.0 0 0.5371071696281433 383.0092468261719 178.94383239746094 466.5689697265625 324.1539001464844 0.8281574 1.7380152 0.59963095 -2.3731754 1.818349 9.070065 0.28119492530822754 0.36159831285476685
Pedestrian 0.0 0 0.6262353658676147 411.247802734375 186.683837890625 479.71673583984375 298.5204162597656 0.7698478 1.6621962 0.7250278 -2.6268322 1.8889269 11.324266 0.3983016014099121 0.31576135754585266
Pedestrian 0.0 0 2.998504877090454 676.3665771484375 186.0698699951172 697.6751098632812 233.36453247070312 0.6767196 1.6592348 0.60846996 2.706491 2.1381042 25.805153 3.1030046939849854 0.29189354181289673
Pedestrian 0.0 0 0.882631778717041 0.0 86.06046295166016 143.86227416992188 375.0 0.8096324 1.7817861 0.6957301 -3.7481768 1.2639701 4.730411 0.2125682830810547 0.28652384877204895
Pedestrian 0.0 0 -3.423973560333252 933.7866821289062 171.09117126464844 960.8973388671875 210.1298828125 0.94308597 1.6877781 0.60234094 14.7098465 1.611923 31.561647 -2.9878387451171875 0.21860595047473907
Pedestrian 0.0 0 0.19501596689224243 532.5804443359375 180.01254272460938 571.431884765625 249.2851104736328 0.8420138 1.6580848 0.6522715 -1.4657092 1.8379169 17.71581 0.11246943473815918 0.21829091012477875
Pedestrian 0.0 0 -3.679703712463379 1106.236328125 184.36727905273438 1242.0 294.9169006347656 1.443448 1.5597154 0.7229376 8.29822 1.7382205 10.715918 -3.020779609680176 0.12949854135513306
Pedestrian 0.0 0 0.9509209394454956 1156.06298828125 149.2529296875 1242.0 262.9819030761719 1.7060238 1.7890149 0.6704569 10.135081 1.4181156 12.2224455 1.6432260274887085 0.11069737374782562
Cyclist 0.0 0 0.7947920560836792 1143.57421875 152.00242614746094 1242.0 263.2440185546875 1.7735312 1.7628678 0.6803019 10.127786 1.4327867 12.345083 1.4818429946899414 0.2899112403392792
Cyclist 0.0 0 -3.679703712463379 1106.236328125 184.36727905273438 1242.0 294.9169006347656 1.443448 1.5597154 0.7229376 8.29822 1.7382205 10.715918 -3.020779609680176 0.26099008321762085
Cyclist 0.0 0 -3.423973560333252 933.7866821289062 171.09117126464844 960.8973388671875 210.1298828125 0.94308597 1.6877781 0.60234094 14.7098465 1.611923 31.561647 -2.9878387451171875 0.10463450849056244
Car 0.0 0 -1.7480554580688477 870.5531616210938 183.1527557373047 957.20458984375 241.3849334716797 3.8614488 1.4291488 1.5846434 8.458773 1.7513016 20.487371 -1.3564974069595337 0.955028772354126
Car 0.0 0 -1.6481868028640747 854.0673828125 174.49159240722656 894.5993041992188 207.26492309570312 3.7763047 1.5561135 1.6275774 13.276974 1.6439351 36.497456 -1.299290657043457 0.6939151287078857
Car 0.0 0 -2.444066047668457 338.90496826171875 175.80516052246094 549.8829956054688 259.3374328613281 3.8444607 1.4235543 1.6115984 -3.2843244 1.4876282 13.990513 -2.6746444702148438 0.613288164138794
Car 0.0 0 -2.9922356605529785 659.7164306640625 173.1875762939453 737.5111083984375 205.19764709472656 3.9291005 1.6540023 1.6927088 4.7263317 1.6728501 38.649437 -2.8705525398254395 0.5048823952674866
Car 0.0 0 -1.7272037267684937 986.1771240234375 189.34353637695312 1084.5849609375 258.2772216796875 3.7968652 1.5002842 1.6027138 10.864413 1.9761829 18.745972 -1.2019493579864502 0.38047540187835693
Car 0.0 0 -2.0635952949523926 1033.0906982421875 186.2168426513672 1242.0 297.8000793457031 3.279915 1.5249218 1.5470577 8.555324 1.7794272 11.995586 -1.444061040878296 0.2606741487979889
Car 0.0 0 1.0470415353775024 717.9002075195312 172.28073120117188 765.6093139648438 194.11927795410156 4.1231627 1.5607693 1.6518898 9.739672 1.5201565 53.783936 1.2261890172958374 0.22705817222595215
