Pedestrian 0.0 0 2.141108512878418 444.7861328125 176.23477172851562 462.1976318359375 205.2698516845703 0.8995315 1.8332996 0.7190083 -10.056342 2.052844 46.23 1.9269167184829712 0.2526445686817169
Pedestrian 0.0 0 3.596031665802002 248.77308654785156 196.19712829589844 264.9483642578125 219.0085906982422 0.8725551 1.755279 0.8193249 -27.805202 3.6055176 56.767067 3.1405675411224365 0.24011941254138947
Pedestrian 0.0 0 1.1378790140151978 654.1063232421875 145.53872680664062 681.2704467773438 196.02383422851562 0.98335224 1.8038387 0.63318783 2.0565093 0.8282188 26.348946 1.2157701253890991 0.22391073405742645
Pedestrian 0.0 0 0.28031355142593384 337.9356384277344 174.94692993164062 360.5220642089844 221.52578735351562 0.65013844 1.7086072 0.5985694 -9.730358 1.7876818 26.814163 -0.0677904337644577 0.21202115714550018
Cyclist 0.0 0 -1.6220346689224243 1122.8035888671875 33.34538650512695 1242.0 314.45703125 1.9370736 1.7582612 0.78394586 4.3570232 0.88603836 5.5271463 -0.9544715881347656 0.6291285157203674
Cyclist 0.0 0 1.1378790140151978 654.1063232421875 145.53872680664062 681.2704467773438 196.02383422851562 0.98335224 1.8038387 0.63318783 2.0565093 0.8282188 26.348946 1.2157701253890991 0.13584530353546143
Car 0.0 0 1.9741013050079346 291.1258850097656 184.32106018066406 401.32470703125 240.01260375976562 4.0734715 1.4293828 1.5957326 -7.73799 1.803741 21.451368 1.627906322479248 0.9307857751846313
Car 0.0 0 1.707664132118225 245.5845184326172 194.98072814941406 276.0572814941406 215.56248474121094 3.9073849 1.4783732 1.7085756 -28.295439 3.338135 58.509228 1.2572171688079834 0.40842902660369873
Car 0.0 0 1.489849328994751 489.2330627441406 176.45716857910156 514.6748046875 196.5081787109375 4.2886887 1.4762094 1.6120421 -8.476173 1.7686088 56.207115 1.340174674987793 0.37608060240745544
Car 0.0 0 -2.237226963043213 898.8323974609375 222.8194580078125 1242.0 375.0 3.6674433 1.457828 1.5675944 2.7850137 1.8210837 3.387488 -1.5491268634796143 0.3432447612285614
Car 0.0 0 -1.8972389698028564 740.62890625 218.03378295898438 994.4439697265625 375.0 3.8639479 1.4940548 1.638895 2.7510011 2.167724 8.79963 -1.594238519668579 0.3412270247936249
Car 0.0 0 2.1837120056152344 14.826574325561523 205.03536987304688 119.94361877441406 247.64852905273438 3.6194594 1.4565643 1.617587 -21.916315 2.8439224 29.262037 1.5408719778060913 0.31956398487091064
Car 0.0 0 -0.42782771587371826 639.3359375 185.94442749023438 763.0015869140625 232.4967803955078 3.8368006 1.4437569 1.6205419 3.0318255 1.9127781 24.481394 -0.30461302399635315 0.19897446036338806
