Pedestrian 0.0 0 1.5344594717025757 340.0191650390625 177.10104370117188 375.0559387207031 247.1232147216797 1.0207025 1.7253946 0.8072343 -6.5217133 1.8381801 18.474848 1.1951100826263428 0.4406123459339142
Pedestrian 0.0 0 -1.3616043329238892 286.4248962402344 152.56820678710938 305.2766418457031 196.95953369140625 0.55047196 1.9798081 0.6802404 -14.193469 1.0754404 32.5151 -1.7731913328170776 0.3534868657588959
Pedestrian 0.0 0 0.991915225982666 289.89501953125 143.38682556152344 320.4624328613281 201.76959228515625 0.5963538 1.816553 0.6776474 -9.716832 0.9000534 22.895039 0.5905463695526123 0.2587626874446869
Pedestrian 0.0 0 -1.4324597120285034 254.26022338867188 141.0657501220703 280.1728820800781 204.17811584472656 0.6616399 1.909171 0.63752526 -10.603739 0.94792366 22.235628 -1.8774412870407104 0.2537015676498413
Pedestrian 0.0 0 -1.3429087400436401 268.570068359375 145.51307678222656 294.6645202636719 204.24954223632812 0.65018463 1.8728613 0.64067835 -10.683444 1.0014312 23.386492 -1.7714205980300903 0.19521735608577728
Pedestrian 0.0 0 -2.262129783630371 311.51934814453125 169.0308837890625 331.4737854003906 205.4033966064453 0.6446794 1.7890056 0.6643808 -14.40449 1.601321 35.93239 -2.643392562866211 0.1771794706583023
Pedestrian 0.0 0 2.0327723026275635 360.5350646972656 181.7318878173828 406.2622375488281 245.3956298828125 1.7999476 1.7484682 0.5250824 -6.617056 2.018725 21.002935 1.727562427520752 0.10567526519298553
Cyclist 0.0 0 2.001044273376465 361.6328125 181.5031280517578 406.7325134277344 244.92750549316406 1.8182547 1.7459859 0.54998606 -6.6093473 2.0099554 21.05209 1.6968369483947754 0.5447168350219727
Car 0.0 0 2.0523555278778076 0.0 191.3509979248047 404.36676025390625 375.0 4.086603 1.4425982 1.6849369 -3.4886448 1.673832 6.9467063 1.5869483947753906 0.958633303642273
Car 0.0 0 -1.5433390140533447 494.091552734375 182.6328582763672 525.388671875 212.01724243164062 3.3747606 1.4026151 1.5156764 -5.1920724 1.9333584 37.37127 -1.6813875436782837 0.8848037123680115
Car 0.0 0 3.2262752056121826 330.35125732421875 179.4247589111328 441.3400573730469 217.3487548828125 4.4152184 1.5335655 1.7554045 -9.558632 1.8280082 30.962847 2.9268441200256348 0.8808065056800842
Car 0.0 0 1.6135344505310059 509.0230407714844 181.9323272705078 538.7529907226562 209.97120666503906 4.229659 1.5831949 1.6355095 -5.2771287 2.1684616 44.314667 1.495009422302246 0.3785085082054138
Car 0.0 0 -0.1969016045331955 602.0845947265625 169.8053436279297 653.2892456054688 190.67471313476562 3.9776738 1.6922485 1.699506 1.4221634 1.4453971 59.68463 -0.17307814955711365 0.22140035033226013
Car 0.0 0 1.6282854080200195 460.6413879394531 180.1743621826172 486.3057556152344 205.0775146484375 4.1178665 1.7297034 1.638592 -10.116919 2.294895 53.523148 1.4414699077606201 0.1691768318414688
