Pedestrian 0.0 0 1.5053631067276 418.248046875 174.11766052246094 445.23773193359375 246.18963623046875 1.7775816 1.7484784 0.5490415 -4.625229 1.7828083 18.464659 1.2599225044250488 0.12335709482431412
Cyclist 0.0 0 1.4714326858520508 416.95263671875 174.99545288085938 445.8589782714844 245.5650634765625 1.7697442 1.7107666 0.53898096 -4.6354976 1.7686888 18.46889 1.2255228757858276 0.7888245582580566
Cyclist 0.0 0 1.5227149724960327 452.4029541015625 174.60574340820312 475.2072448730469 237.01290893554688 1.783803 1.6948673 0.54647124 -4.229653 1.747451 20.577055 1.3199868202209473 0.7883135080337524
Car 0.0 0 1.0537028312683105 798.7005615234375 179.59884643554688 1242.0 375.0 4.00397 1.4585369 1.6724691 2.9458156 1.5332611 5.9080787 1.5162363052368164 0.9646788239479065
Car 0.0 0 -1.8446147441864014 664.5811157226562 176.75279235839844 781.66064453125 259.0699768066406 3.354553 1.4925294 1.521688 2.1757753 1.5835181 15.008328 -1.7006465196609497 0.9607492089271545
Car 0.0 0 -1.4867852926254272 324.02874755859375 185.5941162109375 405.0085144042969 254.0457763671875 3.5917928 1.4101074 1.5567003 -5.898718 1.7537427 17.509037 -1.8117384910583496 0.9371728301048279
Car 0.0 0 -1.7464367151260376 558.6701049804688 177.4881134033203 605.0706176757812 211.97561645507812 3.567026 1.5030664 1.5668073 -1.4102001 1.73323 33.867836 -1.7880510091781616 0.9282543659210205
Car 0.0 0 -1.8511240482330322 606.9930419921875 173.4410400390625 695.4293823242188 228.5899658203125 3.9643695 1.5244025 1.647498 1.1095796 1.54447 22.104609 -1.8009693622589111 0.8737384080886841
Car 0.0 0 1.636794924736023 357.7998962402344 182.54087829589844 421.1664733886719 238.11351013183594 3.9754202 1.5304612 1.6459935 -6.9006014 1.8645201 22.730795 1.342057466506958 0.7380399703979492
Car 0.0 0 -1.6152654886245728 540.3743896484375 178.78285217285156 567.96337890625 204.8934326171875 3.3400135 1.4969884 1.5205402 -3.4608657 1.8725677 43.910744 -1.6939188241958618 0.7339078187942505
Car 0.0 0 -1.4699549674987793 414.3348388671875 181.35984802246094 452.35626220703125 212.2864532470703 3.8615053 1.5311508 1.6093117 -9.49676 2.013457 38.85662 -1.7096610069274902 0.6145991683006287
