Cyclist 0.0 0 1.6870288848876953 467.54327392578125 174.69189453125 496.42877197265625 245.52774047851562 1.7330471 1.747895 0.5447841 -3.354058 1.798211 18.728662 1.509820580482483 0.945286214351654
Car 0.0 0 -0.4651453495025635 788.5684204101562 188.51263427734375 1066.211669921875 279.3334045410156 4.1969886 1.4342475 1.5539345 5.372257 1.7280093 12.61072 -0.062421925365924835 0.9693353772163391
Car 0.0 0 -1.722015619277954 628.2222290039062 180.42745971679688 686.8318481445312 222.0897216796875 4.2830253 1.4555944 1.6404177 1.7324281 1.7752937 28.215015 -1.6606916189193726 0.9649664759635925
Car 0.0 0 3.7159910202026367 0.0 180.9664764404297 232.36956787109375 326.5168762207031 3.882895 1.4949166 1.6612141 -6.914392 1.6030557 8.553191 3.036149501800537 0.9567989110946655
Car 0.0 0 -0.7527357339859009 1013.137451171875 197.65957641601562 1242.0 370.6083984375 3.8905814 1.451384 1.6186898 6.3382187 1.7278676 7.1647363 -0.02847140282392502 0.9065504670143127
Car 0.0 0 0.3030569553375244 298.5281066894531 182.67153930664062 448.91851806640625 234.0922088623047 4.114221 1.506 1.6472744 -7.2615094 1.8213655 22.300943 -0.011730583384633064 0.862851619720459
Car 0.0 0 2.5371177196502686 868.8750610351562 181.02854919433594 1227.1329345703125 314.45965576171875 3.949522 1.6166759 1.651275 5.747975 1.7394519 9.83065 3.0662107467651367 0.848762035369873
Car 0.0 0 -0.3823320269584656 783.8353881835938 173.19557189941406 997.7095336914062 258.65325927734375 3.819766 1.6763455 1.6055475 5.674184 1.6842042 14.999843 -0.020686285570263863 0.8359450101852417
Car 0.0 0 0.5110424757003784 0.0 155.49769592285156 316.132568359375 285.804443359375 3.9858716 1.8193592 1.7043647 -6.8758783 1.5773861 11.016234 -0.046951569616794586 0.6797498464584351
Car 0.0 0 -0.7761946320533752 1150.71533203125 189.41004943847656 1242.0 375.0 3.9552405 1.4731392 1.5722808 6.063145 1.604308 4.6415 0.1412372589111328 0.6772779226303101
Car 0.0 0 3.362656354904175 343.6670837402344 181.2965850830078 471.34796142578125 227.10507202148438 3.9817092 1.4980373 1.5501322 -6.92566 1.7987695 24.792278 3.0902528762817383 0.6549182534217834
