Pedestrian 0.0 0 -2.4708456993103027 691.4022827148438 163.323974609375 756.5498657226562 271.5740051269531 0.923059 1.7754738 0.608656 2.0549982 1.4786472 12.325698 -2.305640459060669 0.8459596037864685
Pedestrian 0.0 0 -1.9048150777816772 553.2086791992188 160.41482543945312 629.2900390625 307.4180603027344 0.9620994 1.6690222 0.6367936 -0.18869479 1.4309795 8.714916 -1.9264636039733887 0.8300973773002625
Pedestrian 0.0 0 -2.3307178020477295 759.594482421875 174.10716247558594 850.9658813476562 326.2575378417969 0.7259292 1.5670325 0.63695306 2.1737337 1.4922557 7.8658557 -2.061096429824829 0.7866833806037903
Pedestrian 0.0 0 -1.9021000862121582 877.6173706054688 160.1259307861328 991.1453857421875 370.0849304199219 0.8664053 1.597266 0.59089744 2.657908 1.4360591 5.9203033 -1.480121374130249 0.769667387008667
Pedestrian 0.0 0 -1.5739130973815918 941.7864990234375 152.2524871826172 1057.90673828125 374.0 0.72854507 1.550002 0.56967413 2.3431253 1.3927372 4.350388 -1.0798633098602295 0.7637277245521545
Pedestrian 0.0 0 1.3018252849578857 654.6029052734375 156.292236328125 706.8026123046875 272.1855773925781 0.8251423 1.772252 0.62568456 1.2066772 1.3880752 11.440313 1.4069125652313232 0.7534740567207336
Pedestrian 0.0 0 -1.973111867904663 608.4662475585938 161.7530517578125 637.5704345703125 218.14004516601562 0.92194647 1.7921482 0.6346231 0.6702786 1.1656331 23.373222 -1.9444425106048584 0.707699716091156
Pedestrian 0.0 0 0.9270675182342529 184.54080200195312 158.05474853515625 239.54391479492188 258.16790771484375 0.6434335 1.9054394 0.7065092 -7.6899095 1.4604667 14.124344 0.4285001754760742 0.5663124918937683
Pedestrian 0.0 0 -1.6330620050430298 636.913818359375 161.79232788085938 657.171630859375 213.37950134277344 1.0508353 1.799922 0.6533631 1.5947353 1.1133679 25.586143 -1.5708144903182983 0.5514646768569946
Pedestrian 0.0 0 0.33643093705177307 717.3065185546875 159.2952117919922 814.5767211914062 334.99462890625 0.8130369 1.6372935 0.532551 1.5853165 1.4317491 7.131898 0.5551600456237793 0.5248497724533081
Pedestrian 0.0 0 1.3863059282302856 405.8813781738281 156.1058349609375 455.5360107421875 258.0819091796875 1.1223887 1.8074311 0.70159996 -3.234795 1.3586165 13.384814 1.1491763591766357 0.47301197052001953
Pedestrian 0.0 0 -2.1013522148132324 782.5245971679688 162.1608123779297 858.9849243164062 295.3672790527344 0.73250806 1.6475602 0.6673692 2.7845886 1.4097024 9.317198 -1.8109365701675415 0.39920738339424133
Pedestrian 0.0 0 2.5468835830688477 687.2579956054688 154.654541015625 713.8438110351562 209.58395385742188 0.6179442 1.7645581 0.6225979 3.2132046 0.90326923 23.48919 2.6828348636627197 0.31682464480400085
Cyclist 0.0 0 1.2748818397521973 401.65399169921875 153.31353759765625 458.84393310546875 255.87677001953125 1.3942236 1.7970822 0.64976925 -3.2395086 1.304483 13.349254 1.0368106365203857 0.2887849807739258
Cyclist 0.0 0 -1.6935768127441406 651.1396484375 163.5592041015625 672.2579345703125 215.78009033203125 1.0723263 1.8295856 0.6240749 2.127354 1.2020826 25.7129 -1.6110299825668335 0.1097087562084198
Car 0.0 0 1.7166821956634521 489.88623046875 173.2883758544922 571.4066772460938 232.43870544433594 4.208465 1.4895334 1.6807263 -1.9075252 1.2839296 20.231592 1.6226756572723389 0.947634220123291
Car 0.0 0 -1.369318962097168 540.3200073242188 167.96275329589844 573.640625 191.08062744140625 4.0450463 1.578726 1.5931042 -3.1080797 0.654919 51.166958 -1.4299882650375366 0.31622397899627686
