Pedestrian 0.0 0 0.17329591512680054 361.1932678222656 175.85101318359375 383.3905029296875 222.30563354492188 0.71108973 1.7664835 0.6607684 -9.109992 1.4115138 27.709536 -0.1443396806716919 0.43131184577941895
Car 0.0 0 -1.2365467548370361 233.31668090820312 190.99803161621094 416.04327392578125 290.6697082519531 3.7371306 1.3247529 1.5806638 -4.403339 1.4348922 11.658967 -1.597663402557373 0.9809697866439819
Car 0.0 0 -1.3144598007202148 364.6305847167969 180.2054901123047 460.2235107421875 240.0360107421875 3.7143505 1.4742823 1.6139349 -5.2397137 1.3519571 19.570917 -1.576054334640503 0.946790874004364
Car 0.0 0 -1.5570544004440308 573.9163818359375 175.91368103027344 612.1865844726562 209.2333984375 3.5549676 1.4682977 1.6865723 -0.6955839 1.0595179 33.457375 -1.5778415203094482 0.9201477766036987
Car 0.0 0 -1.1328229904174805 216.0564727783203 183.29734802246094 344.082763671875 244.87750244140625 4.1208806 1.5256865 1.6122744 -8.925665 1.4792895 19.879358 -1.5548380613327026 0.8587610125541687
Car 0.0 0 -0.8795541524887085 0.0 199.6042022705078 153.63525390625 332.7108459472656 3.851998 1.4387065 1.5742226 -8.439028 1.6809392 10.112486 -1.5749897956848145 0.7314493656158447
Car 0.0 0 -1.3070073127746582 711.0297241210938 170.93873596191406 761.2579956054688 202.17236328125 3.654727 1.4919072 1.602292 6.503114 0.81108505 36.327633 -1.1298706531524658 0.5643996596336365
Car 0.0 0 -1.2328979969024658 362.22247314453125 170.90200805664062 430.4053649902344 211.7097625732422 3.5402493 1.5559162 1.5727103 -8.549274 1.0112962 29.214155 -1.5175902843475342 0.3676203489303589
Car 0.0 0 -2.1261508464813232 404.6806640625 178.24411010742188 466.3458557128906 205.03842163085938 3.876967 1.4510989 1.6004237 -9.852777 1.0746701 40.858498 -2.3627772331237793 0.3460303246974945
Car 0.0 0 2.3969879150390625 0.0 225.69386291503906 47.136688232421875 376.0 3.9046836 1.4686426 1.6203158 -4.2968664 1.7423382 2.7749033 1.399606466293335 0.293224573135376
