Pedestrian 0.0 0 -3.4587795734405518 991.3107299804688 109.41111755371094 1068.546630859375 244.8080291748047 0.8047128 1.8054533 0.46869147 5.7912097 0.8591891 9.739436 -2.9223294258117676 0.4526529610157013
Pedestrian 0.0 0 -1.2777233123779297 277.209716796875 181.3003387451172 317.76507568359375 262.8257141113281 0.6299112 1.6251779 0.6055905 -6.3164535 1.6435513 14.445287 -1.6899385452270508 0.3835064768791199
Pedestrian 0.0 0 2.9770548343658447 509.1227722167969 164.7797088623047 521.2324829101562 187.05789184570312 0.95794165 1.9057634 0.54455394 -7.7167563 0.56218284 60.87689 2.8509671688079834 0.3265793025493622
Pedestrian 0.0 0 -1.4192291498184204 789.0535888671875 162.48095703125 806.0503540039062 193.90699768066406 0.69695604 1.6552763 0.7790631 10.262341 0.7075868 37.71323 -1.153546929359436 0.2859288454055786
Pedestrian 0.0 0 -1.4548957347869873 116.13034057617188 151.99267578125 137.0384979248047 193.15174865722656 0.89916295 1.9909331 0.7541362 -23.536144 0.6134268 34.768963 -2.0499699115753174 0.19554482400417328
Pedestrian 0.0 0 -1.2296791076660156 985.166748046875 142.7652130126953 1007.1859741210938 183.71307373046875 0.65806144 1.9237119 0.741217 18.63389 0.15239802 33.70747 -0.7246795892715454 0.1918366402387619
Pedestrian 0.0 0 -3.3083548545837402 768.6375732421875 157.75372314453125 801.64306640625 189.58494567871094 1.771422 1.8112235 0.5258474 10.319889 0.5183251 40.561626 -3.059215784072876 0.19123175740242004
Pedestrian 0.0 0 -1.7522310018539429 1018.7349853515625 143.5647735595703 1039.0262451171875 184.94619750976562 0.98827076 1.9164138 0.6508171 19.950705 0.2073611 33.316017 -1.2126705646514893 0.13396844267845154
Cyclist 0.0 0 -3.305389642715454 768.4840087890625 157.96759033203125 801.8123779296875 189.9624786376953 1.7917073 1.8210863 0.520977 10.323616 0.53996974 40.574802 -3.056241989135742 0.5846368670463562
Car 0.0 0 -0.408594012260437 849.2239379882812 161.33245849609375 992.19775390625 209.28726196289062 3.8095694 1.461737 1.587878 9.870928 0.87903905 22.354656 0.0072193145751953125 0.9182303547859192
Car 0.0 0 -0.7987095713615417 0.0 206.2917022705078 295.566650390625 370.0 3.8508515 1.4245601 1.6112162 -3.196874 1.619851 3.3664374 -1.5582784414291382 0.8284884691238403
Car 0.0 0 -1.7820711135864258 472.85662841796875 165.63882446289062 517.6174926757812 196.4138946533203 4.1686745 1.6583052 1.6772994 -6.323395 0.8589196 40.340588 -1.9375560283660889 0.20575296878814697
