Car 0.0 0 -1.976111888885498 784.8115844726562 193.20513916015625 1102.8623046875 375.0 3.3973632 1.4721706 1.5731075 2.9358494 1.7258446 7.2634635 -1.591995120048523 0.9781744480133057
Car 0.0 0 3.5634374618530273 34.461036682128906 182.81005859375 348.58746337890625 285.44268798828125 4.153341 1.5195224 1.739921 -6.750772 1.6993226 11.943548 3.0489816665649414 0.9668093323707581
Car 0.0 0 -0.16767394542694092 793.4904174804688 185.22080993652344 982.2669677734375 253.26596069335938 3.9732485 1.4708086 1.5517763 6.405302 1.7845335 17.143608 0.18989181518554688 0.9453615546226501
Car 0.0 0 3.4489054679870605 294.865234375 168.3921661376953 454.8030090332031 230.01539611816406 4.147037 1.7374927 1.7121729 -6.8641663 1.6120472 21.209183 3.1359028816223145 0.94505375623703
Car 0.0 0 -2.9142708778381348 399.1331481933594 181.233154296875 504.89801025390625 225.51068115234375 4.1066113 1.810086 1.8014481 -6.714965 2.1785717 30.770878 -3.129127264022827 0.9164710640907288
Car 0.0 0 -3.49059796333313 837.4100952148438 194.9608917236328 1069.803955078125 279.4991149902344 3.9244542 1.538854 1.655692 6.7618566 2.018081 14.637797 -3.0578551292419434 0.8649833798408508
Car 0.0 0 2.8352346420288086 718.660888671875 176.18594360351562 868.8106079101562 231.15504455566406 4.7172737 1.8148203 1.7855335 6.23975 1.9353337 24.980894 3.0800070762634277 0.8555929660797119
Car 0.0 0 3.161775827407837 431.6112365722656 175.64805603027344 524.0166015625 212.06883239746094 4.392112 1.7319094 1.8298002 -6.548207 1.8755977 35.755936 2.980646848678589 0.809523344039917
Car 0.0 0 0.6258942484855652 0.0 177.1541290283203 256.4897155761719 375.0 4.105947 1.7252175 1.6573428 -5.9598546 1.7732939 7.0176973 -0.07817047089338303 0.6862494349479675
Car 0.0 0 4.010566234588623 0.0 226.52879333496094 112.69156646728516 375.0 4.1851234 1.5081862 1.6395873 -5.977804 1.9250431 4.7032404 3.1064000129699707 0.6561842560768127
