Pedestrian 0.0 0 -3.4120092391967773 1088.7803955078125 97.70365142822266 1233.19140625 320.0431823730469 0.8329463 1.7640433 0.6597223 4.619716 1.1681579 6.180474 -2.770129680633545 0.2345697432756424
Pedestrian 0.0 0 1.413559079170227 806.2308959960938 167.85971069335938 825.6728515625 205.21826171875 1.5858486 1.8068627 0.6829547 10.148107 1.56567 35.722736 1.6903469562530518 0.1598149836063385
Pedestrian 0.0 0 -1.1057088375091553 294.2135925292969 165.6383056640625 323.9704284667969 221.0058135986328 0.645627 1.8329163 0.70879716 -10.144766 1.5944018 24.229769 -1.5022228956222534 0.14920957386493683
Pedestrian 0.0 0 -1.119584321975708 176.5806427001953 166.22967529296875 225.31503295898438 252.8238067626953 0.85368997 1.8047467 0.5988364 -8.813279 1.6670439 15.48089 -1.63712477684021 0.13010889291763306
Pedestrian 0.0 0 1.9695048332214355 369.5422058105469 162.0612335205078 388.4587707519531 200.90818786621094 0.75805837 1.8193725 0.60809284 -10.982506 1.3142576 34.194283 1.658732295036316 0.12313313037157059
Cyclist 0.0 0 1.411806583404541 805.9869384765625 168.4228973388672 825.3936767578125 205.2838134765625 1.7443354 1.7818391 0.6545291 10.150665 1.5680001 35.78056 1.6882357597351074 0.755561888217926
Car 0.0 0 1.82187819480896 502.677978515625 179.3299102783203 582.7097778320312 229.04837036132812 3.9427803 1.4354411 1.6566375 -2.1325343 1.6649345 23.448843 1.7311835289001465 0.9416141510009766
Car 0.0 0 1.6997796297073364 582.512939453125 175.01361083984375 620.1300659179688 203.45208740234375 3.6181786 1.4727639 1.6108388 -0.4669543 1.5971419 39.542072 1.6879711151123047 0.8523160815238953
Car 0.0 0 -1.5562434196472168 322.69134521484375 157.2440948486328 363.58258056640625 200.76824951171875 3.494443 1.8062857 1.6063493 -11.790419 1.1588209 31.856655 -1.9107187986373901 0.44720685482025146
Car 0.0 0 1.1317503452301025 859.8018798828125 152.40818786621094 935.6524047851562 187.00779724121094 3.9376304 1.4318792 1.5749161 12.569759 0.58610255 31.872307 1.507401466369629 0.1805751770734787
Car 0.0 0 -1.6944894790649414 536.85693359375 168.447509765625 578.2925415039062 198.56077575683594 3.8676412 1.45611 1.6408888 -2.771573 1.2433947 36.944477 -1.769369125366211 0.1557249128818512
Car 0.0 0 1.7498093843460083 570.6718139648438 172.36471557617188 605.5106201171875 199.4337158203125 3.7023954 1.6398301 1.5707912 -1.3769296 1.6105475 45.654957 1.7196590900421143 0.11717893183231354
