Pedestrian 0.0 0 -0.17140811681747437 511.2372741699219 181.54013061523438 524.0205078125 209.26939392089844 0.704769 1.714433 0.5858956 -5.824793 2.2639704 45.232533 -0.2994777262210846 0.27978992462158203
Pedestrian 0.0 0 -0.19131463766098022 981.1707763671875 116.60570526123047 1081.2548828125 275.20782470703125 0.9970587 1.9243975 0.64226407 5.2959814 1.2422671 9.217443 0.33018946647644043 0.2652346193790436
Pedestrian 0.0 0 2.9002673625946045 730.177001953125 143.0608673095703 765.2943725585938 198.71266174316406 1.124622 1.9439957 0.528258 4.8175554 0.90363777 25.495995 3.0870189666748047 0.25235113501548767
Pedestrian 0.0 0 -0.7277005314826965 1103.0152587890625 143.23960876464844 1219.653564453125 292.5760803222656 1.1122009 1.8842826 0.57539845 7.1360016 1.5109749 9.43264 -0.08003826439380646 0.23394706845283508
Pedestrian 0.0 0 -2.02524733543396 832.6181640625 180.10523986816406 897.1520385742188 286.72918701171875 1.5997473 1.7010301 0.3762627 4.3073325 1.8346035 12.436166 -1.691823124885559 0.11458562314510345
Cyclist 0.0 0 -1.9580833911895752 837.8944702148438 179.45138549804688 894.5914916992188 280.22265625 1.5615488 1.61017 0.34713605 4.328605 1.731312 12.41832 -1.6226866245269775 0.7723289132118225
Car 0.0 0 -1.7922650575637817 698.9151611328125 175.18763732910156 849.2635498046875 287.5277404785156 3.66887 1.6125255 1.6682538 2.5510683 1.6585824 12.279004 -1.5874205827713013 0.9802247881889343
Car 0.0 0 1.8281803131103516 356.2254943847656 184.51138305664062 511.7571716308594 299.04901123046875 3.307099 1.5527831 1.6585354 -2.7552133 1.77085 11.796357 1.598728895187378 0.9733535647392273
Car 0.0 0 -1.7205743789672852 678.68115234375 182.2521209716797 768.8086547851562 256.4604797363281 3.3697433 1.520816 1.5705434 2.5096767 1.7632818 16.898283 -1.573135495185852 0.9486138820648193
Car 0.0 0 -1.7311511039733887 653.7514038085938 172.77182006835938 733.9448852539062 236.2460479736328 4.418708 1.7598397 1.741271 2.4200206 1.7579195 22.253725 -1.6228300333023071 0.9349690675735474
Car 0.0 0 1.6825079917907715 527.3204956054688 178.65423583984375 568.1317749023438 211.68846130371094 3.8652222 1.5394508 1.6234826 -3.1134903 1.8470242 36.26111 1.5968550443649292 0.8949474096298218
Car 0.0 0 -1.6863921880722046 643.7816772460938 172.8313446044922 687.2032470703125 208.30856323242188 4.264546 1.6806304 1.6865844 2.694641 1.6799154 36.343517 -1.6123839616775513 0.7949508428573608
