Car 0.0 0 -1.9917421340942383 705.9033813476562 195.3744354248047 951.4032592773438 344.9834899902344 3.6627932 1.4136976 1.5912172 2.4888904 1.7658234 9.332707 -1.7311228513717651 0.9816292524337769
Car 0.0 0 -1.6992924213409424 585.0382080078125 188.14747619628906 649.0249633789062 236.15049743652344 3.9605174 1.4111162 1.6658709 0.11230406 1.976644 24.593626 -1.6947261095046997 0.9591198563575745
Car 0.0 0 1.942324161529541 0.0 214.2390899658203 257.63671875 375.0 3.7104323 1.492195 1.6234303 -5.9495087 2.135273 9.222817 1.3694113492965698 0.9301105737686157
Car 0.0 0 1.7540104389190674 401.1165466308594 189.9405975341797 446.1536560058594 224.5338592529297 3.6448193 1.6878296 1.7183163 -10.03426 2.6546862 38.93348 1.5017714500427246 0.9155215620994568
Car 0.0 0 -2.922466278076172 795.5482177734375 171.20115661621094 919.4220581054688 219.43402099609375 3.7337236 1.5344406 1.6383835 8.378243 1.4822166 24.622448 -2.594487190246582 0.9076106548309326
Car 0.0 0 -1.6657418012619019 572.3380126953125 183.45716857910156 622.1582641601562 224.65586853027344 4.3257895 1.5460638 1.6839317 -0.650692 2.0273254 30.476456 -1.687089204788208 0.862657368183136
Car 0.0 0 1.5906407833099365 1135.6297607421875 169.33889770507812 1242.0 256.7082824707031 3.7577114 1.3678068 1.5372939 10.696184 1.313134 13.225513 2.2706966400146484 0.7306683659553528
Car 0.0 0 2.2436866760253906 0.0 223.8224334716797 112.88223266601562 375.0 4.152989 1.489286 1.6640425 -5.171763 1.9671297 4.567406 1.3963136672973633 0.7045096755027771
Car 0.0 0 -2.883591890335083 724.689208984375 178.3509521484375 829.5022583007812 218.2099151611328 4.068323 1.5849293 1.7020277 7.0914536 1.8333334 30.856527 -2.6576943397521973 0.6622258424758911
Car 0.0 0 0.3276326656341553 1076.27197265625 192.99830627441406 1242.0 375.0 3.9486387 1.5371622 1.6337519 3.7222774 1.6580588 2.2139397 1.3618558645248413 0.567488968372345
