Pedestrian 0.0 0 2.4045732021331787 959.540771484375 217.86412048339844 1037.1810302734375 337.76727294921875 0.9179186 1.8280199 0.6449775 6.2579556 2.587529 11.741832 2.8942418098449707 0.22866789996623993
Pedestrian 0.0 0 1.987104892730713 315.2618408203125 186.5860137939453 334.41387939453125 215.15823364257812 1.2489643 1.6288962 0.5929796 -16.775595 2.4479387 42.37869 1.6101813316345215 0.20259661972522736
Pedestrian 0.0 0 -1.880540370941162 836.0538940429688 134.906005859375 891.1884765625 240.53643798828125 0.8615961 1.7728231 0.6703965 4.341795 1.1362897 12.545545 -1.5473597049713135 0.19849620759487152
Pedestrian 0.0 0 -1.5786380767822266 142.2257843017578 168.44134521484375 162.54710388183594 218.26535034179688 0.6342685 1.7949874 0.62247145 -16.80724 1.6363727 26.4271 -2.1450977325439453 0.1497836858034134
Pedestrian 0.0 0 -3.574388027191162 1105.6534423828125 31.99152946472168 1242.0 325.2189025878906 0.58525103 1.7351431 0.6699362 3.6246886 0.9019617 4.6593933 -2.9132490158081055 0.11510922759771347
Pedestrian 0.0 0 2.7854652404785156 115.30224609375 176.32923889160156 151.94497680664062 261.09417724609375 0.423038 1.6811603 0.6464466 -9.757415 1.754065 14.698423 2.1994214057922363 0.10433192551136017
Pedestrian 0.0 0 -1.4167723655700684 156.7056121826172 177.95089721679688 181.2629852294922 225.89083862304688 1.1957165 1.769442 0.6226217 -16.807163 1.9684222 27.443352 -1.9662823677062988 0.10380751639604568
Cyclist 0.0 0 1.9891555309295654 315.3943176269531 186.74241638183594 334.3057556152344 215.41436767578125 1.2415342 1.6350334 0.5801276 -16.778755 2.4635155 42.388115 1.61224365234375 0.31942230463027954
Cyclist 0.0 0 2.5271759033203125 959.4046020507812 217.71957397460938 1050.46044921875 331.23150634765625 1.1897123 1.747456 0.5691145 6.3591676 2.4996643 11.736147 3.0237362384796143 0.27069076895713806
Cyclist 0.0 0 1.8531444072723389 466.4110107421875 173.93206787109375 479.97564697265625 199.1611328125 1.7135993 1.8273243 0.5278941 -10.109061 1.9085002 53.21067 1.6654000282287598 0.2446581870317459
Cyclist 0.0 0 -0.18634700775146484 56.05416488647461 188.3838653564453 105.31151580810547 231.61778259277344 1.6714834 1.8430703 0.70912385 -23.667637 2.5553715 32.222168 -0.8198632597923279 0.17292416095733643
Cyclist 0.0 0 -2.028717041015625 832.3639526367188 138.4799041748047 897.1206665039062 247.83175659179688 1.1280328 1.798364 0.6149313 4.3247724 1.2334169 12.461103 -1.69466233253479 0.10748179256916046
Car 0.0 0 1.797101616859436 423.3800048828125 180.3974609375 474.9988098144531 212.59817504882812 3.9059746 1.430301 1.6027215 -7.75306 1.8162905 34.923904 1.5786457061767578 0.9644941687583923
Car 0.0 0 -1.4212651252746582 783.7491455078125 159.0749053955078 814.0877685546875 184.04603576660156 3.9684901 1.982863 1.8502358 15.581396 0.8890744 59.480137 -1.165062427520752 0.14872713387012482
Car 0.0 0 -1.5455307960510254 631.781005859375 165.4899139404297 655.0052490234375 187.76983642578125 4.418666 1.7445621 1.7802252 2.7301695 1.1682957 58.762516 -1.49910306930542 0.12517495453357697
Car 0.0 0 2.328787088394165 258.4806213378906 174.3599395751953 334.68072509765625 204.3905029296875 4.027418 1.6318175 1.7385024 -18.027464 1.7236044 41.613747 1.9199837446212769 0.1006462424993515
