Pedestrian 0.0 0 -1.6862386465072632 609.50830078125 170.75930786132812 637.6165161132812 234.47494506835938 1.0500416 1.8787634 0.7309441 0.6318118 1.5631858 21.733303 -1.6571756601333618 0.6981244683265686
Pedestrian 0.0 0 1.8987834453582764 654.4407958984375 180.61312866210938 687.7379150390625 258.9761962890625 0.68966275 1.7301046 0.560721 1.5480529 1.7117445 16.286331 1.9935510158538818 0.6939836740493774
Pedestrian 0.0 0 1.4133734703063965 633.3224487304688 168.42947387695312 670.5056762695312 257.546875 0.58349437 1.6101844 0.60006917 0.8871668 1.3752933 13.294098 1.480008602142334 0.690018892288208
Pedestrian 0.0 0 -1.1552258729934692 708.4129638671875 167.69366455078125 746.4931640625 244.29190063476562 0.77245086 1.8034661 0.65433973 3.0245416 1.4796054 17.413023 -0.9832474589347839 0.6178580522537231
Pedestrian 0.0 0 2.1856846809387207 401.6253967285156 174.55126953125 434.7621154785156 241.04664611816406 0.6102401 1.7437077 0.6223202 -4.933854 1.562661 19.230137 1.9345332384109497 0.5860109329223633
Pedestrian 0.0 0 2.5580031871795654 425.47955322265625 179.1121368408203 459.1617126464844 248.42530822753906 0.5715727 1.7463342 0.6736082 -4.1396523 1.6873543 18.53524 2.3382697105407715 0.5534315705299377
Pedestrian 0.0 0 2.646951198577881 665.0530395507812 174.9937744140625 711.9550170898438 264.156494140625 0.65899557 1.5961394 0.58540785 1.5609658 1.4809396 13.250124 2.764218330383301 0.49644336104393005
Pedestrian 0.0 0 -0.3462945818901062 1014.4902954101562 142.76014709472656 1120.513916015625 295.4111022949219 0.91138834 1.7702616 0.6584184 5.600438 1.3223515 8.749632 0.22307324409484863 0.4624742567539215
Pedestrian 0.0 0 -0.5639835596084595 288.7689514160156 174.21038818359375 311.836669921875 226.53216552734375 0.51930887 1.8505181 0.6078321 -10.834203 1.5937574 25.790316 -0.961686372756958 0.41721826791763306
Pedestrian 0.0 0 1.4851315021514893 724.6068725585938 170.87933349609375 745.2771606445312 230.64109802246094 0.70098805 1.8066746 0.56510526 4.072981 1.4867193 22.089699 1.6674673557281494 0.36143648624420166
Pedestrian 0.0 0 0.6466750502586365 145.0689239501953 174.32086181640625 193.60475158691406 278.78167724609375 0.36177915 1.7389123 0.7079705 -7.446508 1.6206911 12.325929 0.10322165489196777 0.3551110625267029
Pedestrian 0.0 0 1.8171712160110474 747.701171875 164.10321044921875 773.44580078125 227.3546142578125 0.71613264 1.7646433 0.56032306 4.512045 1.2804418 20.48365 2.0339841842651367 0.24612461030483246
Pedestrian 0.0 0 -1.0692617893218994 729.75048828125 172.91995239257812 774.1687622070312 236.76414489746094 1.4033515 1.6522204 0.56535953 4.024842 1.4313517 19.304226 -0.8637111186981201 0.1755904257297516
Pedestrian 0.0 0 1.379845142364502 952.0845947265625 133.9075164794922 1021.9910278320312 266.5791015625 1.6009511 1.7200987 0.56604326 5.3684373 1.1043894 10.158849 1.8659923076629639 0.16317147016525269
Cyclist 0.0 0 1.4314312934875488 953.8851318359375 137.61009216308594 1021.9524536132812 278.2514343261719 1.7815219 1.7889423 0.58500826 5.330733 1.2320017 10.071657 1.918228030204773 0.5592638850212097
Cyclist 0.0 0 -0.9990706443786621 1076.6046142578125 108.92057037353516 1178.01708984375 216.39248657226562 1.7867655 1.7575866 0.5210892 8.97765 0.5719187 12.310177 -0.36895832419395447 0.27918684482574463
Cyclist 0.0 0 -1.1045725345611572 731.5772094726562 174.91465759277344 772.8366088867188 238.84332275390625 1.3442434 1.6674284 0.5486565 4.0574985 1.4968365 19.430208 -0.8987066745758057 0.24584528803825378
Cyclist 0.0 0 1.2739347219467163 607.4445190429688 172.619873046875 640.815185546875 235.37994384765625 1.2226493 1.8336704 0.6746438 0.6446722 1.5753515 21.663765 1.3036839962005615 0.21092408895492554
Car 0.0 0 1.7054252624511719 535.9273681640625 182.72467041015625 575.3004760742188 212.4513397216797 3.8364017 1.5052875 1.6069815 -2.4091163 1.5750988 38.504078 1.6429388523101807 0.906341552734375
Car 0.0 0 1.6651862859725952 547.9442138671875 166.4307403564453 572.70849609375 190.5210418701172 4.102735 1.933056 1.6781586 -3.3558197 0.72437626 59.72005 1.6090527772903442 0.4842863082885742
