Pedestrian 0.0 0 -1.152532696723938 750.5590209960938 148.60572814941406 780.7073364257812 211.94137573242188 0.62988496 1.7831223 0.648699 4.4318757 1.1008061 20.756552 -0.94217449426651 0.5060127377510071
Pedestrian 0.0 0 -0.13475725054740906 839.9163208007812 151.94680786132812 893.8909301757812 244.2792205810547 0.9628199 1.8497313 0.6885017 5.23431 1.4312471 14.886483 0.2033555507659912 0.3274182379245758
Pedestrian 0.0 0 2.4494495391845703 910.539306640625 123.52155303955078 1024.5816650390625 285.03387451171875 1.0280312 1.8074185 0.6499324 4.1479754 1.255717 8.508913 2.903035879135132 0.1907847821712494
Pedestrian 0.0 0 -0.6792341470718384 767.9721069335938 168.52113342285156 796.36083984375 216.11993408203125 0.7622207 1.632134 0.5892885 5.959711 1.4839205 25.168716 -0.44672614336013794 0.1820840984582901
Pedestrian 0.0 0 -2.5306882858276367 125.10604095458984 150.76339721679688 213.84127807617188 293.6719665527344 0.84559375 1.8727984 0.5808673 -6.0030937 1.5836617 9.768115 -3.081744909286499 0.1795291304588318
Car 0.0 0 -1.6667975187301636 656.7647094726562 171.8074493408203 739.8836059570312 241.86233520507812 3.5162914 1.4801056 1.5844901 1.9314469 1.458352 17.013151 -1.5537548065185547 0.9582932591438293
Car 0.0 0 1.8134589195251465 408.6592102050781 182.5284881591797 520.7974243164062 257.69244384765625 4.009889 1.5335422 1.7035513 -3.3785555 1.7931759 17.289661 1.6204816102981567 0.9577252268791199
Car 0.0 0 2.52547025680542 0.0 217.4116973876953 179.4868621826172 375.0 3.7752528 1.5149823 1.6102526 -3.6864734 1.8048867 2.7756155 1.6000405550003052 0.5671173930168152
Car 0.0 0 1.6894662380218506 607.4674072265625 168.4693145751953 631.3873291015625 190.29501342773438 3.8600304 1.7985641 1.5938281 0.81091255 1.437597 61.474148 1.702656626701355 0.2741965055465698
Car 0.0 0 -3.260572671890259 694.5719604492188 157.0775146484375 776.17724609375 190.38343811035156 3.8785684 1.6358863 1.6631058 6.229241 0.8613506 36.36572 -3.0909247398376465 0.22758814692497253
