Car 0.0 0 -1.7334927320480347 696.0167846679688 173.02310180664062 816.2843627929688 273.5108337402344 3.9475932 1.730863 1.6852118 2.7052293 1.735069 14.424579 -1.5481032133102417 0.9680038094520569
Car 0.0 0 -1.7210955619812012 665.7025756835938 180.61976623535156 749.2139282226562 240.3972625732422 4.2673674 1.4867839 1.7156146 2.6209896 1.7326746 20.656628 -1.594886302947998 0.9523926973342896
Car 0.0 0 3.50419282913208 170.8780517578125 182.01217651367188 407.2127685546875 261.6981201171875 4.1006594 1.4979225 1.5471156 -6.420111 1.6952412 14.638559 3.0908801555633545 0.9501885771751404
Car 0.0 0 -1.6999317407608032 649.2977294921875 174.9544219970703 699.9779052734375 217.47625732421875 3.6707642 1.6331612 1.6089087 2.5616562 1.7256073 29.762835 -1.6140743494033813 0.9251757264137268
Car 0.0 0 0.7410722970962524 0.0 139.4545135498047 220.1794891357422 348.4953918457031 4.135399 1.7856374 1.7210451 -6.3854785 1.5006953 7.028584 0.0035800933837890625 0.921598494052887
Car 0.0 0 -2.254237174987793 870.1093139648438 194.0831298828125 1242.0 375.0 4.0697007 1.4708753 1.6086534 2.7555823 1.6336162 3.4715836 -1.5833165645599365 0.8787964582443237
Car 0.0 0 0.49101555347442627 83.36990356445312 190.7384033203125 371.0657958984375 295.4223937988281 3.9935002 1.5978382 1.57582 -6.3163786 1.9180263 12.093438 0.009689092636108398 0.8700016140937805
Car 0.0 0 3.677161693572998 0.0 195.01731872558594 303.278564453125 325.81121826171875 4.4710517 1.4896584 1.5508548 -6.6552215 1.8102719 9.479206 3.0650367736816406 0.8541713953018188
Car 0.0 0 3.3286380767822266 406.052001953125 165.45738220214844 497.5236511230469 201.3201904296875 3.8702066 1.6062535 1.6649307 -7.263975 1.2753257 33.201073 3.1132447719573975 0.846193253993988
Car 0.0 0 -1.6713908910751343 636.8107299804688 177.49658203125 668.6026000976562 205.274169921875 3.471003 1.5812397 1.5622294 2.4998865 1.8724239 43.429188 -1.6138919591903687 0.819707453250885
