Pedestrian 0.0 0 0.5748130083084106 387.6063537597656 148.9642791748047 463.4351806640625 269.92840576171875 0.92883044 1.8079164 0.67740166 -2.8382301 1.3382485 11.031091 0.322981595993042 0.8511561155319214
Pedestrian 0.0 0 1.1293227672576904 649.997314453125 153.36648559570312 710.4378662109375 251.07958984375 0.93987924 1.7512287 0.7981329 1.352836 1.2665799 13.24291 1.2311251163482666 0.7502564787864685
Pedestrian 0.0 0 -2.0622668266296387 116.1911392211914 172.1154022216797 166.60009765625 255.86630249023438 0.7220039 1.6000328 0.5543797 -9.169421 1.4414817 13.918698 -2.6447925567626953 0.7143843770027161
Pedestrian 0.0 0 0.8039195537567139 0.0 191.96774291992188 51.710350036621094 276.64019775390625 0.7782796 1.607347 0.5081113 -11.418445 1.8375745 13.793292 0.11244034767150879 0.6744372248649597
Pedestrian 0.0 0 -2.871952533721924 394.8003845214844 167.90170288085938 457.1344909667969 277.2794189453125 0.8855214 1.7994516 0.63974243 -3.0597122 1.5938394 11.955463 -3.1225006580352783 0.45792895555496216
Pedestrian 0.0 0 0.8541195392608643 93.97846984863281 179.6339111328125 141.00706481933594 255.9531707763672 0.6371016 1.5738107 0.5283465 -10.318873 1.557575 14.909835 0.24872541427612305 0.4079342484474182
Pedestrian 0.0 0 1.8196871280670166 157.83523559570312 153.9980926513672 176.12782287597656 190.62789916992188 0.7486428 1.9410164 0.6714692 -23.499662 0.53808784 37.91967 1.2648921012878418 0.35080623626708984
Pedestrian 0.0 0 -2.433387517929077 1174.8258056640625 142.27880859375 1224.0 210.3627471923828 0.94007015 1.9321239 0.68538547 17.299816 0.8490342 20.579624 -1.7343593835830688 0.337364137172699
Cyclist 0.0 0 -1.6207590103149414 943.380615234375 149.24266052246094 963.9609375 207.6536102294922 1.8638054 1.7050589 0.46584672 10.599266 0.7942008 21.582375 -1.1642507314682007 0.7728227972984314
Cyclist 0.0 0 0.054104626178741455 323.33441162109375 157.9490509033203 427.18524169921875 254.24476623535156 1.753072 1.6754298 0.5901635 -4.174396 1.2847155 12.80807 -0.2609584331512451 0.7691917419433594
Cyclist 0.0 0 -0.8138536214828491 1021.8056640625 144.3340301513672 1077.3057861328125 194.14170837402344 1.8571868 1.7742051 0.596369 16.134127 0.48745686 25.702284 -0.25329264998435974 0.5818158388137817
Cyclist 0.0 0 -2.5457541942596436 195.11569213867188 137.8517303466797 311.582763671875 230.94248962402344 1.8597714 1.6526076 0.6755749 -6.4964857 0.8971308 13.004739 -3.009039878845215 0.27252820134162903
Car 0.0 0 -1.0881984233856201 0.0 190.4969940185547 408.96343994140625 370.0 3.804474 1.4422958 1.5526075 -3.1889114 1.5626518 6.467686 -1.546272873878479 0.9786343574523926
Car 0.0 0 1.654062032699585 456.6128845214844 169.53089904785156 488.4320068359375 195.0767822265625 4.142194 1.6318479 1.7560021 -8.815836 0.93249035 47.309715 1.469831943511963 0.7861316204071045
Car 0.0 0 -0.712365448474884 1146.083251953125 147.81436157226562 1224.0 197.15269470214844 3.8039317 1.4900725 1.6290098 19.476543 0.5044898 22.178865 0.008250236511230469 0.724746584892273
