Pedestrian 0.0 0 2.222104072570801 138.76612854003906 168.20677185058594 166.67893981933594 213.46263122558594 0.7234549 1.934448 0.7323755 -19.828844 1.7361614 31.230879 1.6564090251922607 0.5077759027481079
Pedestrian 0.0 0 2.244544744491577 272.0752258300781 145.8586883544922 318.3213806152344 205.9789276123047 1.3656639 1.8012918 0.5919193 -9.78059 0.99283016 22.3517 1.8320696353912354 0.15830349922180176
Pedestrian 0.0 0 -2.007364511489868 664.8396606445312 170.89146423339844 681.2761840820312 200.25218200683594 0.8900495 1.8272755 0.7219793 3.936347 1.7054946 45.444305 -1.9209611415863037 0.13173608481884003
Pedestrian 0.0 0 -1.0906150341033936 0.0 164.57098388671875 30.105274200439453 212.82810974121094 1.5336279 1.7770207 0.5826872 -22.821999 1.4723656 27.378445 -1.7854962348937988 0.11679013073444366
Cyclist 0.0 0 2.244544744491577 272.0752258300781 145.8586883544922 318.3213806152344 205.9789276123047 1.3656639 1.8012918 0.5919193 -9.78059 0.99283016 22.3517 1.8320696353912354 0.1614702194929123
Cyclist 0.0 0 0.7911498546600342 152.4032745361328 183.83282470703125 186.17918395996094 218.8862762451172 1.4823852 1.7457318 0.5952651 -22.44658 2.3115063 36.69024 0.24210906028747559 0.11668603867292404
Car 0.0 0 -1.5460913181304932 570.5775146484375 173.40162658691406 607.8758544921875 207.9768524169922 4.423826 1.6061416 1.7362646 -1.0143664 1.635354 35.80043 -1.5744177103042603 0.9086167812347412
Car 0.0 0 2.0400466918945312 159.0604248046875 179.7095947265625 234.33572387695312 212.44387817382812 4.360471 1.6196928 1.7299002 -22.175001 2.0102937 38.849247 1.5213773250579834 0.17553560435771942
Car 0.0 0 -1.5198181867599487 516.2371215820312 185.12362670898438 553.2379150390625 219.876953125 3.6783032 1.5281695 1.5976665 -3.6341076 2.1544971 34.929836 -1.6234854459762573 0.17068631947040558
Car 0.0 0 -2.2827467918395996 1200.3338623046875 133.71829223632812 1242.0 180.40087890625 4.693208 2.4751644 1.7917184 35.990227 0.40050206 40.612236 -1.5576132535934448 0.12165332585573196
Car 0.0 0 -2.39914870262146 151.8121337890625 159.109375 231.62562561035156 186.09353637695312 4.1060195 1.5681748 1.6360186 -25.041115 0.76976883 43.16967 -2.9247794151306152 0.10303632915019989
