Car 0.0 0 -1.7718199491500854 688.8473510742188 180.67770385742188 811.3368530273438 265.34771728515625 4.399485 1.4778587 1.6294222 2.7200816 1.6673377 15.220053 -1.5949701070785522 0.9790524840354919
Car 0.0 0 0.3636670708656311 293.4004821777344 183.6663818359375 474.01312255859375 244.6177978515625 4.246106 1.5003858 1.6313225 -5.9344735 1.8002348 19.038437 0.06150197982788086 0.9598105549812317
Car 0.0 0 -2.16675066947937 828.5736083984375 193.90570068359375 1242.0 375.0 3.4337356 1.4041595 1.5172361 2.9797065 1.613244 5.373385 -1.6604357957839966 0.9572001099586487
Car 0.0 0 3.655331611633301 5.058032035827637 186.61334228515625 322.56072998046875 298.42291259765625 3.7997167 1.5303365 1.623655 -6.639357 1.7562981 10.957512 3.11057186126709 0.9533852338790894
Car 0.0 0 -2.4480600357055664 0.0 188.0128936767578 270.64801025390625 331.23822021484375 3.852838 1.4759754 1.555491 -6.3342743 1.6733762 8.497524 -3.088627338409424 0.949803352355957
Car 0.0 0 0.500140905380249 131.02957153320312 179.20558166503906 374.8886413574219 271.3994445800781 3.7706792 1.5851187 1.562912 -6.5594316 1.710952 13.386617 0.044525861740112305 0.9135485291481018
Car 0.0 0 -1.7200820446014404 666.8935546875 178.90286254882812 727.5244140625 222.59375 3.9279304 1.4180287 1.5792373 3.0121508 1.6526841 25.95583 -1.604549765586853 0.8975210785865784
Car 0.0 0 3.387009382247925 348.44476318359375 162.02493286132812 472.0849304199219 211.5129852294922 3.6964643 1.590688 1.5709621 -6.6236944 1.2429687 24.018545 3.1179234981536865 0.7740827798843384
Car 0.0 0 -1.5964070558547974 647.1234130859375 173.8824462890625 675.665283203125 200.92031860351562 4.0586286 1.6166009 1.6775515 3.158125 1.684557 45.359367 -1.5268946886062622 0.7707037925720215
Car 0.0 0 0.8407703638076782 0.0 205.6575469970703 134.14031982421875 375.0 3.998715 1.5185494 1.6292866 -6.6565566 1.838377 6.1741366 0.017791032791137695 0.7481597661972046
Car 0.0 0 3.368746519088745 323.9971618652344 182.6610870361328 462.2917785644531 233.34127807617188 3.7164297 1.429057 1.4638426 -6.433773 1.7334675 21.519213 3.0782275199890137 0.7090239524841309
