Pedestrian 0.0 0 1.5034550428390503 726.0997924804688 164.59619140625 764.2686767578125 264.18487548828125 0.7709338 1.8064156 0.64818084 2.4680018 1.656987 13.5047245 1.6842113733291626 0.40776219964027405
Pedestrian 0.0 0 2.8822853565216064 193.6218719482422 196.05120849609375 226.13682556152344 245.60440063476562 0.82214147 1.6363066 0.7225935 -13.842177 2.4541514 24.879358 2.374563217163086 0.2866843342781067
Pedestrian 0.0 0 2.082144260406494 250.8433837890625 190.04129028320312 281.06195068359375 243.4943389892578 0.7082858 1.7064792 0.62861305 -11.314957 2.2790735 23.646433 1.6358393430709839 0.27199870347976685
Pedestrian 0.0 0 0.3900691270828247 472.2177429199219 176.5773162841797 496.0625305175781 225.08230590820312 0.6670117 1.7058419 0.5874115 -4.5389237 1.8411251 25.785898 0.21583056449890137 0.20901796221733093
Pedestrian 0.0 0 1.4893522262573242 428.5367126464844 162.2987518310547 449.41156005859375 211.27098083496094 0.8332635 1.744121 0.6702027 -6.257616 1.3685596 26.194578 1.2548573017120361 0.17272552847862244
Pedestrian 0.0 0 -1.4124994277954102 369.7466125488281 158.1634979248047 389.48699951171875 205.5147247314453 0.6007938 1.8612809 0.66281545 -9.204292 1.2841852 28.706547 -1.7227773666381836 0.13276754319667816
Pedestrian 0.0 0 2.2876675128936768 216.80145263671875 161.19361877441406 247.66502380371094 212.231201171875 0.6242556 1.8005848 0.75544906 -13.571602 1.3895694 25.843803 1.804111123085022 0.13080842792987823
Pedestrian 0.0 0 2.007972240447998 392.93426513671875 177.70652770996094 430.3786315917969 242.00640869140625 1.0063115 1.7486612 0.65028167 -5.604131 1.8889453 20.25307 1.7380213737487793 0.12539446353912354
Cyclist 0.0 0 1.6423141956329346 1165.793212890625 147.99537658691406 1185.657958984375 191.96261596679688 1.4752233 1.7586643 0.538414 23.162357 0.76469153 29.58584 2.306532621383667 0.1447330117225647
Car 0.0 0 -1.7948023080825806 2.3008506298065186 197.3817901611328 121.13304901123047 267.76043701171875 3.6219332 1.5291293 1.6847317 -14.331646 2.22796 18.738602 -2.447720527648926 0.8907403945922852
Car 0.0 0 -1.3879214525222778 0.0 199.55392456054688 69.37691497802734 254.6927947998047 3.5716205 1.4805052 1.6093949 -18.761545 2.4123466 23.216185 -2.067596197128296 0.2662169635295868
Car 0.0 0 -2.15171217918396 393.61126708984375 163.53717041015625 488.0942077636719 204.2493133544922 4.13809 1.4827217 1.584054 -6.7260156 1.143764 28.271374 -2.3852791786193848 0.17515820264816284
Car 0.0 0 -0.2372502088546753 2.620725154876709 167.54739379882812 115.56011962890625 204.84075927734375 3.8800824 1.6220075 1.6422364 -25.467983 1.3915646 33.402836 -0.8886716365814209 0.14328137040138245
