Pedestrian 0.0 0 -2.415043830871582 0.0 97.34211730957031 63.384761810302734 247.309326171875 0.6768345 1.7810451 0.54682624 -7.3081365 0.8846065 8.851948 -3.105198621749878 0.5183647871017456
Pedestrian 0.0 0 0.020744383335113525 654.2268676757812 164.00698852539062 672.9935302734375 200.86392211914062 0.92482543 1.825418 0.5310453 2.643061 1.3876085 36.040672 0.0939488410949707 0.1879684329032898
Pedestrian 0.0 0 0.8987547159194946 1037.6531982421875 153.0069122314453 1189.3778076171875 316.9562683105469 1.6915745 1.7813044 0.55764556 5.932549 1.5660244 8.700739 1.4971914291381836 0.13974785804748535
Cyclist 0.0 0 0.8977956175804138 1035.3870849609375 152.0083770751953 1190.2208251953125 317.87286376953125 1.7251993 1.7997825 0.57099456 5.9257755 1.5739461 8.708281 1.4952976703643799 0.2787764370441437
Car 0.0 0 -1.6814881563186646 672.8974609375 180.73133850097656 731.3735961914062 228.49722290039062 3.7538145 1.5659722 1.6807047 3.2206585 1.8725722 26.161346 -1.5589969158172607 0.9723367691040039
Car 0.0 0 1.090019941329956 814.8161010742188 206.6262664794922 1242.0 375.0 3.982534 1.4266835 1.6254529 3.0679524 1.8048028 6.0667214 1.5582187175750732 0.9563514590263367
Car 0.0 0 1.9253177642822266 181.13894653320312 181.10003662109375 459.2315673828125 341.7895812988281 4.0912423 1.4289762 1.6816387 -3.1470525 1.5519506 8.675297 1.5773208141326904 0.9542423486709595
Car 0.0 0 -1.6946684122085571 661.273681640625 179.43148803710938 708.6637573242188 217.54339599609375 3.7602134 1.5322105 1.5959883 3.1776044 1.8375866 31.558796 -1.5943182706832886 0.9021422863006592
Car 0.0 0 1.7366360425949097 545.2109375 175.63442993164062 582.1984252929688 202.27743530273438 3.9629042 1.52367 1.6067585 -2.791482 1.70051 43.742374 1.6729060411453247 0.7302624583244324
Car 0.0 0 1.2340785264968872 623.3688354492188 174.8997039794922 652.9537963867188 192.24484252929688 3.8503242 1.5066273 1.4783945 2.4921026 1.6977209 65.214005 1.272274136543274 0.1938904970884323
