Pedestrian 0.0 0 -2.946969747543335 509.6624755859375 164.8723907470703 520.0809326171875 186.9925537109375 0.77439404 1.8930454 0.6754483 -7.7385864 0.5568279 60.86767 -3.0734291076660156 0.5630625486373901
Pedestrian 0.0 0 3.4271352291107178 130.74192810058594 117.83378601074219 211.93157958984375 255.48284912109375 0.8223317 1.832151 0.6158347 -6.0452623 0.9997169 9.811444 2.874929666519165 0.375016450881958
Pedestrian 0.0 0 -0.5341081619262695 995.2994384765625 115.36488342285156 1064.436279296875 241.06231689453125 0.7328386 1.6978868 0.36313033 5.7919955 0.8197301 9.728278 0.0029053688049316406 0.32659536600112915
Pedestrian 0.0 0 -1.0916894674301147 116.89041137695312 151.62796020507812 140.57041931152344 192.41806030273438 0.7991739 1.9761064 0.6718145 -23.374474 0.5788191 34.68372 -1.684705138206482 0.2862798273563385
Pedestrian 0.0 0 -3.149770736694336 789.27783203125 162.4574432373047 805.0491943359375 196.00274658203125 0.806606 1.7735093 0.6636354 10.258736 0.82102656 37.799446 -2.8847553730010986 0.24818742275238037
Pedestrian 0.0 0 -2.9436392784118652 767.3749389648438 159.35475158691406 798.7669677734375 190.66134643554688 1.6790255 1.775766 0.54023826 10.242662 0.57775533 40.704964 -2.6971254348754883 0.1171669214963913
Cyclist 0.0 0 -2.03373384475708 974.2190551757812 141.63194274902344 1024.380615234375 208.71798706054688 1.6990167 1.6865435 0.4363113 10.324556 0.7109943 18.628368 -1.5276424884796143 0.4934474229812622
Cyclist 0.0 0 0.04121306538581848 770.4646606445312 156.0937957763672 800.6414794921875 188.14732360839844 1.657867 1.8171997 0.5180196 10.352608 0.43493295 40.56553 0.29108643531799316 0.44491297006607056
Cyclist 0.0 0 1.1067554950714111 875.5870361328125 155.37539672851562 906.4652099609375 193.22166442871094 1.9673626 1.7436218 0.53128767 13.545065 0.58755773 33.571472 1.4902492761611938 0.3471744954586029
Car 0.0 0 -0.809395432472229 0.0 206.55844116210938 298.6983947753906 370.0 3.758959 1.4650936 1.5621499 -3.1108847 1.6593817 3.3327336 -1.5603779554367065 0.8382857441902161
Car 0.0 0 -1.412621259689331 439.0013732910156 177.14434814453125 473.2198486328125 200.70449829101562 3.7194138 1.4626982 1.6044638 -9.597987 1.2557172 45.787483 -1.6192498207092285 0.6639916896820068
Car 0.0 0 1.5286157131195068 89.29535675048828 179.19737243652344 120.30199432373047 203.66038513183594 4.0571847 1.5972686 1.5536805 -34.153767 1.5135461 48.2405 0.9125478267669678 0.4317191243171692
Car 0.0 0 1.783581018447876 428.6388244628906 173.6193084716797 454.2357482910156 189.96453857421875 4.016195 1.5209413 1.5811989 -15.622507 0.881831 67.805466 1.5571309328079224 0.22656702995300293
