Car 0.0 0 2.0379791259765625 143.3601531982422 197.44140625 339.26715087890625 301.45037841796875 3.6555164 1.4225957 1.5266012 -6.2270784 1.9137181 12.566006 1.5778981447219849 0.9753140807151794
Car 0.0 0 -1.6770464181900024 685.3704833984375 178.1377716064453 764.0952758789062 243.5726776123047 3.870766 1.5328624 1.6351502 2.8958366 1.6881655 19.186977 -1.527249813079834 0.9568090438842773
Car 0.0 0 -3.7098195552825928 941.8736572265625 162.58229064941406 1242.0 262.6468200683594 4.3539705 1.5468023 1.7030938 8.062562 1.3883796 12.048955 -3.1200995445251465 0.950871467590332
Car 0.0 0 -1.2893166542053223 374.8782958984375 182.1710662841797 463.6619567871094 239.9676055908203 4.302494 1.6768332 1.6939787 -6.2075105 2.012665 23.804398 -1.5444073677062988 0.8875154852867126
Car 0.0 0 1.7667452096939087 477.46209716796875 183.6318817138672 520.4826049804688 213.3179473876953 3.9799619 1.5172181 1.6358312 -6.189048 2.1508362 40.36766 1.6146128177642822 0.6600388288497925
Car 0.0 0 -0.3954581916332245 801.4236450195312 156.3487091064453 984.7454833984375 217.2205810546875 4.755535 1.7282368 1.7699502 8.25923 1.2599866 21.433062 -0.027644602581858635 0.6443325281143188
Car 0.0 0 2.5903539657592773 0.0 250.74365234375 157.7025604248047 375.0 3.76084 1.4807745 1.6154222 -3.770027 1.9730222 2.6299329 1.628664255142212 0.6412661671638489
Car 0.0 0 -0.48451104760169983 887.094482421875 146.1419677734375 1129.5162353515625 233.6591339111328 4.152127 1.7384714 1.7287533 8.2013235 1.2082121 15.214955 0.009871244430541992 0.5865502953529358
Car 0.0 0 1.774315357208252 459.221923828125 184.03948974609375 508.8369445800781 218.12985229492188 3.9313662 1.4919691 1.6003474 -6.0603595 2.0637991 34.871105 1.6022409200668335 0.48420971632003784
Car 0.0 0 2.425405740737915 1123.9671630859375 144.97010803222656 1242.0 186.77809143066406 4.452551 1.5549421 1.6547673 22.504807 0.51822937 27.736816 3.1070408821105957 0.4398617148399353
