Pedestrian 0.0 0 1.4962009191513062 851.5721435546875 175.03182983398438 888.7074584960938 258.8101806640625 0.64301914 1.6753223 0.6702599 5.2922277 1.7217001 14.845373 1.8386458158493042 0.3224949240684509
Pedestrian 0.0 0 2.079730987548828 864.5780639648438 85.97683715820312 966.7168579101562 253.90093994140625 0.8644538 1.7609849 0.7325637 3.3840973 0.8502802 8.119034 2.474644660949707 0.2791054844856262
Pedestrian 0.0 0 -1.5973575115203857 517.4111938476562 166.77212524414062 528.4197387695312 194.82366943359375 0.49596524 1.8747483 0.7214847 -5.887737 1.4686413 48.5175 -1.7181198596954346 0.13331760466098785
Pedestrian 0.0 0 -2.7958595752716064 522.5113525390625 165.77078247070312 532.6828002929688 190.94342041015625 0.5428557 1.801432 0.6440183 -5.9662304 1.2948925 52.00844 -2.910076856613159 0.1330127716064453
Pedestrian 0.0 0 0.21723373234272003 368.5726318359375 166.93145751953125 377.1672668457031 188.375244140625 0.60045993 1.8520815 0.5702178 -20.603588 1.340915 62.629684 -0.10058905184268951 0.13154970109462738
Cyclist 0.0 0 -1.7281479835510254 985.4365234375 177.8572235107422 1019.4589233398438 251.6671142578125 1.7348989 1.5894822 0.4122846 8.928341 1.710715 16.54242 -1.2332284450531006 0.3501976728439331
Car 0.0 0 -1.5708791017532349 598.3187866210938 174.89036560058594 645.1376342773438 220.17037963867188 4.4617662 1.7473911 1.8204831 0.44558433 1.8395698 30.287743 -1.5561684370040894 0.8744203448295593
Car 0.0 0 -1.2020913362503052 505.595703125 166.8182373046875 557.1332397460938 197.7208251953125 4.0817127 1.7354842 1.6740767 -4.6256275 1.3968742 42.706364 -1.3099831342697144 0.30430206656455994
Car 0.0 0 -1.048189640045166 363.8640441894531 165.6228790283203 408.7655334472656 188.57855224609375 4.513797 1.9759138 1.8256615 -19.956846 1.3538507 64.50647 -1.3482272624969482 0.26437240839004517
Car 0.0 0 1.59646737575531 511.677001953125 179.52743530273438 547.10009765625 213.8876953125 4.2991595 1.6721058 1.7542976 -4.248792 2.0461802 38.187443 1.4856616258621216 0.15233901143074036
Car 0.0 0 -1.6057406663894653 673.5347900390625 182.5813751220703 692.4752807617188 200.04949951171875 3.593867 1.5432764 1.6377951 6.802004 2.480542 67.64683 -1.505525827407837 0.13380683958530426
Car 0.0 0 0.9840004444122314 792.9320678710938 177.05873107910156 842.2019653320312 200.03518676757812 3.8208032 1.6037194 1.6450977 15.220225 1.9260991 53.186874 1.2627167701721191 0.1285971850156784
