Cyclist 0.0 0 -1.1915638446807861 27.87264633178711 233.95506286621094 92.27960968017578 325.4337463378906 1.6622016 1.7460895 0.5478442 -12.064035 3.1596446 15.81143 -1.8433297872543335 0.2992370128631592
Cyclist 0.0 0 0.07898986339569092 237.41729736328125 199.9959716796875 267.9667053222656 231.63583374023438 1.5842593 1.8140072 0.6925379 -21.334612 3.4566104 43.038334 -0.38122132420539856 0.26761990785598755
Cyclist 0.0 0 -1.2804657220840454 0.0 237.86550903320312 54.71839904785156 374.264404296875 1.4511284 1.6886448 0.4043564 -8.531727 2.6927056 10.389678 -1.9679845571517944 0.20926055312156677
Car 0.0 0 1.624340295791626 0.0 220.5005340576172 40.70500564575195 361.4112854003906 4.232796 1.4614489 1.6905245 -9.937662 2.3413124 11.135651 0.8957295417785645 0.7575366497039795
Car 0.0 0 1.5748411417007446 0.0 221.58920288085938 89.98489379882812 308.3584899902344 3.9755778 1.4965633 1.6607637 -13.318692 2.7755997 16.851677 0.9060132503509521 0.5661687850952148
Car 0.0 0 -1.6901687383651733 1055.7664794921875 122.94925689697266 1212.6300048828125 243.5104522705078 4.862128 2.083003 2.0192873 10.624283 1.2211287 15.08272 -1.0764951705932617 0.4056391417980194
Car 0.0 0 1.3690288066864014 228.77146911621094 200.72003173828125 274.7713928222656 230.5410614013672 4.1328053 1.587872 1.7503456 -22.228039 3.395762 44.633064 0.9069685935974121 0.3750257194042206
Car 0.0 0 3.0237574577331543 0.0 196.06817626953125 88.36615753173828 230.37060546875 4.073238 1.6495266 1.732912 -31.266497 2.9878302 39.528824 2.3545408248901367 0.2797355651855469
Car 0.0 0 2.442821741104126 213.21519470214844 190.78341674804688 271.4829406738281 211.81472778320312 4.2767777 1.6085134 1.7849897 -31.269238 3.1934717 61.44963 1.9721115827560425 0.2501521706581116
Car 0.0 0 1.5830128192901611 223.69102478027344 196.53736877441406 249.962890625 221.15878295898438 3.5711727 1.5843738 1.6361417 -26.979296 3.3615406 52.16673 1.1057202816009521 0.20964565873146057
