Pedestrian 0.0 0 3.1451826095581055 157.63226318359375 174.82066345214844 182.6361541748047 226.6254119873047 0.7338184 1.7638046 0.70021886 -15.337756 1.8338919 25.090342 2.5964949131011963 0.5097642540931702
Pedestrian 0.0 0 -1.777956485748291 728.8773193359375 166.90765380859375 748.8570556640625 210.21527099609375 0.7773934 1.8381749 0.69944215 5.4949665 1.5861423 31.02227 -1.6026451587677002 0.43971434235572815
Pedestrian 0.0 0 2.0288615226745605 290.36590576171875 174.41375732421875 313.6759948730469 214.63966369628906 1.1975279 1.9020481 0.56309325 -14.873698 1.9789109 34.775166 1.6246974468231201 0.323752224445343
Pedestrian 0.0 0 1.0443323850631714 826.9988403320312 165.96827697753906 850.454345703125 211.94119262695312 0.6938288 1.6911951 0.56148523 8.493029 1.4382495 26.940332 1.3497235774993896 0.31200212240219116
Pedestrian 0.0 0 3.725541830062866 0.0 190.78109741210938 29.909587860107422 262.0612487792969 0.71712 1.7272232 0.6749823 -15.180051 2.1853967 18.04709 3.026216506958008 0.27214711904525757
Cyclist 0.0 0 2.0383782386779785 290.3594665527344 176.9903564453125 314.2778015136719 215.47152709960938 1.2783836 1.8156012 0.5460897 -14.884685 2.0194402 34.83671 1.6345863342285156 0.14720521867275238
Car 0.0 0 2.095268487930298 159.56484985351562 187.83349609375 284.9583740234375 247.65614318847656 4.164182 1.6513381 1.6620375 -12.2727165 2.1747606 23.081917 1.6065815687179565 0.9292749762535095
Car 0.0 0 2.200864791870117 0.0 196.5898895263672 212.57041931152344 301.97271728515625 3.9498181 1.601329 1.6829989 -9.6433935 2.12301 13.851875 1.5927073955535889 0.887168824672699
Car 0.0 0 1.8497374057769775 445.86578369140625 182.38955688476562 485.16436767578125 205.3072967529297 4.292338 1.5504245 1.7077461 -10.556221 2.2785485 52.8573 1.6526191234588623 0.82404625415802
Car 0.0 0 -1.563152551651001 602.2848510742188 176.6544189453125 630.0845947265625 203.03378295898438 3.968929 1.5980896 1.7067994 0.37805057 1.8527558 46.282074 -1.5549843311309814 0.5351877808570862
Car 0.0 0 2.499812364578247 267.8316345214844 191.66323852539062 334.4053039550781 218.36593627929688 3.7470834 1.5687971 1.6921425 -20.23172 2.855955 47.31465 2.0957419872283936 0.30564478039741516
