Pedestrian 0.0 0 0.889513373374939 89.19293212890625 124.70243835449219 160.15736389160156 230.91586303710938 0.90862054 1.840547 0.6212673 -8.742658 1.0064981 12.929896 0.2949683666229248 0.24386611580848694
Pedestrian 0.0 0 -3.4127326011657715 818.9722900390625 185.19793701171875 851.0756225585938 240.1024627685547 0.819139 1.6558897 0.5685837 6.8675623 2.0409412 22.187609 -3.112562656402588 0.21824976801872253
Pedestrian 0.0 0 1.3117263317108154 1204.0628662109375 179.9158477783203 1242.0 256.4169921875 0.94031525 1.7812095 0.67315876 14.907416 1.958168 17.471754 2.018092393875122 0.17076802253723145
Pedestrian 0.0 0 -1.1245226860046387 0.0 172.43862915039062 104.25117492675781 375.0 0.77288795 1.7658741 0.7587904 -4.7114596 1.763172 5.7779126 -1.8085992336273193 0.1669783592224121
Pedestrian 0.0 0 2.419524669647217 116.03953552246094 169.2266082763672 255.88331604003906 359.32354736328125 1.0746549 1.7774786 0.6410131 -4.339077 1.7439188 7.354186 1.8864797353744507 0.15749463438987732
Cyclist 0.0 0 1.5032224655151367 934.1546630859375 161.0582275390625 948.3505859375 195.09817504882812 1.8720459 1.8149301 0.5774839 18.065056 1.186365 39.445564 1.9326879978179932 0.25263193249702454
Cyclist 0.0 0 1.9482487440109253 1086.002197265625 159.24525451660156 1109.8463134765625 193.57223510742188 1.5621151 1.8179578 0.5262973 26.252926 1.0975962 38.867764 2.542302131652832 0.1762075126171112
Cyclist 0.0 0 -2.2771244049072266 83.31243896484375 124.61063385009766 165.18850708007812 229.81121826171875 1.1018442 1.8172494 0.6585577 -8.745629 0.9842446 12.925318 -2.8719913959503174 0.13209693133831024
Car 0.0 0 -1.5247737169265747 1160.580810546875 196.661865234375 1242.0 272.10198974609375 2.9928927 1.4644072 1.5062406 13.750521 2.0670693 16.636719 -0.8340720534324646 0.5701150894165039
Car 0.0 0 -1.3226375579833984 1191.601806640625 178.8810577392578 1242.0 244.54039001464844 3.5336454 1.5012851 1.5680833 16.442047 1.6693437 18.43485 -0.5943155288696289 0.49956563115119934
Car 0.0 0 1.599872350692749 1153.9449462890625 178.4163055419922 1201.224365234375 214.18287658691406 4.200486 1.6117935 1.6999445 27.798998 1.9012407 35.34069 2.2663891315460205 0.447394996881485
