Pedestrian 0.0 0 -1.2191542387008667 427.3464660644531 159.64573669433594 446.2605285644531 196.50926208496094 0.87251216 1.8647836 0.6847417 -8.9069195 1.1969867 36.96979 -1.4555729627609253 0.3062609136104584
Pedestrian 0.0 0 -1.9645445346832275 663.9793701171875 175.82858276367188 685.1290893554688 211.73114013671875 0.67596686 1.6763165 0.79987806 3.018337 1.8195122 34.20242 -1.8765233755111694 0.28173381090164185
Pedestrian 0.0 0 3.1926369667053223 325.6539611816406 156.7164764404297 348.40777587890625 198.2235565185547 0.97901505 1.9390202 0.59004617 -12.947063 1.1855073 34.135025 2.830110788345337 0.26864615082740784
Pedestrian 0.0 0 -3.2173876762390137 658.2352294921875 164.43508911132812 673.64013671875 198.14686584472656 0.8003381 1.8361527 0.57856506 3.030396 1.3779641 39.58619 -3.1409847736358643 0.21469852328300476
Cyclist 0.0 0 -1.968701720237732 812.9685668945312 153.7206268310547 872.6997680664062 234.56463623046875 2.0018737 1.8300743 0.63281643 5.512256 1.3973081 17.356188 -1.6611809730529785 0.8517307043075562
Cyclist 0.0 0 -1.689103603363037 534.7163696289062 179.3303985595703 550.8738403320312 223.30813598632812 1.7159039 1.69452 0.442136 -2.7472699 1.9626551 28.945082 -1.7837333679199219 0.3855108916759491
Car 0.0 0 -1.60044527053833 574.7015380859375 177.33551025390625 662.1176147460938 254.4683380126953 3.941226 1.5086904 1.7416779 0.067430034 1.6228905 16.33397 -1.5963170528411865 0.8416556715965271
Car 0.0 0 1.5327844619750977 590.4443969726562 164.67237854003906 612.5147094726562 185.07229614257812 4.2657423 1.7133493 1.7530606 -0.79470307 1.0265479 62.772354 1.5201250314712524 0.3650665879249573
Car 0.0 0 -2.010255813598633 571.1878051757812 174.853271484375 626.7719116210938 203.67709350585938 3.757885 1.5063175 1.632852 -0.69796973 1.6232833 40.0347 -2.0276882648468018 0.3061542212963104
Car 0.0 0 -1.1291100978851318 0.0 104.13429260253906 357.470947265625 356.40985107421875 3.8016074 1.5703663 1.6021807 -3.6532347 1.1429573 6.443569 -1.6448798179626465 0.24588967859745026
Car 0.0 0 -1.407182216644287 459.60443115234375 165.49159240722656 532.6026611328125 216.52076721191406 4.191323 1.5396054 1.719072 -3.7081358 1.3178318 23.870564 -1.5612939596176147 0.2340565174818039
Car 0.0 0 1.7343480587005615 830.9562377929688 185.51722717285156 881.5003662109375 220.15777587890625 4.080931 1.5440987 1.745306 12.292135 2.2148755 35.986458 2.0634992122650146 0.22521959245204926
Car 0.0 0 1.300938367843628 485.09112548828125 176.95352172851562 546.9425659179688 215.23263549804688 3.7589219 1.4563142 1.5867814 -4.000544 1.638301 29.92488 1.168040156364441 0.18126539885997772
