Pedestrian 0.0 0 1.4832311868667603 702.8087158203125 162.59315490722656 719.8289184570312 206.4272003173828 0.8783247 1.8341393 0.6397536 4.256821 1.405155 30.643145 1.6212637424468994 0.7407217621803284
Pedestrian 0.0 0 0.06883995234966278 761.451904296875 121.2287826538086 831.4428100585938 254.9059600830078 0.9413678 1.8454502 0.50538236 2.6249352 1.1331078 10.345223 0.31732988357543945 0.558460533618927
Pedestrian 0.0 0 1.7087535858154297 457.220947265625 175.96585083007812 488.5927429199219 249.92454528808594 1.7814045 1.8395387 0.57250524 -3.6247423 1.9254241 18.924007 1.5195038318634033 0.1845412254333496
Cyclist 0.0 0 1.7059913873672485 456.8854064941406 176.16082763671875 488.8431701660156 250.8575439453125 1.8512713 1.8535112 0.5830064 -3.624816 1.9449224 18.92463 1.5167438983917236 0.7082473039627075
Cyclist 0.0 0 1.615126371383667 525.2853393554688 170.18089294433594 540.37451171875 210.79302978515625 1.8969665 1.817554 0.61091304 -3.5864024 1.6982796 33.254772 1.5076953172683716 0.7000667452812195
Cyclist 0.0 0 1.6299275159835815 493.33056640625 174.76824951171875 520.7476806640625 245.67784118652344 1.9088217 1.8049852 0.62192225 -2.797245 1.859395 19.393726 1.4866808652877808 0.6473754048347473
Cyclist 0.0 0 1.4324524402618408 1163.432861328125 92.86285400390625 1242.0 303.55462646484375 1.7529037 1.8176444 0.60120565 5.900926 1.1279162 7.125626 2.124110460281372 0.5142436027526855
Car 0.0 0 2.0829110145568848 18.109661102294922 182.50442504882812 343.22808837890625 361.30535888671875 4.0186567 1.6882019 1.6625994 -4.9859824 1.8365183 9.043618 1.5790501832962036 0.9149801731109619
Car 0.0 0 -2.036648988723755 792.7486572265625 179.2050018310547 1242.0 375.0 3.6903827 1.5902627 1.6078421 2.607062 1.6544442 5.39092 -1.5862053632736206 0.9045902490615845
Car 0.0 0 1.7779486179351807 411.477783203125 183.05877685546875 483.9464111328125 231.09654235839844 4.1468725 1.4450094 1.5926718 -5.4893856 1.8237603 24.669163 1.5589957237243652 0.7738752365112305
Car 0.0 0 -1.4461368322372437 639.82470703125 174.89627075195312 673.3947143554688 201.97119140625 3.806378 1.6300333 1.6662301 2.964673 1.7656777 45.768703 -1.3814520835876465 0.7358166575431824
Car 0.0 0 1.921575903892517 498.8907165527344 180.17282104492188 548.2598876953125 208.5029754638672 4.146365 1.5843058 1.6439803 -5.20462 2.0502856 43.694656 1.8030210733413696 0.5368111729621887
