Pedestrian 0.0 0 0.039243265986442566 765.4335327148438 149.12091064453125 788.27587890625 197.5122833251953 0.8595299 1.8919758 0.6464104 6.5825543 0.96443295 28.632042 0.26521825790405273 0.2949422001838684
Pedestrian 0.0 0 1.5223859548568726 734.5020751953125 155.7322998046875 749.511962890625 193.9586639404297 0.95260227 1.9055489 0.6996841 6.6322503 1.0524063 36.48328 1.7022110223770142 0.27130773663520813
Pedestrian 0.0 0 2.014596700668335 827.5654296875 133.3694610595703 862.352294921875 203.71072387695312 0.81779236 1.9120835 0.63406664 6.508937 0.8391351 20.125755 2.327392816543579 0.2706567347049713
Pedestrian 0.0 0 -0.23591911792755127 919.31640625 169.03211975097656 986.2650146484375 264.72845458984375 1.0448091 1.7951897 0.65040827 6.560966 1.7238523 13.956828 0.20351552963256836 0.25864484906196594
Pedestrian 0.0 0 2.52174973487854 791.867431640625 147.92361450195312 823.8564453125 200.6012725830078 0.86450785 1.8226861 0.6595565 6.924223 0.96043396 25.422144 2.7876689434051514 0.18589922785758972
Pedestrian 0.0 0 2.394268751144409 699.64306640625 163.96946716308594 713.7108764648438 191.1877899169922 0.919714 1.9572092 0.49619368 6.9872546 1.318699 52.349304 2.5269582271575928 0.17447230219841003
Pedestrian 0.0 0 1.7252366542816162 513.8622436523438 165.861328125 523.3807983398438 190.62925720214844 0.9153687 1.9269811 0.60808074 -7.190717 1.3832978 56.59998 1.5988690853118896 0.1645813286304474
Pedestrian 0.0 0 -1.6418567895889282 416.4366149902344 145.98593139648438 434.13922119140625 191.29652404785156 0.6390011 1.9587524 0.70666265 -8.134159 0.7976186 31.604055 -1.8937664031982422 0.16070076823234558
Cyclist 0.0 0 -0.41243839263916016 913.67822265625 165.70501708984375 979.110595703125 259.72979736328125 0.9818072 1.7854103 0.6292771 6.4729495 1.650018 14.022735 0.020023345947265625 0.1351218968629837
Car 0.0 0 1.7199275493621826 455.3904113769531 191.51168823242188 533.59716796875 250.39317321777344 4.1303363 1.5128669 1.7433033 -3.4436035 2.1336453 21.919437 1.5640984773635864 0.9309617877006531
Car 0.0 0 1.7475881576538086 522.3365478515625 192.13340759277344 557.9711303710938 216.95819091796875 4.169262 1.5655149 1.8024229 -4.915377 2.9858525 50.98999 1.6514862775802612 0.48751652240753174
Car 0.0 0 1.9046448469161987 635.6657104492188 192.26780700683594 683.19287109375 221.87600708007812 3.9155312 1.5609858 1.6295222 2.956927 2.7737925 42.938946 1.9733998775482178 0.305911660194397
Car 0.0 0 -3.120906352996826 582.7892456054688 183.4520263671875 623.9066162109375 203.0236358642578 3.4462676 1.6138988 1.7110634 -0.5712014 2.5278094 61.318913 -3.130221366882324 0.19716516137123108
