Pedestrian 0.0 0 -1.52974534034729 343.4482116699219 179.72799682617188 363.6922912597656 233.2884521484375 1.7290527 1.7472109 0.5851775 -8.8045435 1.9914243 24.681364 -1.8724017143249512 0.11169077455997467
Cyclist 0.0 0 -1.52974534034729 343.4482116699219 179.72799682617188 363.6922912597656 233.2884521484375 1.7290527 1.7472109 0.5851775 -8.8045435 1.9914243 24.681364 -1.8724017143249512 0.5017994046211243
Car 0.0 0 -2.3349568843841553 1070.4681396484375 184.21360778808594 1158.25732421875 214.23837280273438 4.1515794 1.5540854 1.7005743 28.635084 2.2371593 41.178947 -1.7273372411727905 0.9246208667755127
Car 0.0 0 -1.768497109413147 461.8030090332031 176.95603942871094 501.4468994140625 206.1644744873047 4.0302134 1.7304866 1.6976784 -8.178882 2.0022204 45.545563 -1.9461791515350342 0.8905876278877258
Car 0.0 0 3.491034984588623 0.0 162.22366333007812 279.4438171386719 267.628173828125 3.8690956 1.6968119 1.7047552 -8.2232275 1.5260414 12.865426 2.922308921813965 0.8573468923568726
Car 0.0 0 3.640261173248291 0.0 168.11009216308594 216.27381896972656 298.14959716796875 3.8023353 1.6570263 1.7026169 -8.061536 1.5969348 10.340845 2.9780948162078857 0.8312591910362244
Car 0.0 0 3.861239433288574 0.0 179.83956909179688 174.4598846435547 337.0154113769531 3.9441514 1.5107017 1.663147 -7.3047647 1.5960864 7.895303 3.114672899246216 0.7819780111312866
Car 0.0 0 -0.5880978107452393 813.8534545898438 188.38882446289062 1188.24658203125 340.18218994140625 3.71152 1.5778192 1.6295645 4.515193 1.7877874 8.718886 -0.1102617159485817 0.7665655016899109
Car 0.0 0 -0.6283597946166992 910.7418823242188 184.7074737548828 1242.0 375.0 3.4400623 1.5684365 1.6321906 4.596019 1.6846063 6.2166047 0.008266687393188477 0.7602386474609375
Car 0.0 0 3.306173324584961 199.6927490234375 162.40875244140625 352.6938171386719 225.47145080566406 3.930318 1.7717242 1.703969 -9.901684 1.4786266 21.605783 2.876447916030884 0.7086508870124817
Car 0.0 0 -1.542685866355896 318.7241516113281 170.6081085205078 364.69677734375 211.64414978027344 4.0982985 1.5244739 1.6168498 -10.757014 1.441398 29.002357 -1.8978583812713623 0.5245266556739807
Car 0.0 0 0.3746124804019928 96.32205200195312 180.4093780517578 330.7668151855469 261.54339599609375 4.0172935 1.5694543 1.6111647 -8.230343 1.7398579 15.192826 -0.12185581773519516 0.47084033489227295
