Pedestrian 0.0 0 1.0472137928009033 1068.1187744140625 149.49050903320312 1238.0 374.0 0.99341166 1.7671466 0.8236698 4.3206463 1.5409683 5.6502447 1.7000460624694824 0.8174237608909607
Pedestrian 0.0 0 2.268874168395996 640.5372314453125 170.01809692382812 679.4376220703125 231.6913604736328 0.989268 1.8108693 0.6990203 1.7426547 1.4748657 21.686977 2.3490567207336426 0.6823063492774963
Pedestrian 0.0 0 1.5010086297988892 626.2775268554688 164.19593811035156 645.8654174804688 214.58258056640625 0.88098115 1.8872012 0.6831961 1.2930527 1.2401202 27.350266 1.5482509136199951 0.6719899773597717
Pedestrian 0.0 0 1.8699193000793457 273.6053466796875 161.80397033691406 351.4603271484375 308.3193664550781 0.82518893 1.7225531 0.68321836 -3.5966132 1.4923366 8.882997 1.4852067232131958 0.6564996242523193
Pedestrian 0.0 0 -0.07181385904550552 507.51092529296875 173.86741638183594 535.232666015625 236.9835968017578 0.6983814 1.6708069 0.6316711 -2.1974661 1.4699243 19.38768 -0.18467563390731812 0.5944536924362183
Pedestrian 0.0 0 0.6544276475906372 639.7244873046875 164.57928466796875 658.1829223632812 196.2545928955078 0.8960784 1.872605 0.64322674 2.8469439 0.87304157 43.001766 0.720536470413208 0.3799190819263458
Pedestrian 0.0 0 1.7906818389892578 17.5779972076416 77.89905548095703 192.53915405273438 374.0 0.78795093 1.7444487 0.73728544 -3.0638244 1.177332 4.4428062 1.186959981918335 0.37502771615982056
Pedestrian 0.0 0 -2.8083860874176025 428.70947265625 176.9362335205078 470.2364501953125 242.54934692382812 0.93219674 1.7370024 0.6656737 -4.1286035 1.6173508 19.40189 -3.018052577972412 0.3577228784561157
Pedestrian 0.0 0 -2.1793997287750244 172.7361602783203 192.97940063476562 266.862548828125 333.0111999511719 0.6707574 1.6194149 0.78704333 -4.7581754 1.7708867 8.889841 -2.6708383560180664 0.3150114417076111
Pedestrian 0.0 0 0.30564090609550476 527.35205078125 185.58726501464844 556.5340576171875 240.03048706054688 0.7335488 1.6778619 0.7250923 -1.896085 1.8102369 22.634903 0.22206783294677734 0.3066541254520416
Pedestrian 0.0 0 -1.4742810726165771 563.0879516601562 169.04649353027344 586.3917846679688 221.2204132080078 1.6448799 1.7488325 0.65537226 -0.93651193 1.3324804 24.915773 -1.5118504762649536 0.3032422959804535
Pedestrian 0.0 0 3.358156204223633 167.3162841796875 135.29286193847656 242.75335693359375 274.60748291015625 0.81556445 1.883859 0.63938284 -5.61638 1.260355 10.133754 2.8520748615264893 0.29847121238708496
Pedestrian 0.0 0 1.465448021888733 711.317138671875 161.05348205566406 724.5493774414062 195.31263732910156 0.5826975 1.8713591 0.66053486 6.4086647 0.75531924 39.544617 1.6261128187179565 0.27571025490760803
Pedestrian 0.0 0 -1.4919432401657104 371.8470153808594 163.70472717285156 415.32208251953125 253.51565551757812 1.7967327 1.8739341 0.7916158 -4.622082 1.503865 15.9454565 -1.7740792036056519 0.24811671674251556
Pedestrian 0.0 0 2.6939940452575684 663.8938598632812 167.02169799804688 685.6895751953125 201.05479431152344 0.9848128 1.7784295 0.59712267 3.872866 1.0227051 37.982464 2.795607328414917 0.23394110798835754
Cyclist 0.0 0 1.2804197072982788 700.3571166992188 160.85931396484375 725.7784423828125 207.82772827148438 1.8813733 1.8135214 0.48062623 4.4263496 1.0175716 28.698114 1.4334521293640137 0.5752323865890503
Cyclist 0.0 0 1.7691688537597656 560.0275268554688 168.30828857421875 588.8089599609375 223.3434600830078 1.8118099 1.8342113 0.6551351 -0.9426825 1.3956411 24.88466 1.7313048839569092 0.5026332139968872
Cyclist 0.0 0 -1.6918740272521973 372.3588562011719 162.8424072265625 417.0203857421875 252.38612365722656 1.7349643 1.8644823 0.73857015 -4.6330986 1.4772289 15.897393 -1.9754570722579956 0.4853662848472595
Cyclist 0.0 0 2.0568156242370605 642.6702270507812 169.93699645996094 679.6575927734375 232.17147827148438 1.0349954 1.8261027 0.71435726 1.7829549 1.4879496 21.703365 2.1387827396392822 0.11908256262540817
Cyclist 0.0 0 -2.8083860874176025 428.70947265625 176.9362335205078 470.2364501953125 242.54934692382812 0.93219674 1.7370024 0.6656737 -4.1286035 1.6173508 19.40189 -3.018052577972412 0.10295773297548294
Car 0.0 0 -1.8343372344970703 744.7496948242188 99.57515716552734 992.2904052734375 290.1834411621094 3.990369 1.7652203 1.6825829 2.8325531 1.0078921 8.685864 -1.5191010236740112 0.47513073682785034
