Car 0.0 0 -1.7270115613937378 706.2767333984375 186.26551818847656 819.4165649414062 278.89398193359375 3.6051033 1.5605593 1.6421679 2.8812687 1.8649061 14.518093 -1.5310966968536377 0.9476281404495239
Car 0.0 0 3.6861765384674072 0.0 192.83766174316406 332.36376953125 316.3113098144531 3.7992716 1.5118818 1.6342407 -6.0878654 1.8101904 9.927611 3.1360890865325928 0.8976508378982544
Car 0.0 0 -0.2773199677467346 766.0899047851562 173.40736389160156 944.0293579101562 240.38636779785156 4.2645416 1.7332017 1.7699543 6.509837 1.7493864 19.65911 0.04245162010192871 0.8664778470993042
Car 0.0 0 3.572287082672119 116.70850372314453 187.45626831054688 407.43328857421875 289.2747497558594 4.1111884 1.5660565 1.6580639 -5.7605023 1.830398 12.190325 3.1308419704437256 0.8352240920066833
Car 0.0 0 -2.267963171005249 0.0 199.74090576171875 163.04873657226562 372.3675231933594 3.8198552 1.4517541 1.6243387 -7.003201 1.7668731 7.415012 -3.0248072147369385 0.8204177021980286
Car 0.0 0 -1.6196163892745972 639.6717529296875 178.53187561035156 667.0110473632812 204.6221160888672 3.637009 1.6488485 1.6413091 2.83155 2.043037 48.21839 -1.560960292816162 0.7536484599113464
Car 0.0 0 0.5422669053077698 190.44961547851562 189.50491333007812 413.74993896484375 271.18963623046875 3.939087 1.497292 1.5825516 -6.2524157 1.8617158 14.714183 0.14046025276184082 0.6826204657554626
Car 0.0 0 3.467024803161621 267.7854309082031 177.73265075683594 433.7549133300781 235.90179443359375 3.9220512 1.4976333 1.6248083 -6.9797616 1.6360004 19.562208 3.1243064403533936 0.5988127589225769
Car 0.0 0 3.2310948371887207 392.6534423828125 182.43740844726562 494.3523254394531 225.74819946289062 3.8390174 1.6422672 1.6810627 -6.6423287 2.04148 28.933811 3.005434989929199 0.5852150917053223
Car 0.0 0 0.40193459391593933 245.68002319335938 181.13124084472656 451.408447265625 253.92007446289062 4.2537484 1.5998745 1.6637627 -6.11823 1.8064778 17.024372 0.05692744255065918 0.5193167328834534
Car 0.0 0 0.18455706536769867 399.9101867675781 169.73426818847656 509.3088073730469 208.59461975097656 4.4402266 1.6508727 1.7147646 -6.7697763 1.5186979 31.566114 -0.026706142351031303 0.5110231041908264
