Cyclist 0.0 0 0.5304709672927856 466.8771667480469 163.59385681152344 504.8811950683594 199.08998107910156 1.8035893 1.7790632 0.7031879 -6.249261 0.6965096 36.67319 0.36168813705444336 0.685858428478241
Car 0.0 0 -1.1853127479553223 196.5019073486328 186.62709045410156 332.81988525390625 252.6582489013672 4.2976446 1.4817607 1.634544 -8.626509 1.5233431 18.410048 -1.623506784439087 0.9225365519523621
Car 0.0 0 -1.3826302289962769 363.16510009765625 178.3290557861328 481.21820068359375 271.1121520996094 3.9304218 1.6707824 1.6489897 -3.743413 1.5479032 14.950069 -1.6279799938201904 0.9063289165496826
Car 0.0 0 -1.3148162364959717 323.4558410644531 183.33444213867188 394.8771667480469 225.2017364501953 4.056342 1.4984244 1.6334862 -9.55216 1.432226 27.807577 -1.645696997642517 0.8843106627464294
Car 0.0 0 -1.6022529602050781 534.32080078125 177.37594604492188 586.3263549804688 226.87606811523438 3.3810687 1.6444542 1.7310787 -1.7900245 1.3851398 25.646778 -1.6719352006912231 0.8775336146354675
Car 0.0 0 -0.9100633263587952 0.0 216.2411346435547 78.08187103271484 376.0 3.91086 1.4866521 1.6196438 -7.7415376 1.906106 7.6442623 -1.7017837762832642 0.609165370464325
Car 0.0 0 -1.023613691329956 26.866010665893555 168.69850158691406 209.2945098876953 253.1494598388672 4.7661357 2.030586 1.9070456 -13.160372 1.6345683 19.70157 -1.6125290393829346 0.5741022229194641
Car 0.0 0 -1.4874944686889648 311.00030517578125 180.78489685058594 347.95477294921875 210.93089294433594 3.7758183 1.6303256 1.6545423 -15.816355 1.3918351 40.917168 -1.8563487529754639 0.5166476964950562
Car 0.0 0 -1.4005845785140991 417.66912841796875 182.14547729492188 481.70587158203125 230.88978576660156 3.1480014 1.4747934 1.5198478 -5.10583 1.3830333 23.352333 -1.6158404350280762 0.4789855480194092
Car 0.0 0 1.5016545057296753 591.8684692382812 187.24111938476562 634.4890747070312 219.72576904296875 4.5044246 1.4782666 1.770701 0.16910422 1.5853633 35.300774 1.5064448118209839 0.4230371415615082
