Pedestrian 0.0 0 2.394041061401367 1027.7471923828125 168.97369384765625 1089.309814453125 265.9966125488281 0.68704367 1.6977097 0.64498603 8.023805 1.63017 13.005619 2.9468300342559814 0.20346444845199585
Pedestrian 0.0 0 1.675952434539795 1169.5567626953125 116.93278503417969 1215.3916015625 205.93809509277344 0.73335123 1.8884162 0.7100643 12.720396 0.7022995 15.816387 2.3532819747924805 0.1898728907108307
Pedestrian 0.0 0 -2.095088005065918 1039.3782958984375 156.17251586914062 1068.1392822265625 206.5301055908203 0.5845165 1.9126561 0.74814796 16.991312 1.2794267 27.704166 -1.5449373722076416 0.14143911004066467
Pedestrian 0.0 0 0.9848582148551941 756.4550170898438 157.39700317382812 783.3482055664062 210.37684631347656 0.66274065 1.8193624 0.66034514 5.5380483 1.2889166 25.203604 1.20115327835083 0.11516939848661423
Pedestrian 0.0 0 -0.3222987651824951 1027.005126953125 98.431396484375 1142.6728515625 259.1692199707031 1.0977142 1.9007645 0.47161204 5.772095 1.0210568 8.895436 0.25329065322875977 0.11208619922399521
Pedestrian 0.0 0 -1.3669509887695312 470.4067077636719 150.0818328857422 489.89654541015625 190.74562072753906 0.92050916 1.9217927 0.7494265 -6.2538323 0.8459253 34.56695 -1.5459343194961548 0.10531599074602127
Cyclist 0.0 0 -1.7767473459243774 713.649169921875 179.04833984375 727.4025268554688 213.73794555664062 1.521369 1.7255306 0.3905209 5.6134853 2.049595 36.933372 -1.6259121894836426 0.2774570882320404
Cyclist 0.0 0 2.133180618286133 183.010498046875 183.7061767578125 208.86605834960938 213.7117919921875 1.7066746 1.7550327 0.53097063 -25.090597 2.4255056 43.688236 1.6118648052215576 0.2750481963157654
Cyclist 0.0 0 1.0603303909301758 992.2506103515625 169.7141571044922 1041.4407958984375 231.1779327392578 1.5128629 1.712579 0.56863165 11.689717 1.6254508 20.858158 1.5711525678634644 0.1205185279250145
Car 0.0 0 -1.588927984237671 587.3632202148438 180.3027801513672 618.6331787109375 210.58712768554688 4.3350163 1.5916482 1.6915549 -0.47864622 2.0398736 41.18886 -1.600548267364502 0.885643482208252
Car 0.0 0 1.8181276321411133 409.27056884765625 185.777587890625 442.6071472167969 207.8342742919922 4.112879 1.677326 1.7026066 -15.113508 2.777402 59.33753 1.5687265396118164 0.1708718091249466
Car 0.0 0 1.0285756587982178 710.8313598632812 180.11724853515625 787.27294921875 212.79017639160156 4.3412895 1.4720865 1.7286793 6.7854915 1.8571706 35.88054 1.2154817581176758 0.15109944343566895
Car 0.0 0 -2.7296838760375977 416.1200256347656 193.5855255126953 493.2786865234375 222.13339233398438 4.0714316 1.5540229 1.7447599 -9.128213 2.807786 42.361824 -2.941920757293701 0.1379372626543045
Car 0.0 0 1.8247121572494507 398.33203125 184.17251586914062 466.13330078125 227.64132690429688 3.9339986 1.4868093 1.5855349 -6.7724843 1.9525173 27.684683 1.5847946405410767 0.12405172735452652
Car 0.0 0 -0.34797003865242004 503.9953918457031 184.82003784179688 567.5274047851562 210.6248321533203 3.8479815 1.5996875 1.6677204 -4.9441195 2.4189951 47.78976 -0.45105892419815063 0.11129626631736755
Car 0.0 0 -0.8157053589820862 0.0 200.72235107421875 176.68600463867188 375.0 3.938314 1.5383097 1.6254345 -6.201394 1.8804568 6.8613515 -1.5506243705749512 0.10373758524656296
