Pedestrian 0.0 0 1.6761819124221802 939.6781005859375 121.43892669677734 977.73681640625 210.08139038085938 0.77873164 1.8474898 0.66176426 7.4656987 0.7762523 15.540717 2.124023675918579 0.24837267398834229
Pedestrian 0.0 0 0.7387550473213196 173.23019409179688 99.46751403808594 287.5795593261719 271.8525085449219 1.0129004 1.8743569 0.6084208 -4.389835 1.0767772 8.262814 0.2504007816314697 0.23538771271705627
Pedestrian 0.0 0 -3.5463082790374756 1058.9957275390625 131.0669708251953 1202.439208984375 286.91314697265625 1.30929 1.8123038 0.54353565 6.2524085 1.3267288 8.792143 -2.928147554397583 0.16869571805000305
Pedestrian 0.0 0 -3.418076515197754 1000.0928955078125 135.5516357421875 1061.741943359375 238.406982421875 0.82674307 1.7994273 0.5985903 7.523615 1.1471901 13.011895 -2.8938329219818115 0.15382452309131622
Pedestrian 0.0 0 1.1098731756210327 957.322998046875 161.05287170410156 1027.9239501953125 267.5819396972656 1.1077119 1.7691948 0.6561481 6.5722637 1.573564 12.541155 1.5925796031951904 0.1280023455619812
Pedestrian 0.0 0 0.6865506172180176 247.90512084960938 143.35015869140625 341.32440185546875 295.5488586425781 0.9021574 1.8269536 0.59610325 -4.00752 1.473155 9.066097 0.270341157913208 0.12211049348115921
Cyclist 0.0 0 -3.5463082790374756 1058.9957275390625 131.0669708251953 1202.439208984375 286.91314697265625 1.30929 1.8123038 0.54353565 6.2524085 1.3267288 8.792143 -2.928147554397583 0.19823744893074036
Cyclist 0.0 0 -1.3388428688049316 69.99659729003906 158.21630859375 112.40243530273438 237.1375732421875 1.5610968 1.7872401 0.4745775 -12.358009 1.456115 17.149052 -1.9632763862609863 0.1808847188949585
Cyclist 0.0 0 -1.8511947393417358 958.309814453125 194.9378204345703 1034.3338623046875 340.0922546386719 1.6691875 1.6860663 0.42452487 4.9887643 2.003613 9.500413 -1.3676613569259644 0.17011083662509918
Cyclist 0.0 0 1.831038475036621 416.1744384765625 135.3115997314453 443.7208251953125 193.2450714111328 1.5718696 1.853457 0.4992842 -5.987728 0.65272653 23.870768 1.5852700471878052 0.10629764944314957
Car 0.0 0 -1.5680118799209595 661.7633666992188 160.7809600830078 682.4993896484375 181.31455993652344 4.086527 1.6812298 1.6935955 5.24909 0.6930826 61.18459 -1.482430338859558 0.4544249475002289
Car 0.0 0 -1.8530296087265015 736.0803833007812 125.56404876708984 991.0467529296875 316.1766357421875 4.5711465 1.9246302 1.8260084 2.9075866 1.4474977 9.579441 -1.5583432912826538 0.3067077696323395
Car 0.0 0 0.4908561408519745 307.314453125 164.2548065185547 419.0069274902344 207.53018188476562 3.7415125 1.6026943 1.6501509 -9.525948 1.2845831 27.833725 0.16110682487487793 0.18286368250846863
Car 0.0 0 0.9780964255332947 562.40673828125 167.5687713623047 602.6661987304688 185.20741271972656 4.2998986 1.6198895 1.7047971 -2.659766 1.1348639 68.49997 0.9392871856689453 0.11414168030023575
