Pedestrian 0.0 0 3.385488271713257 53.42021179199219 104.86921691894531 379.4454650878906 375.0 1.1982708 1.6590431 0.60245794 -1.7608937 1.3893976 3.301 2.8954460620880127 0.2943677306175232
Pedestrian 0.0 0 1.7912184000015259 885.523193359375 154.17919921875 952.566650390625 282.4934387207031 0.63874924 1.8299409 0.80262613 4.5666375 1.5639697 10.780655 2.191898822784424 0.2891802191734314
Pedestrian 0.0 0 1.5392743349075317 338.7623596191406 177.0960693359375 373.5032958984375 261.53948974609375 0.7181495 1.7277119 0.66847014 -5.4264045 1.8204966 15.261956 1.1976628303527832 0.2715720236301422
Cyclist 0.0 0 -1.9571750164031982 1091.8890380859375 73.09434509277344 1242.0 335.81732177734375 1.9574773 1.8018618 0.69087535 4.695685 1.1180271 5.9818873 -1.291657567024231 0.5438805222511292
Cyclist 0.0 0 2.150676727294922 10.090169906616211 103.73578643798828 374.3005676269531 375.0 1.6254152 1.7252866 0.5819108 -1.7289343 1.4964559 3.2248762 1.6585489511489868 0.28860825300216675
Car 0.0 0 -1.3690998554229736 457.27764892578125 180.7237548828125 542.9010620117188 246.1139373779297 3.8567111 1.5752478 1.5763272 -2.9556558 1.8132807 19.820599 -1.5171294212341309 0.9195875525474548
Car 0.0 0 -1.9710150957107544 809.8222045898438 196.391357421875 1242.0 375.0 3.6464524 1.4891913 1.553779 2.3884284 1.7022898 4.642549 -1.4958627223968506 0.8759555816650391
Car 0.0 0 1.834121584892273 316.00274658203125 174.89569091796875 493.1265563964844 295.64715576171875 4.206873 1.6536043 1.7581837 -3.22737 1.6940354 12.054326 1.572521686553955 0.8608360290527344
Car 0.0 0 1.5099971294403076 631.9525756835938 175.58335876464844 670.0233764648438 207.2082977294922 4.047942 1.5092701 1.6843752 2.0006754 1.6565621 36.811638 1.5642926692962646 0.7850360870361328
Car 0.0 0 1.8305928707122803 551.1845092773438 171.3545684814453 585.8077392578125 193.54188537597656 4.0900507 1.6336281 1.6549834 -3.1627004 1.523583 55.29298 1.7734562158584595 0.7365423440933228
Car 0.0 0 -1.5785081386566162 627.3766479492188 155.89903259277344 651.6404418945312 185.71189880371094 4.5582085 2.1847413 1.7776018 2.2092047 0.9426075 55.17946 -1.5384927988052368 0.4254990518093109
