Pedestrian 0.0 0 1.1295920610427856 676.0277709960938 151.73358154296875 724.796630859375 250.49270629882812 0.82606995 1.8205353 0.6283345 1.8419995 1.2730829 13.728048 1.2629731893539429 0.7860435247421265
Pedestrian 0.0 0 -1.730918288230896 362.9663391113281 169.45751953125 386.2835998535156 224.9320831298828 0.89431345 1.78133 0.5938317 -7.4810376 1.3957348 23.59663 -2.0379323959350586 0.729283332824707
Pedestrian 0.0 0 1.9417047500610352 20.27803611755371 168.28662109375 107.31371307373047 319.6817321777344 0.6098983 1.6644807 0.6258533 -6.2188087 1.5205643 8.273136 1.2971248626708984 0.6140490174293518
Pedestrian 0.0 0 -1.7263990640640259 492.32110595703125 167.1834259033203 514.7156372070312 219.53172302246094 1.0179527 1.8483213 0.64938515 -3.5645745 1.3438884 25.941395 -1.862952709197998 0.5977044105529785
Pedestrian 0.0 0 2.4963910579681396 588.8088989257812 147.17984008789062 643.769287109375 257.5564270019531 0.57456124 1.7221895 0.7186598 0.1938332 1.1879963 11.665027 2.5130062103271484 0.5472935438156128
Pedestrian 0.0 0 3.1494836807250977 554.79736328125 177.01751708984375 591.2830810546875 252.61996459960938 0.8436055 1.7478015 0.6920339 -0.70382166 1.6453818 16.964066 3.108018398284912 0.4480496644973755
Pedestrian 0.0 0 0.4162585139274597 529.1033325195312 172.7552947998047 576.56201171875 247.46466064453125 1.0365864 1.8491623 0.6325153 -1.2642167 1.6339062 18.250898 0.34710025787353516 0.3952697813510895
Pedestrian 0.0 0 -2.087273120880127 590.0177001953125 193.82896423339844 682.4257202148438 337.7100830078125 0.82978404 1.5846503 0.78967553 0.35486695 1.7422497 8.5524645 -2.045804023742676 0.38610994815826416
Pedestrian 0.0 0 1.5137544870376587 707.2982788085938 130.30978393554688 743.5660400390625 224.42123413085938 0.9133195 1.9264771 0.7009895 2.5731971 0.87984455 15.194411 1.6815143823623657 0.3236173391342163
Pedestrian 0.0 0 -1.5720422267913818 775.9180297851562 171.239013671875 819.938232421875 277.096923828125 0.9503029 1.6563486 0.66926116 3.175352 1.4970943 11.782712 -1.3088035583496094 0.3128697872161865
Pedestrian 0.0 0 1.2099366188049316 1140.781494140625 89.27582550048828 1238.0 318.0951232910156 0.81400985 1.8771622 0.61683923 5.263204 1.1219732 6.375251 1.9000746011734009 0.28082776069641113
Pedestrian 0.0 0 1.6240839958190918 295.0642395019531 150.41795349121094 319.7594909667969 215.55670166015625 1.4760255 1.7967203 0.5809966 -8.450564 0.940538 20.603727 1.2348606586456299 0.1690463423728943
Pedestrian 0.0 0 1.8897013664245605 29.299253463745117 127.5969009399414 247.8760986328125 374.0 1.6354102 1.6376908 0.5883972 -2.6597278 1.3851516 4.2461724 1.330108642578125 0.12083066254854202
Pedestrian 0.0 0 1.620210886001587 0.0 159.06234741210938 50.9832763671875 284.64599609375 1.9839752 1.8114803 0.5915748 -9.133661 1.489142 11.3352165 0.9419569969177246 0.10209207981824875
Cyclist 0.0 0 1.520705223083496 0.0 180.5779571533203 44.57949447631836 303.92498779296875 1.8069966 1.7693508 0.54118013 -9.120434 1.7574389 11.153007 0.8352310657501221 0.6052757501602173
Cyclist 0.0 0 1.8788331747055054 28.929445266723633 126.62303161621094 242.87806701660156 374.0 1.729302 1.6790382 0.54753935 -2.6761477 1.4246113 4.2522497 1.3171128034591675 0.4825270473957062
Cyclist 0.0 0 -1.2799248695373535 305.1638488769531 161.51559448242188 339.535400390625 222.30502319335938 1.7598481 1.8397776 0.53007495 -8.800762 1.2360748 22.635899 -1.6507360935211182 0.4252747893333435
Cyclist 0.0 0 1.6092114448547363 293.8669738769531 148.7223663330078 317.35772705078125 215.27076721191406 1.5301968 1.8284365 0.56640613 -8.480289 0.9290161 20.549679 1.217828392982483 0.32628315687179565
Cyclist 0.0 0 -1.6137484312057495 777.91455078125 170.2880096435547 822.8665771484375 279.6773681640625 1.0893118 1.6949598 0.65467346 3.1883352 1.5225332 11.731244 -1.3483768701553345 0.1321837455034256
Car 0.0 0 2.038428783416748 0.0 190.30201721191406 330.26507568359375 374.0 4.259693 1.5411812 1.6582482 -4.4877954 1.663876 7.7280436 1.5123095512390137 0.9272770285606384
Car 0.0 0 -1.7041184902191162 598.6117553710938 198.28143310546875 741.9686279296875 336.2616882324219 3.2302752 1.5032175 1.4821709 0.74540186 1.7740806 9.881013 -1.6288232803344727 0.3856809139251709
Car 0.0 0 1.54343581199646 0.9997011423110962 201.03485107421875 88.04630279541016 268.2787780761719 4.2688766 1.4858317 1.6952866 -15.067081 2.072016 19.32517 0.8812203407287598 0.31188130378723145
