Pedestrian 0.0 0 1.4363548755645752 350.2222900390625 143.6708984375 384.8088684082031 228.59066772460938 0.9096765 1.9211938 0.6479254 -5.727074 1.2613243 16.872591 1.1091268062591553 0.3811216950416565
Pedestrian 0.0 0 1.7452142238616943 387.3584289550781 174.20257568359375 408.53497314453125 223.77703857421875 0.90824336 1.7725956 0.59386426 -7.7690716 1.8230348 26.307722 1.45806086063385 0.20696839690208435
Pedestrian 0.0 0 2.1471779346466064 89.23050689697266 151.56483459472656 155.1278076171875 265.31072998046875 0.6613104 1.7055532 0.57790977 -7.5797734 1.3866923 11.15281 1.5502550601959229 0.18716958165168762
Pedestrian 0.0 0 -1.9160962104797363 0.0 136.50372314453125 50.311248779296875 267.5901184082031 0.8001863 1.7683696 0.6020457 -8.50413 1.2783582 10.192896 -2.6114161014556885 0.1666591465473175
Pedestrian 0.0 0 1.6355284452438354 487.4723815917969 168.3617706298828 499.2458801269531 200.023681640625 0.7847354 1.8546795 0.63921654 -6.9309845 1.5918937 42.68448 1.4745562076568604 0.1662612110376358
Pedestrian 0.0 0 -0.3539709448814392 973.5585327148438 99.58685302734375 1083.7381591796875 267.0978698730469 1.0099132 1.9187721 0.54634565 4.9183836 1.0798839 8.614497 0.1648087501525879 0.1622590869665146
Pedestrian 0.0 0 1.325979232788086 798.9742431640625 160.43699645996094 816.3334350585938 198.3057403564453 0.8553792 1.8450891 0.63620657 9.706004 1.2404499 35.58735 1.592240810394287 0.14051677286624908
Pedestrian 0.0 0 0.867816150188446 229.00833129882812 168.94505310058594 291.4662170410156 277.0598449707031 0.81925076 1.8658442 0.6223275 -6.3008633 1.7987413 12.899063 0.41343140602111816 0.11286704987287521
Car 0.0 0 2.95896315574646 666.3260498046875 175.96653747558594 763.447509765625 212.20938110351562 4.1077557 1.5869437 1.7227383 4.6614275 1.7324405 32.697952 3.100569248199463 0.8706802725791931
Car 0.0 0 0.025473415851593018 648.235107421875 178.21424865722656 699.5000610351562 199.92518615722656 3.806282 1.5961366 1.632521 4.817132 2.0095842 54.576466 0.1135091781616211 0.30928125977516174
