Pedestrian 0.0 0 2.6070070266723633 655.8642578125 162.9737091064453 684.2907104492188 211.3867950439453 0.8948922 1.8600429 0.6610193 2.5187764 1.1881837 27.65063 2.6978492736816406 0.5124467015266418
Pedestrian 0.0 0 1.092727541923523 821.1192626953125 132.71897888183594 857.3915405273438 208.24436950683594 0.8073177 1.8824089 0.5704694 5.9396925 0.69310135 18.061674 1.4104431867599487 0.43588125705718994
Pedestrian 0.0 0 -0.14009016752243042 830.0777587890625 128.64263916015625 870.3819580078125 210.3496551513672 0.8360197 1.9025724 0.541042 5.7814693 0.69666433 16.803934 0.19127821922302246 0.31007009744644165
Pedestrian 0.0 0 -1.041070818901062 1068.66259765625 44.46025848388672 1224.0 370.0 0.60977787 1.7457972 0.62877357 2.8434374 1.1265756 3.6267414 -0.37615007162094116 0.2934958338737488
Pedestrian 0.0 0 -0.1158992350101471 587.7326049804688 167.0703582763672 600.9996337890625 200.57302856445312 0.68145233 1.87468 0.6152052 -0.61133623 1.1245991 39.908306 -0.13121655583381653 0.29200074076652527
Pedestrian 0.0 0 0.9058928489685059 251.27740478515625 135.6515655517578 326.18646240234375 259.93701171875 0.79681987 1.845416 0.7274742 -4.961681 1.1811593 11.0004425 0.48217129707336426 0.25776228308677673
Pedestrian 0.0 0 1.383429765701294 912.0772705078125 126.43193817138672 966.3723754882812 249.07386779785156 0.81371874 1.9098502 0.6531683 5.365483 1.0695288 11.480568 1.8206207752227783 0.24114593863487244
Pedestrian 0.0 0 2.1715879440307617 996.5929565429688 94.32649993896484 1087.516357421875 257.3476867675781 0.77934754 1.8650451 0.5972119 5.2103367 0.88086104 8.515784 2.7206711769104004 0.2340872883796692
Pedestrian 0.0 0 1.021789789199829 788.923583984375 141.97052001953125 818.9286499023438 202.6455841064453 0.82243156 1.8631618 0.5575275 6.202747 0.6815861 22.178202 1.2944995164871216 0.23200847208499908
Pedestrian 0.0 0 -0.9093585014343262 323.211669921875 143.81703186035156 375.3780212402344 229.39291381835938 1.0062561 1.9058713 0.6540958 -5.9296813 1.0905132 16.321182 -1.257843017578125 0.22791838645935059
Pedestrian 0.0 0 2.3940675258636475 741.2164306640625 155.61920166015625 759.0572509765625 193.33470153808594 0.71608245 1.8658066 0.5139354 7.248304 0.63637346 35.378567 2.596149444580078 0.22788873314857483
Pedestrian 0.0 0 1.2816474437713623 766.132080078125 146.0651397705078 787.8865966796875 194.56544494628906 0.78187436 1.8941243 0.63981247 6.786801 0.5508118 28.014908 1.5193251371383667 0.22230264544487
Pedestrian 0.0 0 -2.0979151725769043 1098.485595703125 67.82012176513672 1224.0 291.6916809082031 1.1756992 1.7463427 0.6085086 4.887147 0.8690756 6.1362 -1.4253454208374023 0.22135049104690552
Pedestrian 0.0 0 1.5569663047790527 744.5588989257812 155.6941375732422 754.7250366210938 192.22789001464844 0.8687778 1.8550221 0.49885893 7.4244947 0.5969148 36.36914 1.7583420276641846 0.201249361038208
Pedestrian 0.0 0 -0.9348325133323669 106.41377258300781 120.15565490722656 222.59364318847656 301.84771728515625 0.91256666 1.8031845 0.62773913 -4.685464 1.2059978 7.4911423 -1.4937677383422852 0.16906875371932983
Cyclist 0.0 0 -1.9816348552703857 1114.2615966796875 56.424842834472656 1224.0 288.7275390625 1.468915 1.7253971 0.5722618 4.936904 0.8055568 6.0311003 -1.2956702709197998 0.43131980299949646
Cyclist 0.0 0 -1.9397876262664795 938.4317016601562 126.91145324707031 1025.919921875 273.4097595214844 1.7221014 1.9145736 0.5053049 5.298898 1.2159034 10.119493 -1.4574129581451416 0.20256167650222778
Cyclist 0.0 0 2.6556262969970703 653.7938232421875 163.1268310546875 683.301025390625 211.076416015625 0.95767075 1.8432763 0.6480327 2.459503 1.1769234 27.659443 2.744313955307007 0.15164980292320251
Car 0.0 0 -1.6270490884780884 689.2192993164062 163.36514282226562 722.5555419921875 196.14865112304688 4.0587244 1.8305877 1.7044963 5.8763776 0.87519073 41.56955 -1.486617088317871 0.2294125109910965
