Pedestrian 0.0 0 0.13457642495632172 737.087646484375 190.8996124267578 764.7312622070312 243.73049926757812 0.85569185 1.7845969 0.7525654 4.8817916 2.4276397 25.200953 0.32592105865478516 0.29434072971343994
Pedestrian 0.0 0 0.7849467992782593 895.8582153320312 203.8221893310547 956.4306640625 310.3299865722656 0.7161446 1.5657823 0.5093055 4.880379 2.068687 11.279528 1.1933009624481201 0.183338463306427
Pedestrian 0.0 0 1.5763061046600342 15.133796691894531 177.3015594482422 33.771976470947266 216.15467834472656 0.6506559 1.9083978 0.71777856 -29.271206 2.1337852 36.025856 0.8939862251281738 0.1361238658428192
Pedestrian 0.0 0 -2.0473132133483887 1176.596435546875 104.58028411865234 1242.0 241.24632263183594 1.2485343 1.8779387 0.4908508 8.875967 0.94014215 10.57492 -1.3490397930145264 0.1356625109910965
Cyclist 0.0 0 -1.8333489894866943 872.0399780273438 170.5254364013672 897.9586181640625 222.45240783691406 1.626921 1.6908544 0.4040118 9.210831 1.6153895 24.32159 -1.4713295698165894 0.17709846794605255
Cyclist 0.0 0 -1.9102423191070557 1182.0394287109375 110.98435974121094 1242.0 244.5361328125 1.6488668 1.8350917 0.46060142 9.083224 0.985319 10.764273 -1.2093408107757568 0.15524737536907196
Car 0.0 0 1.9750173091888428 286.77203369140625 187.56959533691406 356.4662170410156 223.16226196289062 4.251068 1.6373867 1.7999064 -14.770404 2.4385397 37.11422 1.5962607860565186 0.8342004418373108
Car 0.0 0 1.5747709274291992 370.93609619140625 190.10243225097656 397.2303771972656 214.02984619140625 3.8317215 1.5669441 1.7574059 -16.409384 2.8688045 52.3519 1.271026372909546 0.24031256139278412
Car 0.0 0 1.9615577459335327 0.0 199.56312561035156 48.081520080566406 228.15077209472656 3.7561615 1.4678329 1.768392 -35.368576 3.1338522 42.93953 1.2725416421890259 0.2241189181804657
Car 0.0 0 2.234987735748291 219.4425048828125 194.0052490234375 286.8441467285156 221.4794158935547 4.185588 1.5731807 1.7173737 -23.171087 3.0154464 46.96135 1.776628017425537 0.15960216522216797
Car 0.0 0 3.2313308715820312 349.1196594238281 195.1088409423828 416.1408996582031 223.10348510742188 3.8142998 1.6051195 1.7691061 -14.04754 3.0222383 44.65985 2.926583766937256 0.14802013337612152
