Pedestrian 0.0 0 -0.20191682875156403 711.03125 181.40028381347656 733.0537109375 222.12364196777344 0.8011123 1.665697 0.5870774 4.606109 2.0245905 29.95441 -0.049341246485710144 0.2658741772174835
Pedestrian 0.0 0 -1.9698891639709473 886.0673217773438 144.99545288085938 918.7918090820312 204.90130615234375 0.66980916 1.7767382 0.7081019 8.757118 0.95084417 21.737803 -1.5869265794754028 0.19604435563087463
Pedestrian 0.0 0 2.236691951751709 253.1495361328125 180.09678649902344 273.70806884765625 214.62823486328125 0.7720969 1.8337989 0.66634136 -18.742462 2.2296875 38.951767 1.7882206439971924 0.1581512689590454
Cyclist 0.0 0 1.6840064525604248 0.0 212.4439239501953 22.901935577392578 280.2474670410156 1.6587095 1.7136171 0.54850346 -16.8285 2.8610532 20.060156 0.9859907627105713 0.2972088158130646
Car 0.0 0 2.201268434524536 0.0 201.17160034179688 175.82455444335938 280.1465148925781 3.7926629 1.592852 1.6053743 -12.730484 2.3674278 17.820086 1.580950140953064 0.9213115572929382
Car 0.0 0 2.0434815883636475 202.88290405273438 197.84217834472656 284.4743347167969 237.5347900390625 3.7470298 1.5281016 1.7077519 -16.190523 2.702355 32.01634 1.5752878189086914 0.8512223362922668
Car 0.0 0 1.5201658010482788 597.9157104492188 175.9637451171875 628.9918823242188 203.75146484375 3.9993331 1.5684724 1.651906 0.13126199 1.76388 43.216885 1.5232031345367432 0.4567294418811798
Car 0.0 0 1.8051433563232422 0.0 215.17010498046875 18.55234146118164 290.58636474609375 4.0249095 1.4516792 1.7963816 -16.867529 2.668689 18.546505 1.0671195983886719 0.20314271748065948
Car 0.0 0 2.242992401123047 258.3163146972656 193.47586059570312 328.48291015625 223.8114776611328 3.8854268 1.5342674 1.6211466 -18.125317 2.7778695 41.41141 1.830423355102539 0.18241898715496063
Car 0.0 0 -1.62774658203125 1013.6862182617188 191.13815307617188 1092.794677734375 252.56967163085938 3.9624128 1.4808844 1.697985 12.624936 2.0632672 20.817415 -1.0825903415679932 0.161410391330719
