Pedestrian 0.0 0 -1.7101703882217407 720.4395751953125 168.0967559814453 803.6307983398438 332.88818359375 0.80031127 1.5886421 0.7204102 1.4746659 1.5431386 7.373478 -1.5127787590026855 0.6494446396827698
Pedestrian 0.0 0 0.4344756007194519 351.6207275390625 202.08322143554688 401.3750915527344 294.57684326171875 0.72603935 1.7450566 0.65319496 -4.6409044 2.3360403 14.209822 0.11879873275756836 0.4040382504463196
Pedestrian 0.0 0 0.754154622554779 902.3948364257812 134.7489471435547 956.7910766601562 218.3494110107422 0.93831384 1.9082582 0.7158546 7.487888 1.0388331 17.038906 1.1682075262069702 0.40286096930503845
Pedestrian 0.0 0 0.6652539968490601 170.87527465820312 164.91465759277344 254.3915252685547 292.9864196777344 0.89921063 1.8288295 0.6072133 -5.9186506 1.7158158 10.671524 0.15886998176574707 0.31258583068847656
Pedestrian 0.0 0 1.4274765253067017 16.984359741210938 133.4804229736328 131.5089111328125 357.5410461425781 1.8331648 1.9076642 0.62303346 -5.29383 1.5727935 7.0067306 0.780442476272583 0.10443070530891418
Cyclist 0.0 0 1.4986969232559204 33.558231353759766 144.8978729248047 122.46183776855469 365.0450134277344 1.8138194 1.8812724 0.55331856 -5.271159 1.6427307 7.0291476 0.8552596569061279 0.4881477355957031
Cyclist 0.0 0 -2.0199384689331055 1097.0206298828125 60.20860290527344 1242.0 334.45391845703125 1.829766 1.7401842 0.5750194 4.402697 1.025767 5.5314903 -1.347682237625122 0.2884986698627472
Car 0.0 0 -1.6390390396118164 726.1063232421875 182.14529418945312 782.16943359375 230.90504455566406 4.151772 1.4898142 1.6052159 4.8712873 1.8402652 25.025352 -1.446789026260376 0.9014590978622437
Car 0.0 0 -2.5873489379882812 268.2117004394531 195.77088928222656 457.8759460449219 269.2933654785156 3.8391902 1.4883031 1.6414133 -5.681683 2.054822 16.595552 -2.917202949523926 0.7955081462860107
Car 0.0 0 -1.5873637199401855 717.29736328125 174.73538208007812 747.3005981445312 204.73057556152344 3.8030627 1.6243908 1.6173334 6.9312534 1.737724 41.323986 -1.421181082725525 0.7574833035469055
Car 0.0 0 -1.6406757831573486 789.0535278320312 183.40579223632812 1020.5432739257812 375.0 3.649869 1.4629582 1.5922756 2.5924137 1.5957954 7.0821376 -1.289775013923645 0.737725555896759
Car 0.0 0 -2.7894983291625977 561.6531982421875 185.6939239501953 607.2496337890625 205.56887817382812 3.515079 1.6051887 1.6675469 -2.1867406 2.7210162 61.34164 -2.825131893157959 0.6246045827865601
