Pedestrian 0.0 0 2.30902361869812 30.361141204833984 166.11988830566406 67.10848999023438 215.07408142089844 1.1159822 1.8718168 0.5164797 -21.937681 1.6146884 28.16211 1.6472326517105103 0.31960025429725647
Pedestrian 0.0 0 0.7440096139907837 957.8151245117188 190.39913940429688 1004.2947387695312 237.26730346679688 1.7221009 1.857374 0.6820778 15.473808 2.614924 30.21067 1.2173669338226318 0.10902542620897293
Cyclist 0.0 0 0.7440096139907837 957.8151245117188 190.39913940429688 1004.2947387695312 237.26730346679688 1.7221009 1.857374 0.6820778 15.473808 2.614924 30.21067 1.2173669338226318 0.4091523289680481
Cyclist 0.0 0 -1.0551775693893433 849.5283813476562 190.09127807617188 882.2137451171875 231.3477783203125 1.8306326 1.8915939 0.66420144 12.254728 2.7399182 34.64147 -0.7151579856872559 0.2826378345489502
Car 0.0 0 2.0673532485961914 68.55935668945312 189.982421875 188.06394958496094 246.373291015625 3.6315165 1.5387971 1.5832914 -15.050944 2.1228518 22.706774 1.4820048809051514 0.9017837643623352
Car 0.0 0 -1.4974634647369385 490.6617126464844 179.87960815429688 530.3697509765625 215.03468322753906 3.6192157 1.600685 1.6732584 -4.875525 1.9643695 35.452335 -1.634129524230957 0.8786153197288513
Car 0.0 0 -1.526809811592102 546.896240234375 184.0399932861328 596.5390625 230.90013122558594 3.3307502 1.4513192 1.560485 -1.3038899 1.8623381 24.8144 -1.579307198524475 0.8421930074691772
Car 0.0 0 2.309373378753662 311.73675537109375 191.3654022216797 375.181396484375 217.22769165039062 4.073349 1.5408887 1.6852041 -17.821653 2.838204 48.34607 1.9562020301818848 0.4760792553424835
Car 0.0 0 2.0175821781158447 726.3893432617188 184.0894775390625 771.17626953125 208.45071411132812 3.7388694 1.5998477 1.6724494 9.856389 2.4290836 51.227253 2.2076644897460938 0.4009147882461548
Car 0.0 0 2.2521095275878906 0.0 195.26661682128906 66.71532440185547 231.88189697265625 4.2667203 1.6073533 1.6717291 -29.899916 2.8057475 36.427742 1.5648133754730225 0.3683152496814728
Car 0.0 0 2.410182237625122 838.9930419921875 187.2636260986328 897.406982421875 209.80108642578125 4.0823746 1.5863408 1.6471485 19.399204 2.7014477 54.281586 2.7534172534942627 0.3627683222293854
Car 0.0 0 2.3216168880462646 784.4655151367188 189.23916625976562 835.003173828125 209.86236572265625 4.3560653 1.6327703 1.6507196 17.126657 3.0805001 61.891697 2.591581344604492 0.33631548285484314
