Pedestrian 0.0 0 1.4207619428634644 291.1603698730469 146.66493225097656 330.8489074707031 246.75242614746094 0.79816175 1.8668197 0.5937363 -5.8385053 1.3787023 13.950519 1.0243966579437256 0.3344128131866455
Pedestrian 0.0 0 1.7094062566757202 683.2430419921875 156.3347930908203 695.60693359375 189.9435577392578 0.92467344 1.942265 0.5981359 4.6165605 0.98797035 42.21675 1.8183271884918213 0.2240099459886551
Pedestrian 0.0 0 -0.9033494591712952 1219.857421875 140.15411376953125 1242.0 204.26165771484375 0.5756641 1.9345802 0.6881352 19.275942 0.94815016 22.162863 -0.18750602006912231 0.15973518788814545
Pedestrian 0.0 0 1.1300983428955078 0.0 122.05270385742188 62.89089584350586 254.89500427246094 0.81957644 1.8184092 0.66366696 -8.509764 1.1233745 10.349222 0.44193005561828613 0.13093307614326477
Pedestrian 0.0 0 2.4423675537109375 1127.22802734375 70.97805786132812 1242.0 316.3213195800781 0.8950148 1.8309696 0.57426107 4.6660743 1.0710386 5.6740465 3.1305911540985107 0.12344995141029358
Pedestrian 0.0 0 -0.24034833908081055 974.2203979492188 157.19691467285156 1026.08935546875 229.6778106689453 1.0470849 1.8068563 0.6137799 9.893532 1.4169033 18.412313 0.2527172565460205 0.11267276108264923
Pedestrian 0.0 0 -1.4475210905075073 107.20390319824219 152.10125732421875 155.5703887939453 252.71542358398438 0.6716328 1.7812797 0.6627171 -8.80774 1.4142295 13.220071 -2.0352282524108887 0.10660845041275024
Cyclist 0.0 0 -1.2317912578582764 484.60211181640625 166.84156799316406 501.1115417480469 197.9875030517578 1.5107752 1.806007 0.48977128 -6.9461236 1.4577323 42.62262 -1.3933390378952026 0.13293766975402832
Cyclist 0.0 0 -1.4180750846862793 474.13690185546875 167.60684204101562 487.5484313964844 200.16351318359375 1.5814362 1.7567184 0.49409407 -7.1399584 1.4739463 39.72722 -1.5959012508392334 0.11088930070400238
Car 0.0 0 -0.1881440281867981 668.5406494140625 172.55104064941406 782.2611694335938 213.47267150878906 4.3719597 1.6318681 1.742889 4.648114 1.6201446 29.713686 -0.03297150135040283 0.880881130695343
Car 0.0 0 0.10676918923854828 642.6991577148438 175.11117553710938 699.3566284179688 197.50135803222656 3.8966408 1.5624608 1.6683359 4.368962 1.7285192 51.776985 0.1909501552581787 0.12379840761423111
Car 0.0 0 2.283015727996826 508.9430236816406 167.37725830078125 553.0725708007812 188.2445831298828 3.8768935 1.7496552 1.6799212 -6.8375483 1.2908063 62.568546 2.174166679382324 0.12043136358261108
