Pedestrian 0.0 0 0.24669867753982544 574.7147216796875 171.01626586914062 606.5326538085938 226.18692016601562 0.9396264 1.7991428 0.59240264 -0.3795966 1.4583552 23.818462 0.23076295852661133 0.7290652990341187
Pedestrian 0.0 0 1.6880320310592651 390.84344482421875 163.83670043945312 459.27313232421875 306.0815734863281 0.9664404 1.7824576 0.77723503 -2.3605692 1.5624567 9.526887 1.4451441764831543 0.6898816823959351
Pedestrian 0.0 0 -1.8030369281768799 776.0361938476562 191.76766967773438 850.841064453125 324.40313720703125 0.7300972 1.6652366 0.793898 2.726523 1.8072901 9.45925 -1.5224049091339111 0.5557378530502319
Pedestrian 0.0 0 0.5433822274208069 455.9898986816406 157.78240966796875 506.7264404296875 233.64352416992188 0.93937635 1.7614679 0.7649246 -2.9046867 1.2119607 17.205122 0.3761324882507324 0.351300448179245
Pedestrian 0.0 0 0.2095470279455185 684.3599853515625 157.1507110595703 723.540283203125 230.60052490234375 0.8832874 1.8760307 0.7458339 2.663112 1.2552875 18.846582 0.34992241859436035 0.33966776728630066
Pedestrian 0.0 0 1.1298465728759766 1098.196044921875 204.8114013671875 1238.0 374.0 0.62115824 1.6881715 0.6653955 3.4165516 1.840584 4.2712874 1.8045191764831543 0.3224465548992157
Pedestrian 0.0 0 1.0569510459899902 765.0462646484375 138.8783416748047 795.200439453125 195.1996307373047 0.88170797 1.9513693 0.68912226 6.289889 0.47571966 25.402632 1.2996768951416016 0.32081153988838196
Pedestrian 0.0 0 1.107954978942871 740.4994506835938 191.09320068359375 817.5713500976562 317.5813293457031 1.1076831 1.752549 0.68233895 2.5671089 1.9044733 10.65992 1.3442740440368652 0.2873861789703369
Pedestrian 0.0 0 1.205936074256897 1114.213134765625 112.39984893798828 1172.389404296875 220.13436889648438 1.1756841 1.8846939 0.45950258 9.887319 0.67714065 13.192186 1.8491061925888062 0.21129247546195984
Pedestrian 0.0 0 1.3336538076400757 898.0889282226562 119.5969467163086 946.5460205078125 223.81509399414062 0.802632 1.909314 0.6653254 6.02635 0.77649385 13.611838 1.7504444122314453 0.21114268898963928
Pedestrian 0.0 0 0.6161239147186279 81.76287078857422 129.87571716308594 209.2809295654297 304.7332763671875 1.0801489 1.935905 0.62591153 -5.284861 1.3657103 8.289095 0.0485379695892334 0.19824931025505066
Pedestrian 0.0 0 1.229759931564331 969.4947509765625 196.98609924316406 1085.081787109375 374.0 0.6387047 1.5675558 0.6450505 3.4577653 1.7056692 5.9667687 1.7549724578857422 0.19543369114398956
Pedestrian 0.0 0 0.8028917908668518 177.79818725585938 131.01959228515625 267.7479248046875 269.512939453125 0.93987834 1.875994 0.66139644 -5.406115 1.193524 10.187791 0.31502866744995117 0.19420798122882843
Pedestrian 0.0 0 -2.562572717666626 688.64892578125 151.83070373535156 724.1139526367188 219.3480224609375 0.6770713 1.8145803 0.7333748 2.8637412 1.0183567 19.802132 -2.4189505577087402 0.1882941722869873
Pedestrian 0.0 0 1.4020951986312866 758.5701904296875 148.85174560546875 786.3651733398438 211.56689453125 1.7092806 1.832293 0.5378537 5.1592555 0.8795712 21.854244 1.633926272392273 0.10783273726701736
Cyclist 0.0 0 0.4959360957145691 453.1571350097656 165.21714782714844 531.4002685546875 240.1192169189453 1.7844987 1.72967 0.58417475 -2.6442285 1.3548675 17.160666 0.3430519104003906 0.5162197947502136
Cyclist 0.0 0 1.2017536163330078 743.334716796875 193.52806091308594 826.6395263671875 321.5494079589844 1.5029964 1.7124126 0.67756313 2.609242 1.903471 10.542006 1.4443864822387695 0.45549914240837097
Cyclist 0.0 0 -2.003973960876465 755.39501953125 159.63270568847656 797.5335693359375 219.78065490722656 1.7816762 1.7752038 0.55974466 5.340428 1.1309431 22.12661 -1.7671456336975098 0.40324893593788147
Cyclist 0.0 0 1.4116477966308594 686.80224609375 164.6120147705078 717.0043334960938 233.55372619628906 1.1242584 1.7677665 0.6163998 2.6119323 1.3359106 18.985445 1.5483651161193848 0.17041824758052826
Cyclist 0.0 0 0.268390029668808 573.4082641601562 169.8912353515625 606.9341430664062 225.42630004882812 0.9948322 1.8109114 0.5786881 -0.3950587 1.43346 23.825321 0.25181007385253906 0.10382331162691116
