Pedestrian 0.0 0 -0.11653721332550049 1194.41064453125 128.27513122558594 1242.0 250.67588806152344 0.7301324 1.8490196 0.6278399 9.656427 1.1759567 11.360694 0.5879485607147217 0.29448118805885315
Cyclist 0.0 0 -1.7003535032272339 393.83905029296875 176.2751922607422 423.7881164550781 240.675048828125 1.9480592 1.7466868 0.5739139 -5.831182 1.8499068 20.6827 -1.9751558303833008 0.7996839880943298
Car 0.0 0 -1.8695803880691528 603.5601196289062 178.8684844970703 713.2206420898438 251.46414184570312 3.59294 1.514391 1.6081969 0.9936318 1.6751757 17.306501 -1.8122295141220093 0.9521227478981018
Car 0.0 0 -1.7716349363327026 522.1250610351562 180.36090087890625 576.184326171875 219.5357208251953 3.8584936 1.5739989 1.6294466 -2.788467 1.9275808 31.866673 -1.8589167594909668 0.886857807636261
Car 0.0 0 -3.500589609146118 893.3319702148438 181.67288208007812 1242.0 316.81964111328125 3.7167158 1.593374 1.7007254 5.9427357 1.7283531 9.83469 -2.9570417404174805 0.8771955370903015
Car 0.0 0 -0.7490248680114746 569.2249145507812 174.1276092529297 634.9945068359375 201.95947265625 3.9033518 1.5981506 1.6319469 -0.47511762 1.6787882 43.542263 -0.7599360942840576 0.5465027689933777
Car 0.0 0 2.6138477325439453 468.46636962890625 176.77590942382812 531.91259765625 202.95050048828125 3.7579546 1.6019772 1.5802876 -7.082418 1.8648047 46.490623 2.4626693725585938 0.43150636553764343
Car 0.0 0 -1.0532578229904175 668.5969848632812 169.8656768798828 715.1458740234375 193.96026611328125 3.6911964 1.626104 1.6372327 5.752886 1.4247841 50.66596 -0.9401966333389282 0.3869546055793762
Car 0.0 0 -1.5557323694229126 779.601318359375 169.97666931152344 806.9185791015625 194.56617736816406 3.8895583 1.542474 1.6687635 12.02164 1.3623399 47.353622 -1.3071151971817017 0.3473641872406006
Car 0.0 0 2.34621524810791 615.7710571289062 166.7045440673828 677.025390625 190.6415557861328 4.0591702 1.493157 1.5991441 2.371821 1.1099204 46.96948 2.396669387817383 0.3339218199253082
