Pedestrian 0.0 0 1.162830114364624 986.8202514648438 156.74928283691406 1006.9572143554688 193.12142944335938 0.88543606 2.013129 0.69897234 21.62401 1.1221212 40.40331 1.6542426347732544 0.2828805148601532
Pedestrian 0.0 0 -2.8333935737609863 597.7933349609375 152.81048583984375 632.0015258789062 220.11170959472656 0.8172353 1.8544679 0.6080078 0.09418701 1.3025321 20.294044 -2.8287525177001953 0.22523042559623718
Pedestrian 0.0 0 -2.6253645420074463 293.14324951171875 170.47439575195312 334.11993408203125 234.173828125 0.95508283 1.8589714 0.59676605 -8.835145 1.7898842 21.409761 -3.016744613647461 0.14337530732154846
Cyclist 0.0 0 -2.854339122772217 593.6531372070312 152.50885009765625 634.076416015625 220.2560577392578 1.0141006 1.8659736 0.5837017 0.065036975 1.3059616 20.295544 -2.8511345386505127 0.10485922545194626
Car 0.0 0 -0.2747417092323303 118.20539855957031 194.81454467773438 210.74473571777344 226.68963623046875 4.0453606 1.5393014 1.6151842 -24.479246 2.809457 39.68217 -0.8274825811386108 0.7357426285743713
Car 0.0 0 1.8555934429168701 496.4793395996094 187.76710510253906 555.14697265625 225.31739807128906 4.19773 1.619922 1.7231474 -4.0556126 2.3915145 35.09747 1.7405507564544678 0.19931308925151825
Car 0.0 0 0.588761031627655 0.0 210.4099884033203 91.61811828613281 246.96450805664062 3.6984978 1.5349716 1.7354277 -26.541563 3.327086 33.403614 -0.08266111463308334 0.1869203895330429
Car 0.0 0 -2.214902400970459 77.3045883178711 201.3098907470703 138.86695861816406 227.24917602539062 3.2992475 1.5603819 1.693636 -33.14613 3.4909956 47.620598 -2.822969675064087 0.18384090065956116
Car 0.0 0 1.5942723751068115 105.02141571044922 193.19668579101562 133.1400909423828 215.3580780029297 4.5268617 1.5757334 1.7660519 -39.47637 3.2799304 58.0507 0.9970734119415283 0.17872479557991028
Car 0.0 0 2.0850350856781006 314.64483642578125 200.31690979003906 391.87945556640625 236.66175842285156 3.9474053 1.4483365 1.7067775 -12.042818 2.822611 34.00283 1.7446492910385132 0.17177648842334747
