Pedestrian 0.0 0 -0.27759307622909546 1160.285888671875 127.59245300292969 1223.818603515625 216.07676696777344 0.9521217 1.8854939 0.6160879 12.710084 0.92138284 15.841011 0.39858102798461914 0.27804338932037354
Pedestrian 0.0 0 1.5091700553894043 765.6383666992188 159.55955505371094 774.0722045898438 188.7099151611328 0.9209829 2.0040329 0.514869 11.067252 1.0904227 50.096508 1.7265963554382324 0.2296331226825714
Cyclist 0.0 0 -1.888747215270996 1042.8770751953125 179.5727081298828 1071.955322265625 228.4439239501953 1.5692412 1.778905 0.4650487 16.872324 2.0411344 27.303038 -1.3352227210998535 0.22982704639434814
Car 0.0 0 2.522331953048706 134.04763793945312 197.10765075683594 208.728759765625 222.3789520263672 4.2245636 1.5362326 1.777718 -30.676687 3.3128765 50.54954 1.9768807888031006 0.5703960061073303
Car 0.0 0 2.2978780269622803 278.9030456542969 188.4178924560547 325.69610595703125 208.5777587890625 3.7357585 1.5887513 1.6304907 -26.4248 2.9708703 62.025074 1.8951317071914673 0.535361111164093
Car 0.0 0 1.7247028350830078 401.7880554199219 181.15101623535156 428.08251953125 200.32485961914062 4.073854 1.6047391 1.659922 -17.37475 2.369219 64.33242 1.4609185457229614 0.5035754442214966
Car 0.0 0 1.7529363632202148 1019.16748046875 189.08502197265625 1065.4658203125 216.1381378173828 4.026513 1.5384095 1.8157824 27.364021 2.613718 45.672424 2.2927207946777344 0.29950353503227234
Car 0.0 0 2.1725728511810303 0.0 180.88511657714844 142.52101135253906 246.19027709960938 4.7345347 2.1373203 1.8878132 -19.692476 2.4605005 26.60125 1.5353190898895264 0.2915814220905304
Car 0.0 0 2.1421968936920166 872.126953125 182.93161010742188 928.9924926757812 210.96530151367188 3.5424254 1.6376731 1.6401923 18.127956 2.2910595 45.05929 2.524695873260498 0.2909882366657257
Car 0.0 0 2.113795042037964 344.64532470703125 183.99964904785156 383.7415466308594 202.24038696289062 3.845772 1.5372453 1.5958697 -22.24005 2.5788803 65.35779 1.785804271697998 0.2706335484981537
Car 0.0 0 2.4713587760925293 0.0 204.6819305419922 81.78109741210938 242.0633087158203 4.04967 1.4857903 1.7705826 -27.936699 3.1055567 34.539745 1.7912583351135254 0.254656046628952
Car 0.0 0 2.1615614891052246 0.0 199.66253662109375 56.42279052734375 230.2923126220703 4.39827 1.5689708 1.8226366 -35.633995 3.2600267 43.223305 1.4721088409423828 0.23893684148788452
