Pedestrian 0.0 0 2.5504844188690186 962.0537719726562 148.9145965576172 1016.3316040039062 245.38446044921875 0.66191906 1.7718292 0.6379907 7.0882525 1.3325001 13.603111 3.0308501720428467 0.320870578289032
Pedestrian 0.0 0 0.6579767465591431 950.97119140625 111.62876892089844 1010.1121826171875 222.2237548828125 0.65437144 1.83315 0.63098025 6.3041706 0.81867856 12.387694 1.1287236213684082 0.2948024570941925
Pedestrian 0.0 0 -0.17579978704452515 812.3138427734375 105.60209655761719 903.5223388671875 259.7395935058594 0.9809804 1.8591104 0.68085223 3.050561 1.0483177 9.108749 0.14736413955688477 0.27775049209594727
Pedestrian 0.0 0 -2.523442506790161 486.0860595703125 171.01455688476562 511.4610900878906 217.95797729492188 0.7156359 1.8078275 0.6889264 -4.3955708 1.7373471 28.252367 -2.6777875423431396 0.24296501278877258
Pedestrian 0.0 0 1.2695578336715698 0.0 122.04806518554688 68.45482635498047 259.91192626953125 1.0183436 1.8112295 0.7302648 -8.252141 1.1441085 10.061735 0.5826499462127686 0.17613859474658966
Pedestrian 0.0 0 -1.9409435987472534 987.9406127929688 39.62342834472656 1120.793212890625 295.6769104003906 0.9430224 1.8191566 0.5723661 3.369275 0.8729652 5.636343 -1.402160406112671 0.15164414048194885
Cyclist 0.0 0 -1.320704698562622 1102.33203125 37.10792922973633 1242.0 316.92474365234375 1.7041057 1.7836529 0.583573 4.2543087 0.9187166 5.34369 -0.6483237743377686 0.4060083329677582
Car 0.0 0 2.143550157546997 0.0 170.1480255126953 345.00146484375 375.0 4.207384 1.6605535 1.6714836 -3.8584669 1.6463774 5.976789 1.5702918767929077 0.867340087890625
Car 0.0 0 -1.4887272119522095 668.854248046875 163.64389038085938 710.1442260742188 200.7002716064453 3.7115767 1.6081082 1.5955586 3.6757045 1.2087823 33.283245 -1.378735899925232 0.8601818680763245
Car 0.0 0 -2.021267890930176 851.486328125 168.81431579589844 1223.3372802734375 366.9511413574219 4.1767416 1.6030852 1.7060016 4.1094594 1.5707588 7.9455814 -1.543954610824585 0.20758701860904694
