Pedestrian 0.0 0 1.062145709991455 992.4261474609375 132.71286010742188 1048.1201171875 229.09967041015625 0.8255612 1.8623022 0.64040446 8.095469 1.0870879 14.352528 1.575708031654358 0.22896821796894073
Pedestrian 0.0 0 1.7863280773162842 206.41537475585938 154.6673126220703 234.4057159423828 208.530517578125 0.64417166 1.8637382 0.74680406 -13.739605 1.2348126 25.376335 1.2900854349136353 0.18441122770309448
Pedestrian 0.0 0 0.08203896880149841 675.764892578125 159.29432678222656 718.981689453125 239.7776336669922 1.0054902 1.9228877 0.573384 2.0899608 1.5992814 17.616972 0.2001204490661621 0.1728227138519287
Pedestrian 0.0 0 1.1009666919708252 310.0715026855469 186.72238159179688 331.31951904296875 227.73240661621094 0.72230196 1.838358 0.64912015 -13.332182 2.4851923 33.149757 0.7185821533203125 0.14429379999637604
Pedestrian 0.0 0 0.7085151076316833 651.2651977539062 115.36185455322266 722.3577880859375 244.8639678955078 0.7041289 1.7847474 0.75401807 1.0601983 0.992771 10.45616 0.8095643520355225 0.1396498829126358
Pedestrian 0.0 0 -2.9825549125671387 745.1824951171875 186.7147674560547 773.2478637695312 224.25828552246094 1.3291696 1.902203 0.7559582 7.737339 2.6358178 37.578873 -2.779496669769287 0.13678492605686188
Pedestrian 0.0 0 1.9995253086090088 150.12380981445312 157.62417602539062 195.52078247070312 232.07225036621094 1.0068086 1.8124192 0.6123807 -10.999554 1.442011 18.0987 1.4534239768981934 0.12729929387569427
Cyclist 0.0 0 -2.9825549125671387 745.1824951171875 186.7147674560547 773.2478637695312 224.25828552246094 1.3291696 1.902203 0.7559582 7.737339 2.6358178 37.578873 -2.779496669769287 0.17734958231449127
Car 0.0 0 3.0066139698028564 528.0430908203125 190.1856689453125 597.5751953125 219.39935302734375 3.7733057 1.5637207 1.6572539 -2.7517033 2.5828524 41.220306 2.9399569034576416 0.7958585023880005
Car 0.0 0 1.7258617877960205 382.6898193359375 191.96568298339844 411.4712219238281 213.73806762695312 3.97612 1.6157825 1.6754522 -17.475447 3.2414572 59.278248 1.4391790628433228 0.2703152596950531
Car 0.0 0 1.7706780433654785 939.6170043945312 195.536376953125 997.79296875 231.83380126953125 3.8414383 1.4716966 1.7163473 16.829437 2.6004252 33.848404 2.232083320617676 0.24358128011226654
Car 0.0 0 2.036046266555786 423.43670654296875 188.8678741455078 463.8903503417969 208.9390106201172 4.5651746 1.6667238 1.7566913 -15.227316 3.1904662 66.21077 1.8099945783615112 0.17833876609802246
