Pedestrian 0.0 0 -2.445309638977051 1115.0518798828125 37.115962982177734 1242.0 242.19578552246094 0.9862301 1.8675348 0.7001315 5.662328 0.6318106 7.1213574 -1.7735518217086792 0.14320077002048492
Pedestrian 0.0 0 0.1040356457233429 388.1273498535156 167.05105590820312 404.2033386230469 198.18264770507812 0.8738534 1.8543464 0.55043036 -12.870455 1.5090532 43.326286 -0.18472060561180115 0.1420874148607254
Pedestrian 0.0 0 -0.6327621936798096 715.5831909179688 150.80039978027344 738.5349731445312 195.05296325683594 0.73236555 1.88526 0.65736187 5.018731 0.9460846 31.195864 -0.4732508957386017 0.1332588791847229
Cyclist 0.0 0 0.2433314025402069 17.37978744506836 166.8726348876953 67.36537170410156 206.76657104492188 1.6757143 1.7768372 0.6610621 -25.807024 1.5107911 32.77957 -0.42361125349998474 0.1938687413930893
Car 0.0 0 -0.3874608874320984 782.38525390625 184.7765350341797 908.210693359375 228.1064910888672 4.0552254 1.4945325 1.6427593 8.505683 1.9470961 26.391888 -0.0756874829530716 0.49190473556518555
Car 0.0 0 1.8972910642623901 342.28411865234375 177.71673583984375 387.1864013671875 202.6787872314453 3.906202 1.5103179 1.5624366 -15.733168 1.8363547 46.368313 1.5701724290847778 0.48613953590393066
Car 0.0 0 2.3882315158843994 0.0 200.8089141845703 82.84331512451172 281.7463073730469 3.6863556 1.387599 1.5687425 -13.690939 2.0663903 15.597618 1.6678414344787598 0.2072829157114029
Car 0.0 0 2.1581358909606934 26.80023765563965 164.45851135253906 116.37422943115234 199.21133422851562 3.9257314 1.6463072 1.7098773 -26.914946 1.2489552 36.18269 1.5185742378234863 0.18412819504737854
Car 0.0 0 -2.4561679363250732 206.4542236328125 171.7991180419922 279.9232177734375 196.55844116210938 4.1030817 1.554522 1.6568489 -23.676699 1.4886484 46.546055 -2.926729440689087 0.15900516510009766
Car 0.0 0 0.42066192626953125 194.4947052001953 177.5415802001953 253.36434936523438 194.18585205078125 4.6045494 1.527863 1.6492913 -36.24125 1.9749136 67.77009 -0.07041140645742416 0.13375084102153778
