Cyclist 0.0 0 1.3298544883728027 493.4872741699219 180.78472900390625 505.7922668457031 204.12074279785156 1.7840587 1.659537 0.4770873 -8.117228 2.2508466 52.84677 1.1774462461471558 0.5206920504570007
Car 0.0 0 -1.8969225883483887 767.829345703125 179.15480041503906 1065.989990234375 359.07568359375 4.3960075 1.4842267 1.6523904 3.0278583 1.5766251 8.321 -1.5479350090026855 0.9389849305152893
Car 0.0 0 -1.7649264335632324 718.5255126953125 179.32652282714844 840.5548706054688 272.0333557128906 3.559513 1.5106827 1.5693069 3.0405471 1.6510048 13.802943 -1.5481066703796387 0.9156690239906311
Car 0.0 0 1.9675343036651611 129.31735229492188 197.40963745117188 388.8458557128906 361.1127624511719 3.475284 1.4334317 1.4945759 -3.9236054 1.7865739 8.603335 1.539655327796936 0.90987628698349
Car 0.0 0 1.8381288051605225 327.6893310546875 193.33795166015625 468.377685546875 288.4425354003906 3.7525036 1.4023074 1.5306649 -3.7851079 1.8346616 13.330824 1.5614734888076782 0.8798749446868896
Car 0.0 0 -1.8626166582107544 636.9467163085938 178.37478637695312 690.0009765625 212.73587036132812 3.619662 1.5640564 1.61332 2.5275931 1.8502123 35.40705 -1.7913508415222168 0.820486307144165
Car 0.0 0 -3.1477742195129395 740.4581909179688 178.82737731933594 841.715576171875 222.26559448242188 3.6493323 1.5684249 1.60625 6.8444843 1.8072352 27.591394 -2.904616594314575 0.7116524577140808
Car 0.0 0 2.4180734157562256 0.0 221.90020751953125 248.84515380859375 375.0 3.8436213 1.4898801 1.5966921 -3.5957186 1.8565781 3.4351194 1.6098371744155884 0.6885703802108765
Car 0.0 0 -1.7885534763336182 592.0213623046875 179.1888885498047 624.9476928710938 202.9391632080078 3.3526673 1.5491439 1.5818142 -0.16744627 2.0029395 49.834534 -1.7919135093688965 0.6333343982696533
Car 0.0 0 -2.4084198474884033 918.0265502929688 231.42344665527344 1242.0 375.0 3.7636483 1.4503288 1.5977801 2.6448185 1.8074312 2.4926991 -1.5934207439422607 0.5411393046379089
Car 0.0 0 -0.46959298849105835 983.9282836914062 138.1053924560547 1150.3704833984375 194.959716796875 3.7481146 1.5675037 1.5956893 13.055622 0.60982454 20.853086 0.08977985382080078 0.48415130376815796
