Pedestrian 0.0 0 -1.2927197217941284 164.5216064453125 141.2567901611328 243.005126953125 301.3437194824219 0.6870992 1.7312151 0.61510015 -4.654645 1.3898739 8.206464 -1.808666706085205 0.695035457611084
Pedestrian 0.0 0 -0.32090723514556885 625.00927734375 171.272216796875 639.0940551757812 198.89906311035156 0.7491285 1.7176932 0.54275143 1.3485745 1.6197038 45.226166 -0.29109761118888855 0.344212144613266
Pedestrian 0.0 0 -2.3310554027557373 1000.5740966796875 86.72195434570312 1187.6732177734375 277.18682861328125 1.6681617 1.7561053 0.6355579 4.8987355 0.962317 7.527947 -1.7541602849960327 0.2192842811346054
Cyclist 0.0 0 -2.3310554027557373 1000.5740966796875 86.72195434570312 1187.6732177734375 277.18682861328125 1.6681617 1.7561053 0.6355579 4.8987355 0.962317 7.527947 -1.7541602849960327 0.3171197474002838
Car 0.0 0 -1.7031186819076538 667.9909057617188 175.353271484375 755.8880615234375 239.38723754882812 3.8416986 1.3832834 1.6018059 2.3288329 1.4514644 17.655964 -1.5719751119613647 0.9550055265426636
Car 0.0 0 -1.758374810218811 638.2901611328125 173.23826599121094 692.954345703125 211.22926330566406 3.9771004 1.4838871 1.5579242 2.2220886 1.5014753 30.285942 -1.6851357221603394 0.8800334334373474
Car 0.0 0 -1.3166301250457764 197.90045166015625 188.4817352294922 423.2940368652344 342.2846374511719 3.9112823 1.3659827 1.5361402 -3.4100716 1.602014 8.848219 -1.6844841241836548 0.8741012215614319
Car 0.0 0 -1.5298656225204468 516.1309204101562 171.81707763671875 557.9208374023438 211.09521484375 4.374805 1.6022393 1.6465492 -3.178398 1.5602995 31.662552 -1.6299139261245728 0.7872461080551147
Car 0.0 0 -0.9473649859428406 0.0 181.08697509765625 397.6607360839844 375.0 3.9819262 1.4595867 1.5834869 -2.7853584 1.5322114 4.30337 -1.521804928779602 0.7765867710113525
Car 0.0 0 0.3992275297641754 236.15394592285156 179.28367614746094 375.96112060546875 230.50778198242188 3.510324 1.450509 1.5001799 -8.977793 1.6480352 21.370703 0.001516103744506836 0.5112064480781555
Car 0.0 0 -1.5982768535614014 521.28662109375 171.42489624023438 555.6016845703125 202.6909637451172 3.5985725 1.5031312 1.6232513 -3.7048287 1.4347851 36.573948 -1.6992294788360596 0.4355795979499817
Car 0.0 0 -2.3975229263305664 922.0928344726562 212.05995178222656 1242.0 375.0 3.666983 1.4721793 1.5596403 2.3768852 1.6862986 2.0784552 -1.5452420711517334 0.39980974793434143
Car 0.0 0 -1.6001718044281006 537.7586669921875 174.36061096191406 564.6934204101562 200.4159698486328 3.6947465 1.5582032 1.570156 -3.754514 1.657159 45.293846 -1.682875156402588 0.3088502585887909
