Pedestrian 0.0 0 1.1885321140289307 717.8545532226562 164.66000366210938 749.5993041992188 224.42210388183594 0.9192893 1.7445736 0.63686025 3.6454287 1.5057328 21.577343 1.3558987379074097 0.6838210821151733
Pedestrian 0.0 0 1.3833552598953247 1213.1412353515625 140.84600830078125 1242.0 207.9057159423828 0.730046 1.8470135 0.6489771 17.463886 0.96578074 20.348625 2.0926103591918945 0.5034011602401733
Pedestrian 0.0 0 -1.7647725343704224 518.377685546875 158.4002227783203 544.205322265625 209.56321716308594 0.91795486 1.7208636 0.7175659 -2.7574599 1.2350698 24.81158 -1.875454306602478 0.2207849770784378
Pedestrian 0.0 0 -1.8436528444290161 759.4080200195312 158.03501892089844 794.3220825195312 218.55308532714844 1.7870325 1.7552476 0.562939 4.9814763 1.3258005 21.830626 -1.6193065643310547 0.11324147880077362
Cyclist 0.0 0 -1.8941841125488281 760.2516479492188 152.72329711914062 797.1553344726562 214.28488159179688 1.7976222 1.7668743 0.52765244 4.9882073 1.1894627 21.626137 -1.667492389678955 0.32790815830230713
Cyclist 0.0 0 -1.4749755859375 1224.3516845703125 178.90740966796875 1242.0 250.013427734375 1.6542348 1.6086618 0.3187915 14.854274 1.758451 17.123188 -0.7604122161865234 0.23927155137062073
Cyclist 0.0 0 1.087173342704773 718.4771118164062 165.87771606445312 752.2128295898438 226.4716033935547 0.96242267 1.7598777 0.61157346 3.6812108 1.5576179 21.505608 1.2567048072814941 0.13793252408504486
Car 0.0 0 1.704318881034851 385.9744567871094 181.47190856933594 467.2601013183594 245.5959930419922 3.460561 1.409108 1.5275882 -4.55898 1.6477587 18.143223 1.4581384658813477 0.9010834693908691
Car 0.0 0 2.680671215057373 623.1978149414062 170.79466247558594 700.40673828125 197.44393920898438 4.537041 1.6042061 1.680987 3.2082696 1.4805976 45.071266 2.7517335414886475 0.6455488801002502
Car 0.0 0 2.4409689903259277 505.5826416015625 176.20584106445312 580.646728515625 204.74722290039062 4.221041 1.5373739 1.6543324 -3.8278441 1.7399122 41.43599 2.348850727081299 0.559041440486908
Car 0.0 0 1.1852644681930542 348.5161437988281 183.5916748046875 429.36383056640625 224.97129821777344 4.121253 1.4318105 1.5680556 -8.726303 1.8820943 28.139902 0.884563684463501 0.5406947135925293
