Pedestrian 0.0 0 2.5331051349639893 935.63427734375 138.03826904296875 1027.355712890625 304.5911865234375 0.5934612 1.7336398 0.6949121 4.0519824 1.2933494 7.7366543 3.0155625343322754 0.6184173226356506
Pedestrian 0.0 0 1.028714656829834 833.3218383789062 172.89842224121094 877.347412109375 242.6324462890625 0.90922284 1.7138598 0.6760324 6.285432 1.5286328 17.88594 1.3666516542434692 0.2776859998703003
Pedestrian 0.0 0 1.1215400695800781 765.8771362304688 142.37123107910156 826.6920166015625 248.1829376220703 0.94562227 1.7854815 0.6887081 3.3094847 1.14374 12.455091 1.3812522888183594 0.17262056469917297
Pedestrian 0.0 0 0.5934417247772217 212.83775329589844 147.2908935546875 273.3674621582031 238.37127685546875 0.89009535 1.7514871 0.5807039 -7.166075 1.1145049 13.932552 0.11838769912719727 0.17025746405124664
Pedestrian 0.0 0 2.1769230365753174 15.134613990783691 161.87677001953125 82.43000793457031 253.04623413085938 0.919463 1.7989005 0.67776144 -11.371176 1.4330679 14.425751 1.5093846321105957 0.16216310858726501
Pedestrian 0.0 0 -3.363926410675049 831.8944091796875 134.87826538085938 880.7073974609375 238.0203094482422 0.6908809 1.7819024 0.6409054 4.4123015 0.99537814 12.568209 -3.0263001918792725 0.12452112883329391
Pedestrian 0.0 0 0.7283420562744141 1133.1451416015625 150.58596801757812 1224.0 259.0025939941406 1.7142179 1.7380208 0.51333314 10.072879 1.2601249 12.215886 1.4178874492645264 0.1136808693408966
Pedestrian 0.0 0 -3.5662150382995605 898.7467041015625 143.13693237304688 983.3497924804688 254.10032653808594 1.1098984 1.788508 0.61456865 5.5022264 1.1879439 11.706674 -3.126847982406616 0.10830125212669373
Pedestrian 0.0 0 -3.6428260803222656 1115.2298583984375 123.64160919189453 1209.0184326171875 241.95327758789062 1.0414388 1.8559533 0.58325493 8.962512 0.9656733 11.45854 -2.979052782058716 0.1046009287238121
Cyclist 0.0 0 0.7411112189292908 1134.546142578125 151.2718048095703 1224.0 259.4835510253906 1.6929255 1.7342335 0.4952424 10.061933 1.267468 12.199137 1.4307963848114014 0.20376956462860107
Cyclist 0.0 0 -1.7724511623382568 849.10546875 174.31655883789062 911.8153686523438 293.0766906738281 1.6589198 1.7567337 0.6044275 4.3284745 1.6669289 11.321488 -1.4072751998901367 0.17951065301895142
Cyclist 0.0 0 -2.588273048400879 273.6600646972656 203.8849639892578 349.54010009765625 275.41900634765625 1.775986 1.8108006 0.643444 -7.768051 2.4445407 18.650484 -2.9829277992248535 0.1419839859008789
Cyclist 0.0 0 -0.7869912385940552 967.7119750976562 135.99301147460938 1082.13671875 249.77064514160156 1.7389174 1.7958412 0.55854714 6.8687787 1.0950087 11.643736 -0.2540224492549896 0.12170697003602982
Cyclist 0.0 0 -3.3709871768951416 1051.816162109375 206.7231903076172 1135.66748046875 280.39715576171875 1.5942557 1.7131693 0.6543177 11.995811 2.3843758 17.454721 -2.7688674926757812 0.11424681544303894
Car 0.0 0 0.5067775249481201 283.6329345703125 198.56295776367188 454.46185302734375 261.1141662597656 4.1165667 1.525169 1.593284 -6.3517513 2.0436792 19.067808 0.1852245330810547 0.19699817895889282
Car 0.0 0 -2.903125762939453 505.7080383300781 202.34181213378906 696.7765502929688 276.5235595703125 4.171198 1.5100299 1.6004456 -0.08622337 2.0570366 16.390198 -2.908386468887329 0.12930013239383698
Car 0.0 0 -0.7421860098838806 1011.5220947265625 192.2640380859375 1217.0009765625 255.88421630859375 4.406461 1.5448447 1.7333592 13.35739 1.8765787 18.709734 -0.12217385321855545 0.11236480623483658
Car 0.0 0 2.077059507369995 171.88392639160156 213.4322509765625 414.0281066894531 349.581298828125 3.7645428 1.452864 1.6035042 -4.3548727 2.0326338 10.447575 1.6821284294128418 0.10775688290596008
