Pedestrian 0.0 0 0.5152907967567444 987.2755126953125 149.71560668945312 1031.757568359375 228.26437377929688 0.6771194 1.7467859 0.6102578 9.079043 1.2325869 16.491282 1.018545389175415 0.2664249837398529
Pedestrian 0.0 0 2.060908079147339 487.28057861328125 164.11729431152344 527.7898559570312 234.93212890625 0.90926355 1.8283818 0.7247608 -2.7633653 1.6031651 19.177544 1.9177992343902588 0.23017454147338867
Pedestrian 0.0 0 1.0280356407165527 780.4349975585938 159.73744201660156 802.0886840820312 199.110595703125 0.8301129 1.8082408 0.6413861 8.404048 1.2062119 33.625286 1.2729506492614746 0.2266761064529419
Pedestrian 0.0 0 1.0885143280029297 974.259765625 116.15007781982422 1029.7703857421875 204.70999145507812 1.0766252 1.8022476 0.5947754 8.200714 0.6486465 15.222781 1.582650899887085 0.15613344311714172
Pedestrian 0.0 0 1.8913129568099976 978.9337768554688 142.9700927734375 1029.615234375 245.3231658935547 0.7421802 1.8654817 0.64087933 7.40163 1.3211771 13.635529 2.3886265754699707 0.1463017761707306
Cyclist 0.0 0 1.0885143280029297 974.259765625 116.15007781982422 1029.7703857421875 204.70999145507812 1.0766252 1.8022476 0.5947754 8.200714 0.6486465 15.222781 1.582650899887085 0.15289993584156036
Cyclist 0.0 0 0.927964448928833 781.4479370117188 151.58370971679688 806.1796875 192.3448028564453 1.0230972 1.851447 0.6170932 8.4541645 0.8856678 33.361732 1.1761490106582642 0.11005037277936935
Car 0.0 0 -1.7436096668243408 713.436279296875 173.36102294921875 808.3809204101562 238.82025146484375 3.4001288 1.3569926 1.559174 3.330638 1.3702948 16.699919 -1.5467522144317627 0.9655337929725647
Car 0.0 0 -1.3966755867004395 704.701171875 164.8588104248047 765.8766479492188 208.77069091796875 3.6963665 1.5089571 1.6230583 4.673567 1.2345744 26.805641 -1.2240605354309082 0.5275885462760925
Car 0.0 0 1.4173953533172607 705.6477661132812 168.3059844970703 783.2161254882812 223.23049926757812 4.086871 1.4668838 1.619613 3.8168342 1.3457767 21.329582 1.5944668054580688 0.3836171329021454
Car 0.0 0 -1.2428375482559204 753.7805786132812 153.6139678955078 798.0872192382812 180.109130859375 4.187812 1.7525182 1.7342471 11.501399 0.48024747 49.960064 -1.0165679454803467 0.21010808646678925
Car 0.0 0 1.8649996519088745 460.8043212890625 165.79934692382812 542.6541137695312 218.3948974609375 3.6788783 1.5502534 1.600655 -3.431086 1.3426757 23.2016 1.7181823253631592 0.15298286080360413
