Pedestrian 0.0 0 1.3904716968536377 1050.314697265625 120.01679229736328 1118.00048828125 262.9985656738281 0.869761 1.8333395 0.6154269 6.343105 1.1562085 9.768818 1.966369867324829 0.4359627664089203
Pedestrian 0.0 0 1.4151153564453125 863.0848999023438 126.69342803955078 900.7249145507812 206.84242248535156 0.9406904 1.8971441 0.719442 6.573858 0.8048712 17.60906 1.7724144458770752 0.2519623041152954
Pedestrian 0.0 0 2.7487497329711914 655.5387573242188 186.38372802734375 674.060791015625 219.63392639160156 0.79088855 1.7400353 0.6681818 2.889725 2.4716933 38.556355 2.8235578536987305 0.18466417491436005
Pedestrian 0.0 0 -0.19165177643299103 722.4963989257812 159.1914825439453 735.8287963867188 193.8486328125 0.65071714 1.9916079 0.6422074 6.8651533 1.2068353 41.79149 -0.028834372758865356 0.18332934379577637
Pedestrian 0.0 0 -1.6359585523605347 748.6199951171875 153.85025024414062 765.1742553710938 194.5587921142578 0.8147788 1.8846399 0.7080856 6.8482413 1.0052013 33.852673 -1.436356782913208 0.16591544449329376
Pedestrian 0.0 0 0.751468300819397 779.022216796875 146.591064453125 810.1441650390625 200.30714416503906 0.9307642 1.8926847 0.5927875 6.595953 0.96766865 25.972363 1.0001709461212158 0.13582944869995117
Pedestrian 0.0 0 1.446502447128296 510.4612731933594 166.4453125 519.4943237304688 191.49583435058594 0.90766656 1.8613123 0.5626893 -7.1566663 1.3854885 54.119453 1.3150269985198975 0.1346435695886612
Cyclist 0.0 0 -3.1391913890838623 598.4957885742188 176.95814514160156 619.0929565429688 198.5552520751953 1.7401029 1.8212905 0.5775372 -0.12436998 2.171665 61.243713 -3.1412222385406494 0.20654436945915222
Car 0.0 0 1.7816441059112549 397.5601806640625 188.9467010498047 515.5055541992188 271.4327392578125 4.1361055 1.4982514 1.7053121 -3.2827492 1.9015338 15.987818 1.5791306495666504 0.9317961931228638
Car 0.0 0 -1.6138134002685547 597.86328125 179.41810607910156 618.4368896484375 197.2376708984375 3.7649906 1.4712455 1.6281633 -0.20897819 2.061316 62.90134 -1.617135763168335 0.2356131374835968
Car 0.0 0 -1.1821762323379517 641.563720703125 187.2398681640625 691.67138671875 217.00503540039062 3.4660437 1.5046148 1.590966 3.1620605 2.344882 40.218185 -1.103714942932129 0.2102215439081192
Car 0.0 0 1.6419037580490112 490.17877197265625 185.58189392089844 522.5249633789062 214.59046936035156 4.0602074 1.6164776 1.6749414 -6.3241 2.4318976 44.118176 1.4995291233062744 0.14117617905139923
