Pedestrian 0.0 0 -1.7902123928070068 834.2402954101562 144.0502471923828 856.1898803710938 193.8458251953125 0.7209007 1.9030939 0.6666028 9.067974 0.802626 27.963264 -1.4766303300857544 0.13409186899662018
Pedestrian 0.0 0 2.0856852531433105 0.0 153.91989135742188 38.68644714355469 229.26771545410156 0.65184486 1.8433378 0.6319537 -14.8752165 1.3804846 18.025202 1.395739197731018 0.12620100378990173
Pedestrian 0.0 0 2.2236499786376953 1159.5963134765625 98.58285522460938 1242.0 250.289306640625 1.0350959 1.8304734 0.6889549 7.6696754 0.9346837 9.15257 2.9211246967315674 0.12106962502002716
Cyclist 0.0 0 -1.4946011304855347 698.2864379882812 163.67315673828125 718.3067016601562 212.90208435058594 1.8469379 1.8296403 0.6280997 3.753995 1.4887834 27.782598 -1.360294222831726 0.8552547693252563
Cyclist 0.0 0 -2.240359306335449 1137.747314453125 106.9444580078125 1242.0 251.52978515625 1.1342982 1.769989 0.6555893 7.5635386 0.9634936 9.399948 -1.5627977848052979 0.15108603239059448
Cyclist 0.0 0 -2.183562994003296 1145.8594970703125 200.5869903564453 1242.0 365.8320617675781 1.4141983 1.6015385 0.43183556 6.5518675 1.9354525 7.9539948 -1.4945248365402222 0.12567293643951416
Car 0.0 0 1.841901421546936 495.1986389160156 169.85092163085938 569.3154907226562 216.0264434814453 4.175392 1.5775084 1.6802902 -2.8375704 1.4752719 26.845097 1.73659086227417 0.8686581254005432
Car 0.0 0 1.0098679065704346 849.8302612304688 186.49960327148438 1242.0 375.0 3.6970336 1.4808589 1.5804969 3.0368905 1.6110619 5.002653 1.5554594993591309 0.85841965675354
Car 0.0 0 1.8447846174240112 552.9052734375 172.6456756591797 611.0374145507812 210.3647918701172 4.3314366 1.6750993 1.6526684 -1.2959013 1.6662049 34.33959 1.8070646524429321 0.8266487717628479
Car 0.0 0 1.817934274673462 627.94091796875 171.71710205078125 663.3314208984375 196.09913635253906 3.8731232 1.6283208 1.5638441 2.4933348 1.5527525 50.2647 1.8674976825714111 0.4479339122772217
