Pedestrian 0.0 0 -2.434661626815796 1119.71533203125 153.95779418945312 1242.0 347.71337890625 0.986056 1.7543317 0.6696338 5.6654806 1.5835967 7.0774217 -1.759615421295166 0.5479395389556885
Pedestrian 0.0 0 2.541365146636963 999.0963745117188 122.94300079345703 1099.1287841796875 255.091552734375 1.082353 1.8395078 0.59402937 6.2402678 1.1451045 10.369196 3.083113193511963 0.2372654378414154
Pedestrian 0.0 0 0.5878496170043945 610.7745971679688 179.14297485351562 630.6123046875 216.64222717285156 0.70612735 1.7034285 0.5949837 0.45572224 1.998527 33.36794 0.601506233215332 0.23330555856227875
Pedestrian 0.0 0 -0.010566860437393188 540.7164306640625 170.4611053466797 553.7899780273438 196.5011444091797 0.8846264 1.7699178 0.53619903 -4.323538 1.6076314 49.349567 -0.09795418381690979 0.22011880576610565
Pedestrian 0.0 0 1.6717818975448608 202.5308380126953 192.85406494140625 241.33848571777344 288.796875 0.56973207 1.6037614 0.5430822 -6.809125 1.963053 12.578979 1.1756350994110107 0.1862526386976242
Pedestrian 0.0 0 1.2283313274383545 594.2181396484375 135.3250274658203 622.7423095703125 188.72402954101562 1.2375677 1.8543227 0.6366314 -0.10772006 0.5514574 25.743347 1.2241469621658325 0.17588688433170319
Cyclist 0.0 0 3.4937803745269775 220.89370727539062 152.66844177246094 306.60980224609375 225.5994415283203 1.8867929 1.8207873 0.57729125 -8.852015 1.3171949 18.389233 3.0451478958129883 0.23645664751529694
Cyclist 0.0 0 1.3429489135742188 600.9542846679688 138.64170837402344 626.69482421875 191.18186950683594 1.3587772 1.8230249 0.6252444 0.08189951 0.63629377 25.764942 1.3461276292800903 0.201911062002182
Car 0.0 0 1.716984748840332 357.7119140625 182.01300048828125 446.7243347167969 246.71926879882812 4.106661 1.4293599 1.6211039 -5.297399 1.6940923 18.68328 1.4406993389129639 0.9227882027626038
Car 0.0 0 1.7111576795578003 425.2037658691406 183.28756713867188 479.64788818359375 224.96524047851562 3.6110704 1.3936198 1.4924604 -5.85051 1.8099545 26.908722 1.497069001197815 0.8960928916931152
Car 0.0 0 1.2531671524047852 659.2796630859375 157.69590759277344 778.4953002929688 234.56063842773438 4.1352954 1.6915307 1.7055086 2.5218263 1.3583106 18.062237 1.3918890953063965 0.734792172908783
Car 0.0 0 1.6318644285202026 447.0242614746094 177.50103759765625 487.34222412109375 214.6352081298828 3.958258 1.5812612 1.5877359 -6.574838 1.809463 33.306824 1.4369680881500244 0.4380202293395996
Car 0.0 0 -1.379000186920166 553.0696411132812 170.52821350097656 587.0088500976562 195.55430603027344 3.8794086 1.6490201 1.61984 -2.7326071 1.4961274 49.57288 -1.4340674877166748 0.20912133157253265
Car 0.0 0 1.9286434650421143 0.0 166.80816650390625 118.1814193725586 256.0018615722656 3.9644732 1.4821697 1.6120539 -11.28229 1.382061 14.121962 1.2545626163482666 0.1843712031841278
