Pedestrian 0.0 0 1.18019437789917 907.8502807617188 175.30250549316406 948.6390991210938 243.01522827148438 0.81003016 1.7002732 0.7027793 8.126166 1.7650157 18.557676 1.5929296016693115 0.3685261011123657
Pedestrian 0.0 0 0.09938143193721771 487.6752014160156 157.6958465576172 502.65216064453125 190.75033569335938 0.7713073 1.8275734 0.5789341 -6.4309483 0.98984134 40.202663 -0.05923798680305481 0.3009655475616455
Pedestrian 0.0 0 1.6114153861999512 1033.3704833984375 128.16024780273438 1061.256103515625 196.1259307861328 0.70206445 1.9646795 0.67837244 12.887456 0.6730782 21.33457 2.154818058013916 0.2896583080291748
Pedestrian 0.0 0 -1.282519817352295 1101.8199462890625 127.84339904785156 1158.4542236328125 234.44485473632812 0.81326145 1.8035605 0.6036152 9.100041 1.0423964 12.692555 -0.6605023741722107 0.26634639501571655
Pedestrian 0.0 0 1.6551897525787354 1198.460205078125 189.9929962158203 1242.0 280.5536193847656 0.71661824 1.5730653 0.57885426 11.103024 1.8970103 13.16198 2.3559377193450928 0.2505674660205841
Pedestrian 0.0 0 1.245624303817749 985.8359985351562 130.79727172851562 1039.8150634765625 231.49656677246094 0.96265286 1.8533248 0.62385905 7.638173 1.0796475 13.806253 1.7509516477584839 0.1980779618024826
Car 0.0 0 2.084054946899414 95.35218048095703 196.46131896972656 302.0497131347656 286.533447265625 4.2412724 1.3770193 1.6459639 -7.8848066 1.9139918 14.270875 1.5792864561080933 0.9125580787658691
Car 0.0 0 -1.5609087944030762 590.9420776367188 180.0504608154297 622.0210571289062 210.32533264160156 3.8648615 1.5265193 1.6069123 -0.21030875 1.937536 39.23506 -1.5662689208984375 0.7117518782615662
Car 0.0 0 1.2147998809814453 701.5337524414062 176.5758056640625 749.6038208007812 204.03323364257812 3.659874 1.4849858 1.5430026 6.557441 1.7094328 41.494442 1.3715355396270752 0.378065288066864
Car 0.0 0 1.7399264574050903 430.5528869628906 180.71063232421875 482.7510681152344 218.3259735107422 3.7999024 1.4715186 1.5730494 -6.5515184 1.830025 30.959408 1.5313866138458252 0.29894691705703735
Car 0.0 0 1.7303509712219238 452.7991027832031 179.4925537109375 498.486083984375 213.12701416015625 4.105491 1.5615909 1.6333789 -6.7480564 1.9158101 36.38641 1.5469789505004883 0.22215983271598816
Car 0.0 0 1.8061665296554565 430.8681640625 188.39849853515625 459.16595458984375 206.4852752685547 3.7357988 1.5067012 1.6694001 -14.894094 2.9523435 65.207054 1.5816066265106201 0.1796112358570099
