Pedestrian 0.0 0 2.651212453842163 688.90380859375 154.0888671875 790.1513061523438 305.5934143066406 1.0038036 1.6836814 0.5957225 1.5189853 1.3918593 8.28895 2.832455635070801 0.4585973620414734
Pedestrian 0.0 0 1.1857353448867798 833.9677734375 172.38009643554688 874.0166625976562 243.1483612060547 0.92351437 1.739529 0.6523531 6.2385416 1.541534 17.851883 1.5219300985336304 0.27524852752685547
Pedestrian 0.0 0 -0.04726123809814453 835.6417846679688 132.2386016845703 879.8171997070312 236.1285400390625 0.7052246 1.7849597 0.6674671 4.435453 0.95741475 12.564152 0.29210543632507324 0.14375384151935577
Pedestrian 0.0 0 -0.09259474277496338 760.3724365234375 130.15907287597656 822.6905517578125 236.47802734375 0.99427044 1.7969823 0.63073236 3.1941853 0.9477782 12.336309 0.1607666015625 0.1199788972735405
Pedestrian 0.0 0 -0.5688262581825256 949.61767578125 127.17310333251953 1052.697998046875 240.98171997070312 1.4047042 1.825243 0.5573884 6.4713354 0.97164977 11.656239 -0.06201313063502312 0.11935367435216904
Pedestrian 0.0 0 -1.0606625080108643 56.551109313964844 189.09033203125 98.1218490600586 251.6479034423828 0.62877315 1.7650933 0.7512304 -15.255005 2.0190165 20.404888 -1.702635645866394 0.10480564832687378
Cyclist 0.0 0 -1.6850059032440186 869.3040161132812 179.192626953125 925.48876953125 303.3718566894531 1.6648327 1.6606343 0.5600323 4.190981 1.6448227 10.327317 -1.2994966506958008 0.13511136174201965
Cyclist 0.0 0 0.6257723569869995 279.0054016113281 207.5539093017578 356.051025390625 277.55029296875 1.8420489 1.750219 0.66148174 -7.6068926 2.4854152 18.629295 0.23810601234436035 0.12757718563079834
Car 0.0 0 0.5246164798736572 291.7865295410156 195.04165649414062 451.52813720703125 258.1737060546875 3.7895136 1.5461615 1.6055001 -6.271281 1.9632639 19.025434 0.2062060832977295 0.19398227334022522
Car 0.0 0 -0.7190967202186584 0.0 187.36114501953125 115.72120666503906 240.31729125976562 4.267629 1.5597335 1.664655 -18.941748 1.8125831 23.648333 -1.394432544708252 0.1691114455461502
