Pedestrian 0.0 0 -1.9795234203338623 1143.266845703125 106.26032257080078 1242.0 301.23870849609375 0.9079982 1.7900022 0.66578376 5.8172355 1.1789958 7.148551 -1.2964458465576172 0.3891288638114929
Car 0.0 0 1.9797039031982422 249.43502807617188 192.4867706298828 408.773193359375 277.3494567871094 4.0313582 1.4319946 1.6276677 -5.7407975 1.9011333 15.17389 1.6180135011672974 0.9219865798950195
Car 0.0 0 1.8226956129074097 361.42474365234375 187.3408966064453 449.8268127441406 244.66163635253906 3.7769666 1.4056076 1.5224093 -5.75421 1.8569937 20.557177 1.549768090248108 0.8670722246170044
Car 0.0 0 1.7829804420471191 451.6664733886719 185.3348846435547 506.08819580078125 221.59503173828125 3.9419188 1.4078641 1.5320355 -5.6706896 1.9856088 31.381363 1.604207158088684 0.8559665083885193
Car 0.0 0 1.765302062034607 412.9946594238281 186.8009796142578 477.89874267578125 232.33758544921875 3.7836328 1.4071095 1.5202216 -5.7464676 1.9350181 25.377222 1.542615532875061 0.8382094502449036
Car 0.0 0 -3.4223227500915527 797.0435791015625 157.84112548828125 922.139892578125 199.63539123535156 4.164773 1.5228379 1.6373729 9.2890625 0.97617865 27.205837 -3.093297243118286 0.817876398563385
Car 0.0 0 1.7638576030731201 486.8604736328125 181.4898223876953 531.3699340820312 211.8692626953125 4.194419 1.4969465 1.6018553 -5.4128213 1.9885588 38.90444 1.6256139278411865 0.7204084992408752
Car 0.0 0 -1.7040354013442993 664.2932739257812 172.56300354003906 708.9270629882812 207.07936096191406 3.661675 1.4940497 1.5505762 3.417372 1.4818118 33.08269 -1.601102590560913 0.5445400476455688
Car 0.0 0 -0.4877709150314331 766.956298828125 164.54095458984375 863.0134887695312 199.4296875 3.870435 1.510793 1.5634683 9.145959 1.1511701 32.414886 -0.2127668410539627 0.45094040036201477
Car 0.0 0 -1.763824224472046 653.4588012695312 172.14059448242188 695.5059814453125 201.43504333496094 3.5813801 1.4907813 1.5725142 3.3623095 1.4548345 38.579865 -1.6768919229507446 0.3458975851535797
