Pedestrian 0.0 0 2.03617787361145 297.966064453125 143.287109375 348.8983154296875 220.8279266357422 1.0995413 1.8732946 0.7718877 -7.1845036 1.1593516 18.009575 1.6565970182418823 0.3242321312427521
Pedestrian 0.0 0 -1.864109754562378 658.279541015625 153.25726318359375 676.866943359375 198.1488800048828 0.5419001 1.9427818 0.68232524 2.4754949 1.0950483 31.56087 -1.7858344316482544 0.2531094551086426
Pedestrian 0.0 0 1.9024791717529297 276.92138671875 141.45928955078125 331.5327453613281 229.17185974121094 1.3062028 1.7937291 0.68983567 -6.5643215 1.1520627 15.428559 1.5002142190933228 0.18258081376552582
Pedestrian 0.0 0 1.8828740119934082 64.59284973144531 180.36546325683594 113.2193374633789 263.5406799316406 0.72576916 1.6904589 0.63911337 -11.004964 1.8535602 15.186075 1.2557790279388428 0.14711055159568787
Pedestrian 0.0 0 1.2981998920440674 806.7879028320312 156.02023315429688 878.8123168945312 283.081787109375 0.9053656 1.8364375 0.816736 3.4385867 1.5934944 10.891726 1.6040031909942627 0.13943439722061157
Pedestrian 0.0 0 1.7086122035980225 327.0307312011719 170.83497619628906 359.1930847167969 235.62876892089844 1.0584533 1.7008065 0.67974186 -7.2587676 1.6481662 19.527498 1.352720022201538 0.13732700049877167
Pedestrian 0.0 0 1.1298191547393799 974.1607666015625 175.81576538085938 1042.9365234375 295.20257568359375 0.72495806 1.8433505 0.72058 6.304707 1.8926618 11.540025 1.6298433542251587 0.11413241177797318
Cyclist 0.0 0 2.0133414268493652 299.0555725097656 138.78184509277344 349.469482421875 216.45034790039062 1.1707826 1.8831873 0.7484211 -7.1981754 1.0574155 18.100134 1.634831190109253 0.15326835215091705
Cyclist 0.0 0 1.9024791717529297 276.92138671875 141.45928955078125 331.5327453613281 229.17185974121094 1.3062028 1.7937291 0.68983567 -6.5643215 1.1520627 15.428559 1.5002142190933228 0.1438477635383606
Cyclist 0.0 0 1.7086122035980225 327.0307312011719 170.83497619628906 359.1930847167969 235.62876892089844 1.0584533 1.7008065 0.67974186 -7.2587676 1.6481662 19.527498 1.352720022201538 0.12174363434314728
Car 0.0 0 1.8020446300506592 273.2142333984375 191.95472717285156 421.1942138671875 288.98388671875 4.3706794 1.4337354 1.6625861 -4.850563 1.859626 13.810581 1.4642826318740845 0.8881780505180359
Car 0.0 0 -1.6733769178390503 408.4720458984375 175.8442840576172 444.33673095703125 204.54580688476562 3.869935 1.6101912 1.6774257 -11.018859 1.7975798 43.020874 -1.9241149425506592 0.6410420536994934
Car 0.0 0 -2.232408046722412 518.4652709960938 155.55259704589844 598.3900146484375 198.161865234375 4.9673705 2.3066413 1.9406931 -3.0704598 1.3703922 41.550316 -2.306171417236328 0.2117457091808319
Car 0.0 0 2.633826732635498 684.5101318359375 162.004638671875 812.3543090820312 217.7540283203125 3.6808412 1.6777118 1.6441158 4.3635306 1.3515713 23.071596 2.820748805999756 0.171357199549675
Car 0.0 0 -2.338289976119995 565.8875732421875 171.55203247070312 628.7215576171875 199.78466796875 3.750082 1.632403 1.6560802 -0.83300084 1.5574818 43.626873 -2.3573813438415527 0.14601075649261475
