Pedestrian 0.0 0 2.322551727294922 1172.396728515625 127.4283218383789 1242.0 241.34722900390625 0.88940066 1.7529095 0.60490626 9.547692 1.0542867 11.455021 3.0173850059509277 0.18429872393608093
Pedestrian 0.0 0 -0.22425758838653564 890.8587646484375 142.59844970703125 930.4938354492188 201.4746551513672 1.0203673 1.787419 0.6029873 9.2309675 0.8692506 22.285133 0.16844773292541504 0.1812652200460434
Pedestrian 0.0 0 -1.6818389892578125 829.1181030273438 154.73202514648438 845.9676513671875 194.6616973876953 0.82677007 1.8689134 0.6737298 10.75409 1.0210704 34.23932 -1.3775098323822021 0.1495472639799118
Pedestrian 0.0 0 0.13148878514766693 504.3280029296875 178.060791015625 514.99658203125 204.71444702148438 0.58022684 1.6217198 0.56593895 -6.1907916 1.9437993 44.29515 -0.007374003529548645 0.12131999433040619
Cyclist 0.0 0 1.0641374588012695 895.43505859375 137.49407958984375 932.5201416015625 196.0646514892578 1.1381038 1.7709934 0.5800917 9.383185 0.70217687 22.411816 1.4606355428695679 0.16442862153053284
Cyclist 0.0 0 -0.09094342589378357 835.4482421875 165.50222778320312 865.8515625 203.9926300048828 1.325615 1.8229092 0.70804375 11.513394 1.4750867 34.665 0.22972655296325684 0.11355765163898468
Car 0.0 0 2.090327501296997 96.4304428100586 167.33908081054688 288.3306579589844 253.25379943847656 4.5457273 1.6580487 1.6579144 -9.126572 1.5519755 16.200243 1.5772849321365356 0.225355863571167
Car 0.0 0 2.0402071475982666 184.19635009765625 175.20205688476562 358.4320068359375 254.75685119628906 4.088628 1.4311811 1.6153501 -6.93266 1.4876881 15.175779 1.6116927862167358 0.21429060399532318
Car 0.0 0 1.9124493598937988 306.9526062011719 171.10926818847656 416.5422668457031 228.68710327148438 4.200784 1.4559525 1.5942901 -6.8930554 1.4121921 20.354761 1.5859252214431763 0.1422082483768463
Car 0.0 0 0.36372673511505127 239.58071899414062 190.30711364746094 296.2246398925781 209.65721130371094 3.9744914 1.5586045 1.715975 -28.88304 3.0578601 60.952236 -0.07879389822483063 0.13505294919013977
Car 0.0 0 1.759059190750122 417.788330078125 169.64295959472656 474.1996154785156 208.3446807861328 3.9851933 1.5313313 1.6113157 -6.910466 1.4046363 30.565603 1.5367109775543213 0.1306721568107605
Car 0.0 0 1.6929290294647217 660.5023193359375 170.1812744140625 684.6444091796875 188.32369995117188 4.1928596 1.5795772 1.6714467 5.652141 1.3472323 65.04231 1.7796107530593872 0.12533606588840485
Car 0.0 0 3.580376148223877 121.22421264648438 168.6482696533203 211.51358032226562 195.9297637939453 4.0038757 1.4918842 1.6309305 -24.866106 1.2622523 40.4885 3.0296154022216797 0.1158357486128807
Car 0.0 0 2.325716495513916 0.0 140.2276153564453 167.37950134277344 333.2286682128906 4.0264 1.4998108 1.6220341 -6.8250904 1.2466292 7.637658 1.5964429378509521 0.11543290317058563
Car 0.0 0 2.829577922821045 760.6666870117188 174.6549530029297 812.8294067382812 194.6531219482422 3.782656 1.5887135 1.6381747 14.268455 1.737335 58.44421 3.0690319538116455 0.10089213401079178
