Pedestrian 0.0 0 0.5752719640731812 145.32688903808594 151.603271484375 244.91676330566406 294.10260009765625 0.9405717 1.7739316 0.5933002 -5.3164196 1.4158827 9.115406 0.0472712516784668 0.8129870295524597
Pedestrian 0.0 0 1.193432331085205 835.9059448242188 171.18112182617188 873.4517211914062 239.44122314453125 0.887224 1.6814419 0.60831815 6.2624655 1.4534886 17.867165 1.5305536985397339 0.33090662956237793
Pedestrian 0.0 0 3.6170907020568848 53.18510055541992 188.68533325195312 97.84783172607422 253.39788818359375 0.791279 1.8155234 0.7144124 -15.268038 2.0576408 20.355522 2.973545789718628 0.20003648102283478
Pedestrian 0.0 0 -0.15588590502738953 776.0313110351562 130.1962890625 841.748046875 238.0490264892578 1.0100288 1.8210465 0.63744175 3.4893277 0.97333884 12.310271 0.12031769752502441 0.19511418044567108
Pedestrian 0.0 0 0.5227651000022888 208.98304748535156 148.07415771484375 262.4528503417969 238.3714141845703 0.7401951 1.7390807 0.586873 -7.3048 1.116208 13.920266 0.03950619697570801 0.18756699562072754
Pedestrian 0.0 0 -2.4165773391723633 1137.0699462890625 153.4070281982422 1224.0 260.4422607421875 1.6002034 1.720498 0.5002594 10.069509 1.2866561 12.189386 -1.7261300086975098 0.11784093827009201
Cyclist 0.0 0 -2.3977012634277344 1139.6484375 153.63938903808594 1224.0 260.6003723144531 1.5412183 1.7212272 0.4869435 10.060341 1.2906374 12.169445 -1.706897497177124 0.1699836552143097
Cyclist 0.0 0 0.5877258777618408 277.7072448730469 204.31884765625 354.3726806640625 274.0442199707031 1.8083445 1.7547772 0.6592531 -7.645477 2.4011204 18.63309 0.19835710525512695 0.14012117683887482
Cyclist 0.0 0 -1.8119227886199951 858.2346801757812 180.34519958496094 931.5494995117188 306.87274169921875 1.716035 1.7487491 0.61807454 4.279806 1.7482786 10.660083 -1.4301414489746094 0.13158820569515228
Cyclist 0.0 0 -0.7255325317382812 961.85009765625 136.41134643554688 1082.2242431640625 249.2928009033203 1.7959311 1.7873831 0.55110216 6.8124533 1.0909318 11.635582 -0.1958545595407486 0.11954782903194427
Cyclist 0.0 0 1.1832921504974365 835.16259765625 169.74407958984375 873.4782104492188 238.13076782226562 0.9143767 1.6879977 0.6134951 6.271388 1.4241047 17.919405 1.5199469327926636 0.11088921874761581
Car 0.0 0 0.49824467301368713 282.0756530761719 198.0125274658203 447.1619873046875 260.76824951171875 3.9261787 1.5360084 1.601009 -6.461235 2.0373871 19.050838 0.17126154899597168 0.24430833756923676
Car 0.0 0 -0.042895376682281494 524.49658203125 141.01783752441406 693.1254272460938 205.93905639648438 4.1986237 1.6067125 1.6917629 0.032682225 0.6311791 18.425005 -0.041121579706668854 0.14231537282466888
