Pedestrian 0.0 0 -0.28353530168533325 803.9854736328125 156.8479461669922 820.6259155273438 197.81942749023438 0.56285685 1.8795469 0.72086066 9.339096 1.1456347 33.46106 -0.011358177289366722 0.19714845716953278
Pedestrian 0.0 0 -1.9948861598968506 1021.0745849609375 141.17364501953125 1130.6517333984375 316.4450988769531 0.8122237 1.7017772 0.672158 4.7239084 1.3945385 7.452215 -1.429917335510254 0.14985482394695282
Pedestrian 0.0 0 -2.12367844581604 940.7882080078125 123.92530059814453 1036.496337890625 270.3804931640625 0.8057991 1.7258627 0.732724 4.6083274 1.1496332 8.929734 -1.647261142730713 0.14724013209342957
Cyclist 0.0 0 1.8851678371429443 790.0509643554688 176.91165161132812 807.7234497070312 205.47064208984375 1.6699072 1.7286484 0.5740861 11.695774 1.9856324 44.772926 2.1406822204589844 0.3361292779445648
Cyclist 0.0 0 1.7178153991699219 360.1185302734375 178.4556884765625 390.1571350097656 242.83592224121094 1.5905478 1.5471841 0.50058854 -5.9913516 1.696104 18.30705 1.4015315771102905 0.13286247849464417
Car 0.0 0 -2.6859779357910156 824.3819580078125 182.35009765625 947.041259765625 231.93722534179688 3.7228117 1.5769125 1.6367413 9.669074 1.9393811 25.594168 -2.324768543243408 0.7457829117774963
Car 0.0 0 2.25604248046875 0.0 201.23390197753906 71.76834106445312 250.30960083007812 3.8894644 1.4196335 1.6157035 -20.999126 2.4835603 25.083614 1.559046983718872 0.7056407928466797
Car 0.0 0 1.6192179918289185 778.0537109375 179.1285858154297 805.3309326171875 202.96836853027344 3.5336225 1.4316357 1.5282199 11.642376 1.8508189 46.246807 1.865837812423706 0.1778305470943451
Car 0.0 0 3.5120558738708496 4.776432991027832 173.5780029296875 97.63240051269531 201.599365234375 4.045171 1.615654 1.6889895 -33.290543 1.6606047 43.05489 2.8538641929626465 0.15825043618679047
Car 0.0 0 1.7316279411315918 398.2377624511719 184.6143798828125 423.5684814453125 203.3470458984375 3.7270079 1.5243989 1.5598816 -17.394642 2.5845525 63.08231 1.4625691175460815 0.1273612529039383
