Pedestrian 0.0 0 -2.581912040710449 463.884033203125 170.44175720214844 482.7115783691406 209.36602783203125 0.5368754 1.8315291 0.8067703 -6.5572033 1.7183825 34.42155 -2.770153760910034 0.15619078278541565
Pedestrian 0.0 0 -0.9643452167510986 95.8723373413086 157.92420959472656 134.49327087402344 211.12554931640625 0.99319714 1.8337212 0.6749766 -17.427834 1.3194857 25.364998 -1.566348671913147 0.11610084027051926
Cyclist 0.0 0 2.1794276237487793 219.4126434326172 171.26124572753906 246.6950225830078 201.24786376953125 1.8453584 1.7999983 0.52358896 -23.138441 1.7047485 44.257187 1.6976929903030396 0.13048486411571503
Car 0.0 0 -1.5484334230422974 570.3599853515625 181.5170135498047 620.7179565429688 226.4241180419922 3.711642 1.4065218 1.6274592 -0.50902146 1.7314216 25.17057 -1.5686535835266113 0.941853940486908
Car 0.0 0 -1.4257466793060303 506.619384765625 181.9150390625 553.1115112304688 216.0553436279297 3.4235525 1.4315214 1.6310112 -3.64131 1.8670872 32.91405 -1.5359294414520264 0.9206380248069763
Car 0.0 0 2.1956348419189453 0.0 188.96954345703125 131.67677307128906 279.57952880859375 4.1637454 1.442474 1.6012789 -11.662198 1.8111491 14.363635 1.5136644840240479 0.8277322053909302
Car 0.0 0 1.877049207687378 354.1178894042969 178.8992156982422 403.81500244140625 208.8110809326172 3.9203095 1.5739975 1.5620536 -13.007003 1.9319909 40.721073 1.5678751468658447 0.7248377203941345
Car 0.0 0 0.9400986433029175 812.107666015625 181.29220581054688 869.9440307617188 206.3728485107422 4.1764126 1.605755 1.6642398 15.895097 2.216511 49.94719 1.2482024431228638 0.14942534267902374
Car 0.0 0 1.1452568769454956 666.5546264648438 174.64637756347656 706.5612182617188 195.6646728515625 3.8401818 1.5011109 1.5189155 5.653007 1.6405958 53.942257 1.2496731281280518 0.13380961120128632
Car 0.0 0 1.6040352582931519 623.8529663085938 179.87924194335938 648.2567138671875 204.0723419189453 3.9535255 1.592132 1.5848013 1.8338835 2.105749 50.68533 1.640201210975647 0.11779062449932098
