Car 0.0 0 3.6570096015930176 0.0 179.923583984375 314.5638732910156 295.8731994628906 3.74037 1.3916746 1.499905 -6.1653643 1.4945855 9.612661 3.0867183208465576 0.9513397812843323
Car 0.0 0 -0.49339115619659424 831.6085815429688 190.09120178222656 1051.40576171875 266.4432373046875 3.8157904 1.4261413 1.5636663 6.653399 1.8020619 14.802885 -0.07098110020160675 0.950894832611084
Car 0.0 0 -0.29320815205574036 713.1123657226562 182.72503662109375 825.6112670898438 228.770751953125 3.7734473 1.6265936 1.6511599 5.8404226 2.007959 26.8752 -0.07921896129846573 0.8961735963821411
Car 0.0 0 3.5606167316436768 107.61398315429688 187.8054962158203 390.9936218261719 281.12164306640625 3.9275706 1.4068307 1.5407856 -5.881118 1.6731142 11.987796 3.1045236587524414 0.8910149335861206
Car 0.0 0 -0.4429280459880829 801.5194702148438 184.64219665527344 983.758056640625 254.00250244140625 3.7058272 1.5284636 1.6051489 6.5898895 1.8245809 17.158846 -0.07624506205320358 0.8784448504447937
Car 0.0 0 -3.7628424167633057 949.8943481445312 193.47189331054688 1242.0 369.5964660644531 4.160583 1.5046101 1.6328076 5.85887 1.7403897 7.3073473 -3.0870182514190674 0.8543961048126221
Car 0.0 0 3.3591325283050537 319.17364501953125 172.62451171875 473.1124267578125 225.44192504882812 4.164777 1.5111679 1.623922 -6.3459997 1.5049598 21.593466 3.0732951164245605 0.838025689125061
Car 0.0 0 0.3496052026748657 259.8687438964844 183.8430633544922 458.0218200683594 251.80128479003906 4.017145 1.4657563 1.6093413 -5.7457933 1.7328596 16.671543 0.017707347869873047 0.8265047073364258
Car 0.0 0 -2.7833380699157715 303.9717102050781 181.26768493652344 471.2144775390625 239.9602508544922 3.8978424 1.4462385 1.5454661 -5.805556 1.6776284 18.920776 -3.0810534954071045 0.6906059980392456
Car 0.0 0 -1.5797147750854492 644.6740112304688 183.30076599121094 673.2317504882812 210.5430450439453 3.6960602 1.4319699 1.5566959 2.7440526 2.0571575 41.26335 -1.5133116245269775 0.6620466709136963
Car 0.0 0 0.09626564383506775 437.0994873046875 180.41754150390625 524.3724975585938 213.0961151123047 4.0127673 1.5141996 1.604359 -6.221882 1.8898298 34.836197 -0.08047470450401306 0.6310162544250488
