Car 0.0 0 -1.3721752166748047 410.35675048828125 182.23927307128906 501.3803405761719 242.7182159423828 3.6012745 1.4122189 1.615902 -3.859213 1.343849 18.587458 -1.5768911838531494 0.9424504041671753
Car 0.0 0 -1.2139346599578857 280.0326843261719 174.28067016601562 385.6957702636719 232.81893920898438 3.9003813 1.58644 1.6764959 -8.096506 1.2912223 21.431677 -1.57514226436615 0.922851026058197
Car 0.0 0 -1.5734411478042603 573.105712890625 177.3866424560547 614.8736572265625 216.08302307128906 3.9643474 1.5605608 1.6853036 -0.6382492 1.2459601 30.987722 -1.594035029411316 0.8749411702156067
Car 0.0 0 1.6596955060958862 498.5103759765625 172.6868438720703 543.9285888671875 215.5557861328125 4.048547 1.715474 1.579309 -3.6804626 1.2152418 30.80952 1.5408003330230713 0.8325022459030151
Car 0.0 0 -1.020817518234253 0.0 194.15118408203125 373.5518493652344 376.0 4.090232 1.5220524 1.6449331 -3.105593 1.6095065 4.88243 -1.5873414278030396 0.8117501139640808
Car 0.0 0 2.1692447662353516 0.0 181.9102020263672 143.86151123046875 252.9118194580078 3.6463075 1.3904936 1.5183073 -12.192394 1.3268899 15.936164 1.5161638259887695 0.6523183584213257
Car 0.0 0 -0.9998862743377686 102.13594818115234 183.2195281982422 285.3458251953125 260.2008361816406 3.7750146 1.4402636 1.5904679 -8.671068 1.4040476 15.375523 -1.513378620147705 0.6253571510314941
Car 0.0 0 -1.3618521690368652 374.45745849609375 183.13803100585938 432.22027587890625 220.9924774169922 3.5677745 1.387306 1.4685864 -7.976059 1.3122948 28.1702 -1.6377685070037842 0.5311398506164551
Car 0.0 0 -1.0986801385879517 178.2508544921875 182.8204345703125 285.0956726074219 230.9075164794922 3.8288746 1.4617678 1.5530726 -12.335189 1.3900872 23.767775 -1.5774024724960327 0.46587899327278137
Car 0.0 0 -1.4110475778579712 464.12396240234375 177.7068328857422 495.1329650878906 201.49168395996094 3.027541 1.4615976 1.4798906 -8.136715 1.0013036 45.69626 -1.5872615575790405 0.3877979516983032
