Pedestrian 0.0 0 -1.1272547245025635 205.3840789794922 157.34310913085938 261.2491455078125 254.75628662109375 0.77319187 1.8025123 0.6789921 -7.2147465 1.51586 13.748205 -1.6105271577835083 0.32976025342941284
Pedestrian 0.0 0 1.951973795890808 570.9655151367188 173.11207580566406 585.710205078125 204.56617736816406 0.7629997 1.7098975 0.56784105 -1.7743393 1.7246119 39.682537 1.9072902202606201 0.32630273699760437
Pedestrian 0.0 0 1.81830894947052 236.09365844726562 152.13613891601562 281.0097351074219 242.69808959960938 0.7673736 1.7738512 0.6492215 -7.136546 1.3684049 14.572548 1.362914800643921 0.23104240000247955
Pedestrian 0.0 0 2.2064855098724365 368.12109375 151.3983917236328 415.4735107421875 250.87538146972656 0.67817694 1.7794248 0.540366 -4.0712132 1.3959887 13.313605 1.909722089767456 0.16985169053077698
Pedestrian 0.0 0 3.39093017578125 0.0 161.6551055908203 79.26335144042969 329.8268127441406 0.8429284 1.8659536 0.59660935 -6.859155 1.7420537 8.450581 2.709108591079712 0.16673767566680908
Cyclist 0.0 0 -2.4199347496032715 0.0 181.95309448242188 219.31063842773438 375.0 1.7914798 1.5910609 0.64738524 -3.7920656 1.658612 4.9424057 -3.074385404586792 0.20624083280563354
Car 0.0 0 -1.9989715814590454 765.8319091796875 180.89564514160156 1163.1893310546875 375.0 3.574433 1.4030337 1.5147431 2.4901178 1.4923644 6.161479 -1.614898920059204 0.9423876404762268
Car 0.0 0 1.3298795223236084 704.413818359375 170.71998596191406 874.0633544921875 286.8036193847656 3.8252366 1.4646415 1.569593 2.4646277 1.4380742 11.029716 1.5497214794158936 0.9270342588424683
Car 0.0 0 2.295480728149414 586.3585205078125 169.32919311523438 723.5597534179688 223.12074279785156 4.2190404 1.4117409 1.5793684 1.3484925 1.3195916 20.980564 2.359665870666504 0.8935331702232361
Car 0.0 0 -2.4082417488098145 0.0 0.0 1242.0 375.0 3.7642362 1.5234793 1.5745596 2.1087139 1.4414347 0.9729274 -1.2697261571884155 0.37737730145454407
