Pedestrian 0.0 0 0.6645862460136414 844.8630981445312 148.12078857421875 890.9744262695312 202.09530639648438 1.3746792 1.7245799 0.5609235 8.522035 0.5404645 23.696123 1.0098216533660889 0.14455297589302063
Cyclist 0.0 0 0.6645862460136414 844.8630981445312 148.12078857421875 890.9744262695312 202.09530639648438 1.3746792 1.7245799 0.5609235 8.522035 0.5404645 23.696123 1.0098216533660889 0.2768822908401489
Car 0.0 0 -1.1486544609069824 60.4989013671875 195.64093017578125 255.919921875 289.3980712890625 3.964696 1.4618702 1.6548632 -8.359448 1.6922628 13.734801 -1.6953972578048706 0.9519907236099243
Car 0.0 0 -1.5147303342819214 699.4207763671875 176.345947265625 756.8999633789062 228.72911071777344 3.55801 1.6138785 1.7008944 4.0524096 1.3417407 24.066519 -1.3479114770889282 0.9341901540756226
Car 0.0 0 -1.0254874229431152 0.0 215.6767120361328 87.23780822753906 308.671630859375 3.8947861 1.4085228 1.587828 -12.335627 2.1019282 14.281018 -1.7379260063171387 0.8122875690460205
Car 0.0 0 -1.2902566194534302 245.49786376953125 190.9456329345703 304.48541259765625 225.2139434814453 3.8083515 1.5144217 1.5706762 -15.892819 1.8060113 34.434933 -1.7226589918136597 0.6991682648658752
Car 0.0 0 1.8998445272445679 210.5889892578125 192.7213897705078 264.7178039550781 221.4345703125 3.670488 1.4980367 1.6082392 -20.779758 1.9416628 40.443512 1.425220251083374 0.6554574966430664
Car 0.0 0 1.6546852588653564 782.0350341796875 174.98486328125 809.8245849609375 196.89248657226562 3.9796593 1.5111328 1.6083243 13.55268 0.80656725 51.725216 1.9109379053115845 0.5241889953613281
Car 0.0 0 2.228048324584961 61.390220642089844 195.71238708496094 144.52450561523438 229.28656005859375 3.3819168 1.484363 1.5247478 -24.223133 2.015671 34.580475 1.6169965267181396 0.4416878819465637
Car 0.0 0 -1.4545143842697144 404.310546875 182.232666015625 429.77166748046875 202.00827026367188 3.443163 1.4592803 1.4905242 -14.538362 1.2402884 54.852135 -1.7136034965515137 0.387500524520874
Car 0.0 0 2.0485646724700928 150.708251953125 195.35140991210938 212.68325805664062 221.25233459472656 3.9080603 1.4595937 1.6571934 -26.059576 2.1102743 44.066784 1.5145182609558105 0.27638164162635803
