Pedestrian 0.0 0 -1.814955711364746 949.8390502929688 136.55087280273438 1021.7091064453125 279.8948669433594 1.0125237 1.7945182 0.61508775 4.9154444 1.3403984 9.5930805 -1.3414415121078491 0.7107595801353455
Pedestrian 0.0 0 1.1416820287704468 987.0961303710938 161.5059051513672 1063.0447998046875 291.36553955078125 0.96541655 1.7871726 0.60101026 5.923867 1.6313541 10.434358 1.6580333709716797 0.15962892770767212
Cyclist 0.0 0 1.6411595344543457 722.8035888671875 170.22015380859375 734.3174438476562 200.92108154296875 1.9013788 1.7447866 0.5310555 6.872754 1.5954583 41.989784 1.80339777469635 0.6558398008346558
Cyclist 0.0 0 -2.2293684482574463 757.1616821289062 141.5176239013672 815.949951171875 223.45364379882812 1.3372389 1.797575 0.61892813 3.9842832 1.1104515 16.56362 -1.9933090209960938 0.16643571853637695
Cyclist 0.0 0 -1.800453782081604 949.066650390625 138.46994018554688 1019.0994262695312 276.0842590332031 0.83611536 1.7537783 0.65636563 4.941167 1.3159404 9.677259 -1.3283655643463135 0.10483718663454056
Car 0.0 0 1.873734712600708 390.642578125 187.72984313964844 509.1195373535156 257.536865234375 4.2524858 1.437226 1.6703566 -3.8720036 1.8535637 17.98067 1.6616311073303223 0.9169875979423523
Car 0.0 0 -1.6366779804229736 728.6033935546875 177.7182159423828 801.6040649414062 236.78477478027344 3.585485 1.4220138 1.6772724 4.0640926 1.5670807 19.571226 -1.4319313764572144 0.9125593900680542
Car 0.0 0 -1.3641562461853027 733.1671142578125 176.9225311279297 792.3973999023438 216.88983154296875 3.718331 1.4993603 1.6423342 6.2639256 1.6776019 29.511744 -1.1550081968307495 0.3480810225009918
Car 0.0 0 -1.6587527990341187 874.839599609375 143.90379333496094 929.6074829101562 192.01866149902344 3.83231 1.7551732 1.6516583 11.378376 0.69946223 28.391157 -1.2775812149047852 0.27891668677330017
Car 0.0 0 1.6521650552749634 660.9226684570312 172.56951904296875 684.4031982421875 193.3937530517578 3.6424468 1.6200974 1.5935103 5.0452676 1.5983233 58.06076 1.7388436794281006 0.2511242926120758
Car 0.0 0 1.739612102508545 684.037841796875 176.55369567871094 708.0265502929688 194.2764434814453 3.8081057 1.5334471 1.5403274 7.79617 1.8792593 65.32566 1.8583934307098389 0.2428249716758728
