Pedestrian 0.0 0 3.074683904647827 0.0 198.48443603515625 40.62520980834961 300.5953369140625 0.84367746 1.6553946 0.5795079 -10.447388 2.1158092 12.447409 2.3764214515686035 0.24977311491966248
Pedestrian 0.0 0 -2.483673572540283 659.5203247070312 169.5903778076172 675.9606323242188 204.2714080810547 0.42101952 1.7708977 0.8414882 2.9494941 1.6046071 37.29378 -2.404749870300293 0.1886238157749176
Pedestrian 0.0 0 1.586934208869934 537.370361328125 170.3414764404297 550.9013671875 210.9858856201172 1.0075206 1.7804432 0.5856256 -2.968389 1.6707389 32.12901 1.4948060512542725 0.16183380782604218
Cyclist 0.0 0 -2.0299110412597656 801.0506591796875 171.67941284179688 826.1859130859375 211.55453491210938 1.5843273 1.681975 0.3823184 8.76479 1.6327872 31.246313 -1.7564328908920288 0.17618152499198914
Cyclist 0.0 0 3.074683904647827 0.0 198.48443603515625 40.62520980834961 300.5953369140625 0.84367746 1.6553946 0.5795079 -10.447388 2.1158092 12.447409 2.3764214515686035 0.12059734016656876
Car 0.0 0 1.8959101438522339 314.2116394042969 179.7212677001953 384.22454833984375 217.19642639160156 3.9440212 1.4914104 1.6947669 -11.304776 1.8098592 31.430065 1.5506376028060913 0.9207955598831177
Car 0.0 0 -1.5965486764907837 549.5087280273438 171.29127502441406 716.4607543945312 311.9235534667969 4.097171 1.4225268 1.6909676 0.1606019 1.4070774 9.351532 -1.579376459121704 0.8914949297904968
Car 0.0 0 1.7042559385299683 407.0682373046875 179.12596130371094 441.7267150878906 205.1421356201172 3.9719887 1.54063 1.6172434 -11.76147 1.9570074 45.78955 1.4528319835662842 0.6516077518463135
Car 0.0 0 1.591394305229187 584.3587036132812 170.42115783691406 638.5850830078125 220.20489501953125 3.6312306 1.4112263 1.5387276 0.033932257 1.3426205 22.282969 1.5929170846939087 0.4808053970336914
Car 0.0 0 -1.9969066381454468 154.5002899169922 195.14950561523438 204.56588745117188 221.08433532714844 3.6998339 1.6650792 1.6586094 -30.49419 3.2963178 51.041126 -2.5354442596435547 0.17816652357578278
Car 0.0 0 2.0210320949554443 309.0008850097656 182.87269592285156 370.74517822265625 211.04832458496094 3.9244876 1.4107902 1.6273994 -14.78093 1.9891908 39.598076 1.6637754440307617 0.15738427639007568
