Pedestrian 0.0 0 -1.477046251296997 289.0309753417969 166.4068603515625 338.93780517578125 271.5080871582031 0.7566319 1.8103241 0.76028675 -5.328503 1.6996328 12.898692 -1.868798017501831 0.2932659089565277
Pedestrian 0.0 0 2.3392813205718994 266.3150329589844 172.0873565673828 301.5997314453125 236.81619262695312 0.7146729 1.819442 0.5938613 -9.4031725 1.7982507 20.715004 1.913163661956787 0.26118794083595276
Pedestrian 0.0 0 1.7207399606704712 0.0 140.87127685546875 56.51980209350586 258.1946105957031 0.7740359 1.7632232 0.64905846 -9.2181015 1.2829206 11.339264 1.0381605625152588 0.23870466649532318
Car 0.0 0 1.8799762725830078 241.689208984375 169.90538024902344 473.50811767578125 319.3748474121094 4.178601 1.5683794 1.6491486 -3.097803 1.5377975 9.658607 1.5696114301681519 0.9189246892929077
Car 0.0 0 -1.3843765258789062 443.2439880371094 182.77334594726562 535.2066040039062 248.96971130371094 3.7697496 1.3934346 1.5373045 -2.8864965 1.6627601 17.659035 -1.5464009046554565 0.9122135043144226
Car 0.0 0 1.47379469871521 637.9284057617188 175.63204956054688 679.1051025390625 208.2142791748047 3.7329998 1.4524904 1.5918536 2.220359 1.5924977 34.376755 1.5382940769195557 0.8247784376144409
Car 0.0 0 1.681056261062622 555.711181640625 169.37384033203125 583.9429931640625 195.76406860351562 3.8669224 1.8648106 1.6552655 -2.939368 1.61925 52.959114 1.625610589981079 0.6370591521263123
Car 0.0 0 -2.3433446884155273 919.5505981445312 227.82376098632812 1242.0 375.0 3.7642472 1.4603155 1.5488867 2.389774 1.7753805 2.2080545 -1.518444299697876 0.4397982358932495
Car 0.0 0 3.447977066040039 306.9244079589844 170.0008544921875 451.7793884277344 224.88951110839844 3.6023521 1.4924637 1.5441097 -6.4888544 1.4152424 20.391512 3.139895439147949 0.43393197655677795
Car 0.0 0 1.1303541660308838 991.6461181640625 155.34091186523438 1109.940673828125 208.96315002441406 3.6592436 1.448376 1.5612131 12.863844 0.97569275 21.385574 1.671890377998352 0.2766481935977936
Car 0.0 0 -1.6547489166259766 632.0968627929688 163.84344482421875 659.7168579101562 188.18357849121094 4.0859375 1.7105525 1.6737591 2.5603874 1.0776742 52.77614 -1.60627281665802 0.2697456479072571
Car 0.0 0 1.4682589769363403 520.651611328125 175.74488830566406 549.98291015625 199.24171447753906 3.9678993 1.5431066 1.6175263 -5.241881 1.7522857 50.009243 1.363822102546692 0.2692320644855499
