Cyclist 0.0 0 2.071877956390381 206.2337188720703 193.62542724609375 255.92623901367188 256.8180847167969 1.6214391 1.673874 0.5366049 -10.766035 2.2867894 20.460579 1.5875030755996704 0.43184900283813477
Car 0.0 0 -1.8047254085540771 767.2149047851562 180.1420135498047 964.482421875 318.0263671875 3.464326 1.3994982 1.5479139 2.9990642 1.5118418 9.29693 -1.492677927017212 0.9477992057800293
Car 0.0 0 2.010166883468628 190.89942932128906 199.03871154785156 372.4886779785156 298.18328857421875 3.8468373 1.4731581 1.6243414 -6.0406137 2.0407765 13.686366 1.594521164894104 0.9350174069404602
Car 0.0 0 1.7695348262786865 463.1093444824219 184.03282165527344 506.93585205078125 216.37710571289062 3.4780335 1.498568 1.5230523 -6.2912703 2.0902183 36.40288 1.5984017848968506 0.8806938529014587
Car 0.0 0 -1.6505059003829956 644.859619140625 173.7436981201172 679.8795776367188 202.86866760253906 3.845253 1.5355272 1.6297833 2.8278418 1.587698 40.086216 -1.5800786018371582 0.8370398283004761
Car 0.0 0 -2.204366683959961 940.939208984375 192.99549865722656 1242.0 375.0 3.4464657 1.4358317 1.4993107 2.8864758 1.5785064 3.3162956 -1.4881526231765747 0.7935811281204224
Car 0.0 0 -1.0651447772979736 231.76329040527344 194.22152709960938 294.6763000488281 221.68603515625 4.0532436 1.4446216 1.6401062 -20.732145 2.7870104 43.24375 -1.512197494506836 0.5776693224906921
Car 0.0 0 -1.0818071365356445 275.8241271972656 193.05699157714844 336.79193115234375 220.2263946533203 4.0359387 1.4308316 1.6618235 -18.128393 2.698774 43.18282 -1.4792699813842773 0.48593294620513916
Car 0.0 0 2.067054033279419 191.778076171875 196.31654357910156 250.99371337890625 223.78997802734375 3.6345649 1.4764225 1.6232737 -23.49679 2.957061 43.700325 1.5737186670303345 0.4577147662639618
Car 0.0 0 1.7108491659164429 485.2400207519531 186.4327392578125 520.5861206054688 213.9968719482422 3.6744087 1.459124 1.5314982 -6.2007594 2.281795 41.85022 1.5637538433074951 0.44458040595054626
