Pedestrian 0.0 0 -0.018191426992416382 527.8695678710938 165.53729248046875 549.7042236328125 206.7192840576172 0.92247564 1.7504557 0.6185955 -3.0056982 0.91514957 30.9117 -0.11512168496847153 0.2694557011127472
Pedestrian 0.0 0 -0.659984827041626 613.1000366210938 157.5264434814453 634.9737548828125 190.65635681152344 1.0896248 1.8454815 0.6115311 0.89291114 0.3042003 40.609753 -0.6380007863044739 0.22419489920139313
Pedestrian 0.0 0 1.710059404373169 186.45103454589844 135.31141662597656 217.9857177734375 203.6192169189453 0.7454915 1.970398 0.7154254 -12.000568 0.5319971 21.210226 1.1951730251312256 0.16886425018310547
Pedestrian 0.0 0 -0.7120742797851562 855.6239013671875 141.5773162841797 888.9073486328125 204.0714569091797 0.5540149 1.7366754 0.71424425 7.460117 0.5251216 20.404821 -0.36156517267227173 0.15856027603149414
Cyclist 0.0 0 1.6525473594665527 768.7293090820312 177.11500549316406 782.834716796875 217.47145080566406 1.4532617 1.6038655 0.44552633 6.824566 1.2830558 29.325306 1.8811969757080078 0.16851459443569183
Cyclist 0.0 0 -1.1757254600524902 614.7485961914062 155.4207763671875 632.7136840820312 187.7449188232422 1.2481462 1.8014623 0.5840057 0.8832645 0.14208792 40.74777 -1.154052495956421 0.16644568741321564
Cyclist 0.0 0 -0.22998233139514923 527.8788452148438 168.17921447753906 554.48046875 209.32057189941406 1.0274132 1.7445276 0.60910916 -2.902946 1.0232564 30.930138 -0.3235631287097931 0.13922953605651855
Car 0.0 0 -1.5912842750549316 575.6768798828125 182.4190673828125 674.2330932617188 268.59381103515625 3.4691887 1.3807352 1.5797266 0.21793985 1.337057 13.251868 -1.5748398303985596 0.9610598683357239
Car 0.0 0 -1.585618257522583 579.7487182617188 176.37680053710938 646.044921875 236.4298858642578 3.721556 1.5090784 1.6671318 0.062149536 1.2880963 19.930805 -1.5824999809265137 0.6935782432556152
Car 0.0 0 -1.697574257850647 571.1256713867188 172.7965545654297 623.8901977539062 215.15203857421875 3.6669416 1.5524402 1.609902 -0.5032514 1.0983776 28.274508 -1.7153711318969727 0.6119707226753235
Car 0.0 0 -1.4611488580703735 655.7510986328125 164.09588623046875 684.89599609375 187.7886199951172 3.8908935 1.5988148 1.628437 4.4171863 0.17475553 50.572598 -1.3740265369415283 0.4508064389228821
Car 0.0 0 1.785064458847046 378.1415710449219 156.77850341796875 423.266357421875 187.93960571289062 4.1091805 1.7189296 1.6838204 -11.98904 0.15139005 41.755394 1.505460500717163 0.18414202332496643
Car 0.0 0 -1.6026886701583862 595.6714477539062 174.18768310546875 630.6758422851562 205.10894775390625 3.442603 1.447045 1.6042324 0.19306359 0.93209016 35.37894 -1.5972317457199097 0.166579008102417
Car 0.0 0 1.519214391708374 551.1235961914062 178.69908142089844 575.8599853515625 199.58523559570312 3.645751 1.4872768 1.6318054 -3.317138 1.0243678 53.088898 1.456812858581543 0.16401317715644836
