Pedestrian 0.0 0 1.5434763431549072 566.9925537109375 150.35455322265625 633.5494384765625 313.42230224609375 0.8888001 1.7213786 0.7044622 -0.11887076 1.4048471 7.917692 1.5284641981124878 0.8054778575897217
Pedestrian 0.0 0 1.17461359500885 836.4717407226562 174.2174072265625 877.1812133789062 244.61611938476562 0.9118574 1.7298803 0.66523826 6.3070045 1.5770983 17.843035 1.5143777132034302 0.25654932856559753
Pedestrian 0.0 0 -0.10517913103103638 769.6534423828125 135.28074645996094 835.2012939453125 243.0028076171875 1.0410959 1.8215026 0.5998041 3.3824542 1.0585262 12.330901 0.16254281997680664 0.18730275332927704
Pedestrian 0.0 0 3.6757256984710693 53.3226432800293 189.89198303222656 102.50259399414062 255.22618103027344 0.8930926 1.8464711 0.7395021 -15.314513 2.1260924 20.512354 3.0344045162200928 0.1455892026424408
Pedestrian 0.0 0 0.539076566696167 209.1409454345703 153.7931365966797 266.4690856933594 243.6309356689453 0.822117 1.7385601 0.5897207 -7.302628 1.2233558 13.996251 0.05817604064941406 0.14150352776050568
Pedestrian 0.0 0 -0.1892528533935547 605.444580078125 152.3273468017578 656.9134521484375 223.46080017089844 1.1968404 1.7488316 0.61915535 0.61322 1.057798 17.776102 -0.1547696590423584 0.12487153708934784
Cyclist 0.0 0 -1.911001205444336 845.7199096679688 135.8129425048828 917.6373901367188 247.6629180908203 1.7781358 1.7711128 0.57333624 4.641539 1.0651615 12.08728 -1.54436194896698 0.18610621988773346
Cyclist 0.0 0 -2.462871551513672 1138.3145751953125 150.47032165527344 1224.0 257.6392822265625 1.5906931 1.7150376 0.4851403 10.062559 1.2361236 12.137686 -1.770675778388977 0.13975390791893005
Car 0.0 0 -0.7742132544517517 0.0 185.08607482910156 123.97003936767578 236.82183837890625 4.2122555 1.5624523 1.6274817 -18.743515 1.7334654 23.931938 -1.4386265277862549 0.23587177693843842
Car 0.0 0 0.5209683775901794 283.4628601074219 198.69053649902344 452.8533630371094 261.6870422363281 4.076452 1.5326458 1.605357 -6.379422 2.0555637 19.071068 0.19816112518310547 0.16349950432777405
Car 0.0 0 -1.4493920803070068 997.4479370117188 201.75254821777344 1224.0 370.0 4.0484247 1.4417298 1.5983347 5.8705015 1.7465835 8.056781 -0.8197014331817627 0.15043076872825623
Car 0.0 0 1.5947455167770386 190.62673950195312 200.62619018554688 243.9239044189453 244.47950744628906 3.695753 1.4464043 1.6915152 -14.882748 2.2802942 27.208069 1.0942103862762451 0.14114885032176971
Car 0.0 0 2.1633543968200684 166.90589904785156 220.8620147705078 422.5578308105469 359.9693908691406 3.787958 1.4345285 1.5786015 -4.3350763 2.148898 10.467334 1.7707072496414185 0.13596054911613464
