Pedestrian 0.0 0 -1.722588300704956 773.685302734375 154.52450561523438 807.5743408203125 229.051513671875 0.8018619 1.8281803 0.7097136 4.540049 1.0764432 18.062685 -1.4763398170471191 0.306944340467453
Pedestrian 0.0 0 1.1505244970321655 980.7035522460938 60.453487396240234 1133.61572265625 323.1524353027344 0.9792553 1.8449541 0.6533353 3.3736892 0.96987104 5.571131 1.6950267553329468 0.22852914035320282
Pedestrian 0.0 0 3.219090700149536 505.8634033203125 160.15928649902344 530.2213134765625 212.25526428222656 0.78540206 1.769983 0.662557 -3.1263123 0.9198122 24.769411 3.0935380458831787 0.16538070142269135
Pedestrian 0.0 0 -1.291534662246704 0.0 155.02328491210938 28.808181762695312 227.3587188720703 0.5220875 1.8361712 0.6590066 -15.53613 1.0708947 18.615717 -1.9870026111602783 0.16009780764579773
Pedestrian 0.0 0 -3.0645241737365723 689.7565307617188 169.2643585205078 708.8656005859375 207.53421020507812 0.8486212 1.7816857 0.61612856 4.2812033 1.0401893 33.850407 -2.938717842102051 0.15746867656707764
Pedestrian 0.0 0 1.1660183668136597 922.356201171875 104.76420593261719 999.5301513671875 244.88694763183594 0.85614926 1.8940659 0.6943336 4.9162545 0.8077186 10.156728 1.6168160438537598 0.15662960708141327
Cyclist 0.0 0 0.6911587715148926 278.0611877441406 140.05511474609375 424.2182922363281 283.0892333984375 1.7773633 1.7541125 0.6815654 -3.4187522 1.2014124 9.4320965 0.3434276580810547 0.26445621252059937
Cyclist 0.0 0 -1.6989721059799194 651.841064453125 179.1913299560547 666.8746337890625 221.7509307861328 1.5036477 1.6783501 0.41509712 2.0448215 1.441909 29.107113 -1.628835678100586 0.22888293862342834
Car 0.0 0 -1.0091097354888916 10.762703895568848 183.39109802246094 257.17608642578125 285.8905334472656 3.8991363 1.452421 1.6077989 -7.716617 1.4276973 12.135752 -1.5754791498184204 0.9054949283599854
Car 0.0 0 -1.575623869895935 581.9820556640625 177.2521209716797 618.0360107421875 208.0123291015625 3.5914164 1.3973862 1.6385281 -0.4164439 1.0367453 34.461987 -1.5877074003219604 0.8467980027198792
Car 0.0 0 -1.0341569185256958 99.18348693847656 176.95582580566406 251.61891174316406 237.5355987548828 4.080299 1.4400086 1.6002715 -11.3338995 1.2447989 19.125235 -1.5691285133361816 0.6264603734016418
Car 0.0 0 1.4528324604034424 646.3197631835938 173.45240783691406 696.8917846679688 213.65333557128906 4.3744664 1.6000372 1.6383079 2.6261146 1.1329784 30.820456 1.5378340482711792 0.23167379200458527
Car 0.0 0 -1.7504037618637085 622.1473388671875 171.41102600097656 655.7825317382812 195.36825561523438 4.1237884 1.6177504 1.6519374 2.1356664 0.68669903 50.69379 -1.7082998752593994 0.19980737566947937
Car 0.0 0 1.7161757946014404 504.4320068359375 183.1660919189453 548.31201171875 216.44955444335938 3.657959 1.4569054 1.507641 -3.7509892 1.3683201 33.31548 1.604058027267456 0.16301541030406952
