Pedestrian 0.0 0 0.0711294412612915 938.5399780273438 130.93907165527344 1059.1881103515625 331.48956298828125 0.9471304 1.7275741 0.5318309 3.6360998 1.2934186 6.664805 0.5705630779266357 0.23432539403438568
Pedestrian 0.0 0 -0.30952146649360657 765.8423461914062 163.56228637695312 778.5153198242188 189.5650177001953 0.75306696 1.8955199 0.61240435 12.5405855 0.5885144 52.69569 -0.07588616758584976 0.17928951978683472
Pedestrian 0.0 0 1.0929486751556396 844.7820434570312 102.35513305664062 908.7556762695312 245.5667266845703 0.6407986 1.392348 0.34965336 2.744438 0.62424767 7.3201723 1.4516443014144897 0.14838388562202454
Car 0.0 0 -1.3016620874404907 524.0640258789062 172.59974670410156 580.4618530273438 205.4076690673828 4.022524 1.4370499 1.6195002 -2.2397482 1.0481569 33.59488 -1.3682329654693604 0.9491332769393921
Car 0.0 0 0.010185301303863525 118.34918212890625 182.57205200195312 287.9677429199219 238.19158935546875 4.0624547 1.4427996 1.6182473 -11.199765 1.4768147 20.3686 -0.4925461411476135 0.9170816540718079
Car 0.0 0 2.0543503761291504 328.4451599121094 179.4299774169922 391.96063232421875 208.31768798828125 3.8695843 1.449755 1.5740327 -12.715675 1.3467466 38.083733 1.7321012020111084 0.5488710999488831
Car 0.0 0 -1.3865002393722534 579.4669799804688 169.39688110351562 603.4690551757812 186.4852294921875 3.5398126 1.5060143 1.5571669 -0.8423829 0.43976745 65.181755 -1.3994231224060059 0.2876904308795929
Car 0.0 0 -1.5799462795257568 5.331107139587402 168.8492431640625 54.0458984375 207.67523193359375 3.6122468 1.6300259 1.6286672 -25.547968 1.0998881 32.07066 -2.252619743347168 0.17458896338939667
Car 0.0 0 -2.183290958404541 0.0 197.9336700439453 26.815385818481445 297.47601318359375 3.7704046 1.4619097 1.617142 -12.046647 1.764233 12.036806 -2.96909761428833 0.15521210432052612
Car 0.0 0 1.7986845970153809 447.2479248046875 183.0229949951172 488.05706787109375 209.4947509765625 3.7390614 1.5032852 1.594477 -7.937495 1.5990331 42.911137 1.615776777267456 0.1350684016942978
Car 0.0 0 -0.0812726616859436 0.0 168.51177978515625 120.59332275390625 208.16233825683594 3.9717607 1.5595278 1.6478262 -22.725025 1.0496874 30.185886 -0.7265864014625549 0.12380697578191757
