Car 0.0 0 -1.1925532817840576 86.9636001586914 195.62289428710938 288.8537902832031 296.41619873046875 4.044393 1.373509 1.5659326 -6.961738 1.5838437 12.337105 -1.7063034772872925 0.9810743927955627
Car 0.0 0 -1.543509602546692 441.9227600097656 175.44937133789062 496.4538269042969 227.56207275390625 3.27197 1.6135758 1.6688534 -4.619025 1.3123102 24.003895 -1.7336140871047974 0.9683479070663452
Car 0.0 0 -1.6480176448822021 543.5704345703125 175.96041870117188 616.1517333984375 239.0343475341797 3.750894 1.56905 1.6912113 -0.9032996 1.3399436 19.843588 -1.693507194519043 0.9505676031112671
Car 0.0 0 -1.2981152534484863 250.40972900390625 185.993896484375 354.1658630371094 240.02798461914062 4.565092 1.3870568 1.5866438 -8.747529 1.4133549 20.880505 -1.6948357820510864 0.925869882106781
Car 0.0 0 -1.4244661331176758 347.1520080566406 184.75485229492188 398.8786315917969 218.99942016601562 4.370568 1.4466815 1.6119432 -10.616306 1.4283447 32.654003 -1.7388020753860474 0.9072531461715698
Car 0.0 0 -1.5184619426727295 412.18603515625 175.573974609375 436.94073486328125 196.36338806152344 4.1585393 1.5645093 1.6653557 -14.325246 0.84005183 56.295776 -1.7676374912261963 0.6228907108306885
Car 0.0 0 -0.9982929825782776 0.0 168.00892639160156 90.50888061523438 270.5694274902344 3.8614829 1.6070997 1.6121413 -11.589014 1.3386045 13.28734 -1.7155262231826782 0.593907356262207
Car 0.0 0 -1.311707854270935 227.91876220703125 167.4254608154297 297.0156555175781 211.14724731445312 4.220995 1.755273 1.6641874 -14.860939 1.0421906 31.084063 -1.7576732635498047 0.5794517397880554
Car 0.0 0 -1.533501386642456 344.2347106933594 177.60055541992188 368.2007751464844 198.5786590576172 3.742504 1.5336012 1.5809501 -19.079363 0.97802866 54.569157 -1.8698521852493286 0.5066989660263062
Car 0.0 0 -0.9077677130699158 0.0 200.58163452148438 81.40135192871094 376.0 4.126984 1.5196526 1.6263717 -6.185752 1.6867772 5.5891304 -1.7437915802001953 0.5005030632019043
Car 0.0 0 -1.1548981666564941 140.2359161376953 180.0831298828125 257.14288330078125 233.81729125976562 3.938027 1.4795392 1.6237093 -12.300517 1.3393481 21.828043 -1.668061375617981 0.44429394602775574
