Pedestrian 0.0 0 0.9226056337356567 1025.0447998046875 161.15377807617188 1056.156982421875 218.19125366210938 0.5960879 1.658417 0.5374581 12.662209 1.3185803 21.30282 1.4588907957077026 0.3419209122657776
Pedestrian 0.0 0 -1.436099886894226 1223.82275390625 140.1018829345703 1242.0 187.67100524902344 0.57857037 1.8840259 0.64964783 25.115395 0.5872013 29.009491 -0.7225244641304016 0.2718003988265991
Cyclist 0.0 0 -1.5962413549423218 717.7262573242188 171.05548095703125 731.2877807617188 210.72059631347656 1.7314368 1.789309 0.5735105 5.2597604 1.7085354 33.44178 -1.4402382373809814 0.6527389883995056
Car 0.0 0 -1.7938324213027954 795.39306640625 181.46231079101562 959.935302734375 292.6142272949219 3.6220117 1.4117253 1.5960449 3.9403758 1.5699662 11.342362 -1.45947265625 0.9737614393234253
Car 0.0 0 1.4306604862213135 742.0289306640625 181.491943359375 826.6500854492188 251.28538513183594 3.4472783 1.4733161 1.4944128 4.0639615 1.7039932 17.453043 1.6594351530075073 0.9164552092552185
Car 0.0 0 1.7836977243423462 586.7324829101562 175.1666717529297 632.4125366210938 208.61016845703125 4.151828 1.726335 1.6777016 -0.0005037084 1.8611926 39.754044 1.7836850881576538 0.8931052684783936
Car 0.0 0 2.0243818759918213 237.2541961669922 188.89529418945312 370.01470947265625 255.51853942871094 3.919556 1.4460586 1.5832855 -7.7819014 1.9050572 18.624668 1.6286019086837769 0.5145279765129089
Car 0.0 0 1.6915475130081177 625.9319458007812 178.0631866455078 657.8187866210938 204.10704040527344 3.9595764 1.5889858 1.6087061 2.082786 1.943294 46.938812 1.7358907461166382 0.48280125856399536
Car 0.0 0 0.5169286727905273 0.0 0.0 1242.0 375.0 3.7620425 1.5283288 1.5807391 2.7468426 1.4794637 1.3831742 1.6212409734725952 0.3565560281276703
Car 0.0 0 1.1709585189819336 313.4682922363281 184.43392944335938 412.3370666503906 239.27317810058594 3.4980443 1.4789158 1.6163168 -7.6583424 1.8630997 22.073061 0.8369996547698975 0.26066669821739197
Car 0.0 0 -0.3779265284538269 989.0197143554688 165.37774658203125 1102.3079833984375 205.30885314941406 3.756366 1.6349143 1.7127064 18.399687 1.3291694 30.687832 0.16218113899230957 0.2520374655723572
