Pedestrian 0.0 0 2.9150044918060303 697.7597045898438 139.98472595214844 745.8003540039062 224.1118621826172 0.941747 1.8420554 0.63797235 2.443016 1.1227049 16.150133 3.0651354789733887 0.24462170898914337
Pedestrian 0.0 0 2.5305674076080322 39.098838806152344 190.14022827148438 106.85806274414062 283.7330627441406 0.9312729 1.8233949 0.613791 -11.045559 2.1910827 14.791543 1.889150619506836 0.24052459001541138
Pedestrian 0.0 0 1.381478190422058 242.7663116455078 143.3837432861328 280.0404357910156 223.78475952148438 0.61151403 1.754199 0.64786196 -7.869028 1.1115714 16.178705 0.9287843704223633 0.20028777420520782
Pedestrian 0.0 0 -3.379610061645508 1136.225830078125 138.21067810058594 1242.0 375.0 0.5681681 1.7883611 0.63596994 3.3326306 1.6126915 4.0731134 -2.6938681602478027 0.1950559765100479
Cyclist 0.0 0 -1.832901120185852 1060.1051025390625 96.40918731689453 1168.14013671875 270.2857360839844 1.7895962 1.7957082 0.56893575 5.7370477 1.0065831 8.387432 -1.2329907417297363 0.17820791900157928
Car 0.0 0 1.7775318622589111 397.36956787109375 188.1722412109375 499.1220703125 260.9650573730469 3.9893434 1.4784908 1.607997 -3.8310015 1.8928542 17.496513 1.5619757175445557 0.9386959075927734
Car 0.0 0 1.7350471019744873 455.1636657714844 176.73329162597656 526.5122680664062 235.65838623046875 4.1867976 1.7260923 1.6240666 -3.8244147 1.8641063 23.504997 1.573754072189331 0.8937981128692627
Car 0.0 0 1.6229348182678223 530.97705078125 177.75389099121094 563.6170654296875 205.91677856445312 4.1915817 1.5178922 1.6666607 -3.6145244 1.8161918 41.74776 1.5365700721740723 0.6356345415115356
Car 0.0 0 -0.2573678493499756 643.7865600585938 171.7811279296875 713.9887084960938 197.52542114257812 3.9384923 1.516705 1.6353792 4.109233 1.4538553 43.63339 -0.16346846520900726 0.486019104719162
Car 0.0 0 3.331132650375366 386.1495056152344 169.41006469726562 466.4979553222656 201.63954162597656 3.6539657 1.5727366 1.662007 -9.187366 1.4050373 36.144863 3.0822219848632812 0.31762582063674927
Car 0.0 0 0.542282223701477 1123.7562255859375 0.0 1242.0 375.0 3.8977265 1.6022822 1.6436493 4.016415 1.3407775 2.5660114 1.5445595979690552 0.21604220569133759
