Pedestrian 0.0 0 -1.2517924308776855 0.0 152.9902801513672 22.154062271118164 210.2080841064453 0.731188 1.9350922 0.6714752 -20.857672 1.2636642 24.863354 -1.949802279472351 0.5317167639732361
Pedestrian 0.0 0 -0.9027210474014282 68.97445678710938 199.32879638671875 105.4005355834961 250.47225952148438 0.7804317 1.7010543 0.67737365 -18.019176 2.6269104 24.817097 -1.5307362079620361 0.30194252729415894
Cyclist 0.0 0 0.9420533180236816 1074.572509765625 83.50054931640625 1242.0 365.13812255859375 1.799249 1.6845472 0.5640843 4.1396947 1.150459 5.223489 1.6122137308120728 0.4817873537540436
Car 0.0 0 2.0106329917907715 118.220703125 184.36880493164062 295.3883056640625 275.8467102050781 4.4239783 1.678358 1.6875104 -8.749653 1.9711161 16.061697 1.5118273496627808 0.9199673533439636
Car 0.0 0 1.8319334983825684 433.4666442871094 184.21275329589844 472.5691833496094 210.67416381835938 3.5704267 1.5794172 1.593118 -10.090303 2.3396878 46.448093 1.6180189847946167 0.8517940044403076
Car 0.0 0 1.8272392749786377 374.3807373046875 184.79989624023438 433.2086486816406 221.18130493164062 4.1628723 1.5385463 1.6609497 -9.667245 2.1363757 33.98664 1.5501158237457275 0.6343904733657837
Car 0.0 0 -1.6750739812850952 592.0599975585938 179.45413208007812 612.3433227539062 195.54861450195312 3.581594 1.4501772 1.5546035 -0.78122485 2.0934358 68.411804 -1.686492919921875 0.344827800989151
Car 0.0 0 -0.40534812211990356 794.982666015625 171.74258422851562 926.5543212890625 216.7939910888672 3.9000578 1.4711183 1.6169459 8.414276 1.435184 24.510172 -0.07465697824954987 0.27493175864219666
Car 0.0 0 1.057987928390503 877.7484130859375 177.48312377929688 943.55029296875 207.78213500976562 3.9808095 1.569719 1.621188 16.582851 1.84057 40.085392 1.4502384662628174 0.2450442612171173
Car 0.0 0 1.5143826007843018 1227.1827392578125 150.2687530517578 1242.0 286.205322265625 4.00599 1.484625 1.5809538 9.473977 1.2383192 9.914364 2.2770707607269287 0.23739223182201385
Car 0.0 0 1.4746862649917603 480.336669921875 178.2196502685547 516.3391723632812 208.43252563476562 4.1236854 1.6194415 1.656709 -6.526337 1.9459903 41.658104 1.3192851543426514 0.2079196274280548
