Pedestrian 0.0 0 0.5407565236091614 157.51278686523438 180.32496643066406 193.53944396972656 228.5941925048828 0.98079675 1.7662709 0.5934423 -16.16921 2.0471299 26.78985 -0.0022745486348867416 0.4534001350402832
Pedestrian 0.0 0 -0.29108819365501404 654.7702026367188 163.06582641601562 684.676513671875 210.99082946777344 0.91616315 1.641911 0.54993147 2.028181 1.306926 25.08172 -0.21040083467960358 0.3488692343235016
Pedestrian 0.0 0 -1.3426976203918457 426.1220703125 168.61326599121094 449.5566711425781 220.83303833007812 0.5896288 1.759538 0.66230017 -5.9118676 1.6170049 24.606722 -1.578482985496521 0.3188091516494751
Pedestrian 0.0 0 -2.1227097511291504 661.6302490234375 171.3872528076172 697.4024047851562 219.060546875 1.7275282 1.6714504 0.44875124 2.4608684 1.620384 26.16867 -2.028946876525879 0.11516629904508591
Cyclist 0.0 0 -2.421980381011963 663.1841430664062 163.399658203125 714.5521240234375 216.78208923339844 1.8091514 1.6775914 0.45395842 2.5043142 1.3808384 23.491076 -2.315774440765381 0.6974855065345764
Cyclist 0.0 0 -2.3434884548187256 657.909423828125 168.30140686035156 701.638916015625 216.7824249267578 1.7941126 1.704593 0.45506704 2.473926 1.5448815 26.207674 -2.2493703365325928 0.42414918541908264
Car 0.0 0 -1.4013689756393433 434.36822509765625 176.57244873046875 532.0587768554688 249.32603454589844 3.9954312 1.5344514 1.6579905 -2.9750068 1.6348809 17.41742 -1.570542812347412 0.9482790231704712
Car 0.0 0 1.9723057746887207 266.0982971191406 185.16717529296875 346.3128967285156 227.76414489746094 4.0477633 1.5986102 1.64776 -12.677576 2.1502883 30.276009 1.5757548809051514 0.907853901386261
Car 0.0 0 2.208345413208008 0.0 201.08126831054688 133.33184814453125 322.1254577636719 4.0112247 1.4185127 1.593376 -9.650302 1.9475923 11.460974 1.5085058212280273 0.804537832736969
Car 0.0 0 -1.6135174036026 584.5797729492188 176.1619110107422 612.1986083984375 201.24009704589844 4.0206523 1.539796 1.6165756 -0.82337946 1.7645901 46.89711 -1.631072759628296 0.6717410087585449
Car 0.0 0 1.601191520690918 425.2461242675781 182.76065063476562 454.0483093261719 209.27088928222656 4.1136975 1.5300634 1.6432486 -10.719852 2.1844099 45.450058 1.3695646524429321 0.4840500056743622
Car 0.0 0 1.7964160442352295 390.45123291015625 178.55722045898438 421.1145324707031 201.00259399414062 3.6332839 1.6967832 1.573267 -16.214716 2.1650302 57.338356 1.5208220481872559 0.48185744881629944
Car 0.0 0 1.9452638626098633 235.05978393554688 185.44155883789062 281.5771789550781 211.6884307861328 3.902354 1.7115039 1.6417395 -24.815275 2.63641 50.98424 1.4922930002212524 0.37220457196235657
