Pedestrian 0.0 0 1.610285997390747 423.2411193847656 178.30992126464844 451.9712829589844 248.6785888671875 0.89908534 1.824172 0.71454686 -4.647829 1.9742875 19.291685 1.3738675117492676 0.4252062439918518
Pedestrian 0.0 0 0.10637331008911133 627.1439208984375 164.24278259277344 649.3218383789062 203.94766235351562 1.0301604 1.8952773 0.3981819 1.3215227 1.4845867 34.710373 0.14442777633666992 0.38194194436073303
Pedestrian 0.0 0 -0.185285747051239 872.9916381835938 170.47723388671875 913.5469360351562 234.1388702392578 0.94411993 1.7089363 0.55916005 7.6883116 1.6454924 19.72844 0.18631601333618164 0.336460143327713
Car 0.0 0 -1.8257039785385132 712.107177734375 185.2963104248047 874.5671997070312 296.57183837890625 3.3825328 1.3613297 1.5177197 2.5336976 1.5795147 10.918143 -1.5976771116256714 0.9530695080757141
Car 0.0 0 -1.6527258157730103 654.2025756835938 179.63880920410156 719.6469116210938 233.7882843017578 3.6721785 1.4322232 1.6113242 2.1506383 1.6511974 21.39573 -1.552545189857483 0.9426538944244385
Car 0.0 0 1.8921258449554443 262.73046875 190.8907012939453 458.1905517578125 305.6161193847656 4.392416 1.4452991 1.7049168 -3.9004133 1.800267 11.981222 1.577402114868164 0.9417514801025391
Car 0.0 0 0.8795725107192993 914.55029296875 205.32920837402344 1242.0 375.0 3.577126 1.4585836 1.5778593 2.7818656 1.6831535 3.167845 1.6001877784729004 0.7558095455169678
Car 0.0 0 3.3155999183654785 382.1056213378906 176.91526794433594 489.6783142089844 221.1029052734375 3.901811 1.6787596 1.7228006 -6.8639774 1.8454608 28.570019 3.079817533493042 0.7548715472221375
Car 0.0 0 1.5372669696807861 538.269775390625 179.86524963378906 557.3505859375 198.8523406982422 3.737188 1.6372288 1.5996698 -5.697923 2.294074 65.60629 1.4506341218948364 0.6356341242790222
Car 0.0 0 2.362372398376465 0.0 207.36602783203125 202.93556213378906 375.0 3.8516161 1.5066646 1.5971409 -3.0267506 1.7130495 2.2908196 1.439451813697815 0.5206845998764038
