Pedestrian 0.0 0 -1.6920026540756226 773.6539916992188 170.5550079345703 793.6676635742188 207.62818908691406 1.01861 1.6570035 0.76506525 7.8466444 1.5546073 32.796116 -1.4571619033813477 0.6473514437675476
Pedestrian 0.0 0 2.116804599761963 935.879150390625 150.8080596923828 977.2647705078125 219.70521545410156 0.6937886 1.7373394 0.7090637 8.921515 1.1817778 18.678429 2.5624027252197266 0.3756328225135803
Pedestrian 0.0 0 2.4835262298583984 706.913330078125 173.00885009765625 725.70068359375 203.5424041748047 0.9624538 1.765562 0.5323723 6.182688 1.7750762 42.191956 2.629027843475342 0.31079792976379395
Pedestrian 0.0 0 -0.20633292198181152 753.81103515625 184.25047302246094 768.8425903320312 211.1329345703125 0.7692598 1.5918344 0.63136053 9.046481 2.2812366 43.30646 -0.0003997907042503357 0.23220643401145935
Pedestrian 0.0 0 1.1946691274642944 674.0990600585938 169.17343139648438 684.6610717773438 194.11773681640625 1.0100615 1.8710518 0.45657915 5.2273393 1.5953326 54.66772 1.2899994850158691 0.18077489733695984
Pedestrian 0.0 0 1.9139585494995117 828.156982421875 168.82986450195312 852.6263427734375 210.81996154785156 1.2038723 1.7474133 0.6242578 9.7648115 1.5803074 30.691912 2.221987724304199 0.18077431619167328
Cyclist 0.0 0 -1.8006519079208374 736.361572265625 165.14100646972656 762.1915283203125 214.76258850097656 1.8414906 1.7643671 0.52402246 5.071961 1.4904784 26.583347 -1.6121231317520142 0.8609521389007568
Cyclist 0.0 0 -1.9674233198165894 837.877685546875 146.3457489013672 914.149169921875 254.2035675048828 1.6763927 1.6406999 0.55839974 4.2642126 1.2378223 11.8242855 -1.6213085651397705 0.8600521683692932
Cyclist 0.0 0 2.240663528442383 820.9450073242188 166.07952880859375 856.822509765625 208.86181640625 1.566719 1.7756631 0.61306083 9.682985 1.4948496 30.637259 2.5467817783355713 0.14064908027648926
Cyclist 0.0 0 1.4861310720443726 777.9943237304688 169.65090942382812 794.9227294921875 211.23855590820312 0.93625927 1.8411068 0.6611012 7.8913903 1.6996628 32.45338 1.7246625423431396 0.10853080451488495
Car 0.0 0 -0.5205269455909729 1015.1226196289062 187.40521240234375 1072.1412353515625 205.27597045898438 4.0794654 1.5352864 1.6314324 38.55191 2.848413 64.23595 0.020010948181152344 0.307228147983551
