Pedestrian 0.0 0 -3.2856388092041016 727.1661987304688 140.56646728515625 835.7351684570312 312.8522033691406 1.0349401 1.7586881 0.7382347 1.822253 1.3527403 7.6269245 -3.0511116981506348 0.5775744915008545
Pedestrian 0.0 0 1.396026849746704 839.184814453125 174.3399200439453 870.5985717773438 241.95968627929688 0.8178663 1.6594247 0.61020577 6.2451663 1.5098511 17.79934 1.7334721088409424 0.24242597818374634
Pedestrian 0.0 0 0.5013155937194824 53.06008529663086 186.30462646484375 99.20565032958984 250.72064208984375 0.8593435 1.8137181 0.6476801 -15.249061 1.985545 20.352846 -0.14169564843177795 0.1725531667470932
Pedestrian 0.0 0 2.1842288970947266 659.494384765625 173.10093688964844 711.4381713867188 271.9432067871094 0.8287122 1.7830763 0.6022244 1.4704572 1.651241 13.259793 2.2946736812591553 0.1415075659751892
Pedestrian 0.0 0 -0.6406168937683105 830.038330078125 136.18309020996094 896.9986572265625 236.46728515625 0.945496 1.7174655 0.5964671 4.530558 0.960142 12.526208 -0.2935692369937897 0.10642525553703308
Cyclist 0.0 0 -1.5842455625534058 859.812744140625 135.10902404785156 889.6550903320312 244.53700256347656 1.6819313 1.7661666 0.4522862 4.6217294 1.0352104 12.27456 -1.224134922027588 0.23099593818187714
Cyclist 0.0 0 -1.0545332431793213 78.27486419677734 207.34719848632812 122.60626983642578 262.0997314453125 1.5123427 1.5993685 0.4460261 -15.84153 2.472874 22.1838 -1.6746619939804077 0.12601083517074585
Car 0.0 0 0.871532142162323 7.035416126251221 186.36685180664062 136.74658203125 230.8050537109375 3.9721751 1.5256374 1.6026372 -19.465857 1.7515749 25.817404 0.22548747062683105 0.20896005630493164
Car 0.0 0 -2.848503351211548 522.9285278320312 153.7307891845703 617.5009155273438 188.88392639160156 4.0411296 1.5535114 1.6580756 -1.5978839 0.3719756 32.53408 -2.897578001022339 0.1463233381509781
Car 0.0 0 -0.3534145951271057 655.216796875 148.79209899902344 737.196533203125 177.43328857421875 4.411478 1.5940571 1.634714 5.2535033 -0.18170966 40.91381 -0.2257092297077179 0.11623577773571014
Car 0.0 0 3.463864803314209 185.7954559326172 191.58033752441406 361.32476806640625 252.04664611816406 3.9092646 1.4866786 1.6335236 -8.717164 1.7988946 18.786995 3.0294296741485596 0.11321636289358139
Car 0.0 0 -0.011388229206204414 526.3291625976562 151.93882751464844 685.3927001953125 214.63246154785156 3.9710007 1.5627307 1.6775557 -0.023845518 0.8523969 18.483139 -0.012678351253271103 0.10590197145938873
