Pedestrian 0.0 0 3.1402370929718018 150.06552124023438 184.9130401611328 175.9907684326172 232.51611328125 0.80577403 1.7084757 0.72507423 -16.568842 2.1634488 26.677841 2.584467887878418 0.43259891867637634
Cyclist 0.0 0 2.1731770038604736 0.0 197.46087646484375 32.13157272338867 245.94764709472656 1.5295928 1.6753474 0.5616218 -22.120392 2.6069164 26.515223 1.4778964519500732 0.18002182245254517
Cyclist 0.0 0 2.408151149749756 145.3555450439453 179.45111083984375 180.62351989746094 228.34521484375 0.83097476 1.7598692 0.729774 -16.519564 2.008068 26.60352 1.8524664640426636 0.13359440863132477
Car 0.0 0 1.804055094718933 453.3874206542969 179.57704162597656 497.544189453125 207.99232482910156 3.786474 1.4521681 1.5568916 -7.384278 1.8405703 39.713947 1.6202178001403809 0.8034061789512634
Car 0.0 0 -1.5870753526687622 580.3424682617188 176.575439453125 597.4729614257812 192.49253845214844 3.2642403 1.4466054 1.5576022 -2.0256622 1.806388 68.01869 -1.6168475151062012 0.44653525948524475
Car 0.0 0 1.2174988985061646 663.5607299804688 183.1315155029297 700.9178466796875 205.06871032714844 3.7782304 1.5124321 1.5470989 5.3034353 2.305994 53.66149 1.3160102367401123 0.2882063388824463
Car 0.0 0 -1.4081518650054932 850.9777221679688 156.6018829345703 892.0204467773438 186.634033203125 3.7099414 1.7269417 1.7519311 15.779301 0.7927526 43.534393 -1.0604238510131836 0.28757020831108093
Car 0.0 0 1.923143982887268 247.936767578125 187.43678283691406 290.1141357421875 212.92391967773438 3.27931 1.6073915 1.5633605 -23.20947 2.6356325 49.153095 1.4819929599761963 0.23952481150627136
Car 0.0 0 1.8673187494277954 97.80364990234375 193.549560546875 165.50384521484375 228.43756103515625 4.0933423 1.4677485 1.6214447 -23.237799 2.5391643 35.146423 1.283130407333374 0.23660969734191895
Car 0.0 0 1.664426565170288 159.16094970703125 190.6875 193.4708251953125 217.46974182128906 4.175194 1.6310427 1.6208471 -29.51741 2.9013245 49.145245 1.1235544681549072 0.20335206389427185
Car 0.0 0 -1.3290435075759888 477.2159118652344 168.2147674560547 509.27630615234375 187.69671630859375 4.072307 1.5242581 1.6421909 -9.454466 1.1616439 58.546303 -1.4891482591629028 0.1861698478460312
Car 0.0 0 1.5462732315063477 305.0379638671875 180.66928100585938 336.0464172363281 209.55380249023438 3.8528345 1.6029327 1.6249907 -17.420418 2.0945396 43.26068 1.163454532623291 0.1824013888835907
