Pedestrian 0.0 0 -3.180901527404785 611.3570556640625 159.6455841064453 720.5017700195312 328.5884094238281 1.0998569 1.7019079 0.6925169 0.5757702 1.4935169 7.484358 -3.1041228771209717 0.6242629289627075
Pedestrian 0.0 0 -1.0737457275390625 660.663818359375 165.52613830566406 713.55615234375 262.4492492675781 0.73842424 1.7443625 0.7194663 1.4971848 1.4765134 13.228738 -0.9610486030578613 0.46176791191101074
Pedestrian 0.0 0 1.3492871522903442 837.65478515625 170.57472229003906 873.1381225585938 240.99024963378906 0.92996585 1.7276341 0.6528639 6.2706103 1.4857169 17.842133 1.6872527599334717 0.19449757039546967
Pedestrian 0.0 0 2.7423832416534424 752.740966796875 127.33226776123047 814.2127075195312 232.7160186767578 0.8519597 1.7849437 0.6579561 3.0660667 0.8860603 12.361909 2.9855024814605713 0.16991356015205383
Pedestrian 0.0 0 0.5652889013290405 52.331111907958984 187.02444458007812 99.08882904052734 251.65196228027344 0.85380346 1.8201785 0.6671549 -15.258061 2.0129337 20.348137 -0.07811654359102249 0.1698121726512909
Pedestrian 0.0 0 0.5459035038948059 74.33726501464844 205.05892944335938 114.34491729736328 262.9007873535156 0.79570144 1.7404329 0.6277205 -15.84813 2.5150688 21.907269 -0.08036752790212631 0.10504807531833649
Pedestrian 0.0 0 1.8122186660766602 686.0150146484375 168.59149169921875 729.5706176757812 261.1846618652344 0.84461933 1.8005043 0.69013345 2.0407093 1.5705711 14.264575 1.9543157815933228 0.10222529619932175
Cyclist 0.0 0 -1.0073657035827637 71.45875549316406 203.98008728027344 122.20639038085938 263.44384765625 1.5431994 1.7334291 0.5452584 -15.828843 2.4923065 22.01376 -1.630758285522461 0.1954353302717209
Cyclist 0.0 0 -2.5039567947387695 274.9410705566406 206.79542541503906 348.2669982910156 276.44805908203125 1.7686932 1.7482998 0.61096096 -7.76693 2.4620624 18.63554 -2.8988449573516846 0.13921646773815155
Cyclist 0.0 0 -1.812228798866272 514.799072265625 119.94759368896484 555.6331787109375 194.6853485107422 1.6173235 1.7956371 0.65252054 -1.8186948 0.34241608 17.853754 -1.9137449264526367 0.12257394939661026
Car 0.0 0 1.724543809890747 61.16646194458008 186.08522033691406 132.9422149658203 231.7840118408203 4.081769 1.5429441 1.5821378 -19.012396 1.7716284 26.577686 1.1035888195037842 0.16978511214256287
Car 0.0 0 -2.291334867477417 239.82272338867188 198.09768676757812 379.6134948730469 260.76959228515625 3.547651 1.5172046 1.6041472 -8.165294 2.0402346 19.449514 -2.688809871673584 0.10935956239700317
