Cyclist 0.0 0 1.4089676141738892 592.6688232421875 164.68983459472656 609.8736572265625 202.67312622070312 1.7275797 1.778047 0.55238277 -0.46771452 1.3962297 34.6721 1.3954787254333496 0.8825129866600037
Cyclist 0.0 0 1.358975887298584 0.0 130.69119262695312 100.92389678955078 282.42919921875 1.882472 1.6108404 0.68640304 -6.7790775 1.1636009 8.519267 0.6868410110473633 0.4034537672996521
Car 0.0 0 -1.1383789777755737 13.430675506591797 182.3230743408203 417.94342041015625 375.0 3.7171938 1.3995638 1.5026526 -2.9514496 1.5064824 6.252101 -1.5794366598129272 0.9717844128608704
Car 0.0 0 -1.7403441667556763 693.7189331054688 175.14154052734375 793.3650512695312 267.38568115234375 2.5080087 1.5797379 1.4312547 2.3928335 1.627437 13.673004 -1.5670944452285767 0.9031368494033813
Car 0.0 0 1.7147691249847412 495.86639404296875 169.16880798339844 556.4554443359375 221.7765655517578 3.8558962 1.7443357 1.6192697 -2.970736 1.6225023 25.872665 1.6004483699798584 0.8950279355049133
Car 0.0 0 3.479379653930664 266.05694580078125 172.71102905273438 431.74468994140625 227.54917907714844 3.9430318 1.4342507 1.6036509 -7.0783663 1.4308693 19.684921 3.134193181991577 0.8902385234832764
Car 0.0 0 -1.6696232557296753 672.3199462890625 181.1695556640625 749.443603515625 244.99900817871094 3.818155 1.4495854 1.592682 2.4801648 1.6891705 18.821148 -1.5386027097702026 0.8769344091415405
Car 0.0 0 -1.460105061531067 529.432861328125 175.69422912597656 572.721923828125 208.71156311035156 3.953513 1.4539392 1.6135105 -2.76657 1.5964676 34.1146 -1.5410243272781372 0.6444935202598572
Car 0.0 0 -1.647596001625061 632.0596313476562 176.25714111328125 659.6885986328125 199.65780639648438 4.019847 1.5710152 1.6418803 2.4721913 1.8218043 51.061626 -1.5992178916931152 0.6078882813453674
Car 0.0 0 0.11321716010570526 445.2497253417969 160.26922607421875 528.2607421875 192.4353790283203 4.0381403 1.6085017 1.6472387 -6.3060765 0.9795451 37.012897 -0.055537547916173935 0.5540308952331543
