Pedestrian 0.0 0 3.4117703437805176 292.8028259277344 183.5904541015625 339.3262634277344 265.9709167480469 0.85081893 1.8282752 0.61515033 -6.7443776 2.0788767 16.45893 3.022869825363159 0.36711543798446655
Pedestrian 0.0 0 1.5398108959197998 139.46022033691406 132.63552856445312 176.8993377685547 218.28407287597656 0.66719264 1.7886134 0.6608633 -9.777052 0.9490819 15.526549 0.9778397083282471 0.36688435077667236
Pedestrian 0.0 0 -1.448089361190796 634.7620239257812 169.0462188720703 649.1216430664062 206.244384765625 0.59587634 1.8072947 0.6365398 1.5314214 1.6226499 35.400005 -1.4048558473587036 0.3642480671405792
Pedestrian 0.0 0 3.620512008666992 161.60122680664062 190.52706909179688 227.56581115722656 301.736328125 0.7656147 1.6668118 0.43938166 -6.4484835 1.9455221 11.124324 3.0951719284057617 0.34099727869033813
Pedestrian 0.0 0 1.9190428256988525 134.40255737304688 151.13223266601562 158.24156188964844 206.54034423828125 0.4978485 1.8956755 0.55890733 -16.099222 1.1528677 24.988003 1.346700668334961 0.24282649159431458
Car 0.0 0 -1.5327035188674927 463.42132568359375 188.62982177734375 504.00933837890625 228.18182373046875 3.3306906 1.4618344 1.527889 -5.211348 2.1524937 29.816525 -1.7057362794876099 0.9029961228370667
Car 0.0 0 3.312286138534546 233.43124389648438 182.37799072265625 385.9905090332031 237.14218139648438 4.353219 1.6481265 1.7403682 -9.685742 1.9761636 23.497452 2.9213035106658936 0.8617235422134399
Car 0.0 0 1.567217469215393 483.8409118652344 183.86978149414062 517.587158203125 217.5439453125 3.9955454 1.5390097 1.5942143 -5.5657454 2.1277962 36.44257 1.415662169456482 0.7989742755889893
Car 0.0 0 1.4431761503219604 606.6396484375 170.18341064453125 638.8351440429688 195.718994140625 4.109622 1.6581079 1.6678276 0.79134804 1.4850559 48.9839 1.4593299627304077 0.5584192872047424
Car 0.0 0 -2.2158594131469727 940.1828002929688 36.82094192504883 1242.0 349.7329406738281 4.227273 1.596258 1.6515656 4.385677 0.9026705 5.7940235 -1.5679372549057007 0.4260549545288086
