Pedestrian 0.0 0 1.8535484075546265 592.1552734375 162.5430908203125 616.473388671875 213.6210174560547 0.853535 1.8222233 0.6744092 -0.24522398 1.4547358 26.240334 1.8442033529281616 0.3419579863548279
Pedestrian 0.0 0 0.5399250388145447 442.1402282714844 154.479736328125 504.1494445800781 265.0108642578125 0.7363906 1.7683674 0.74806696 -2.3228834 1.4747587 12.018396 0.3490018844604492 0.29858946800231934
Pedestrian 0.0 0 2.696211099624634 832.938232421875 161.1305389404297 848.595703125 189.39381408691406 0.9139395 1.9286425 0.46117678 15.808731 1.129009 49.5245 3.005197525024414 0.27524125576019287
Car 0.0 0 3.001055955886841 637.279541015625 169.45848083496094 705.7742309570312 196.72462463378906 3.6358829 1.4932408 1.5597515 3.3775804 1.307642 40.39494 3.0844757556915283 0.8459259867668152
Car 0.0 0 1.1352894306182861 766.8062133789062 164.12713623046875 812.1010131835938 186.0303192138672 4.202325 1.570773 1.6630964 13.335372 0.9452889 53.963596 1.3775537014007568 0.5977636575698853
Car 0.0 0 2.870525360107422 100.73336791992188 171.56088256835938 223.6511993408203 210.7652130126953 4.3847923 1.6360945 1.6853942 -19.994324 1.5824878 32.29147 2.316120147705078 0.5823090076446533
Car 0.0 0 -2.079730749130249 842.1575927734375 164.19320678710938 890.0988159179688 187.05364990234375 3.9215987 1.6489929 1.6860088 19.125513 1.0246211 54.118732 -1.7400308847427368 0.5140125751495361
Car 0.0 0 -1.9226841926574707 799.5938720703125 165.15345764160156 840.5978393554688 186.70982360839844 4.1555023 1.5806913 1.6659594 15.9429655 1.0163811 55.037254 -1.6407257318496704 0.5072982907295227
Car 0.0 0 -0.8941529989242554 1069.410400390625 162.34182739257812 1133.1451416015625 184.61170959472656 4.229282 1.6426533 1.7233709 37.183823 0.86762094 54.661186 -0.2967985272407532 0.40498560667037964
Car 0.0 0 0.8942727446556091 975.0816650390625 164.02496337890625 1029.6878662109375 186.36962890625 3.6620317 1.5917023 1.6025736 28.91876 0.9631312 53.34012 1.3910751342773438 0.38455602526664734
