Pedestrian 0.0 0 1.8338167667388916 795.1874389648438 160.5709228515625 826.7237548828125 223.31729125976562 0.49616408 1.6531384 0.71324724 5.3571153 1.3298823 19.40192 2.103217124938965 0.676584005355835
Pedestrian 0.0 0 -2.212761878967285 1126.4971923828125 148.27890014648438 1191.675048828125 245.0297088623047 0.7443773 1.7354126 0.6373515 10.064847 1.2949685 13.31332 -1.5654327869415283 0.33748695254325867
Pedestrian 0.0 0 -1.8276026248931885 104.84562683105469 167.2290802001953 135.89247131347656 230.61891174316406 0.8492404 1.886691 0.58478624 -14.959562 1.719633 21.971937 -2.4253592491149902 0.3178768754005432
Pedestrian 0.0 0 0.7979086637496948 214.59823608398438 181.87464904785156 241.58815002441406 226.4241943359375 0.6986438 1.7169343 0.629371 -15.059656 2.077162 28.376007 0.30998969078063965 0.2693563997745514
Pedestrian 0.0 0 -1.683060884475708 1027.873291015625 144.9403076171875 1068.52587890625 238.4541473388672 0.63113576 1.7890126 0.6157173 8.572506 1.2553537 14.216218 -1.1404318809509277 0.2636999487876892
Pedestrian 0.0 0 -1.7262181043624878 714.9164428710938 160.1852264404297 728.174560546875 190.72772216796875 0.7246325 1.7649349 0.6585397 6.46447 1.0332125 42.055454 -1.573698878288269 0.25845786929130554
Pedestrian 0.0 0 -1.9112980365753174 784.5809936523438 171.77777099609375 803.9075927734375 203.52171325683594 1.5873805 1.5916839 0.45337853 9.397807 1.5380783 36.987232 -1.6624807119369507 0.11696688830852509
Cyclist 0.0 0 1.1870518922805786 784.0386962890625 171.54840087890625 805.1593627929688 203.98248291015625 1.6355313 1.6239816 0.4674998 9.409591 1.5589681 36.966537 1.4363021850585938 0.3379919230937958
Cyclist 0.0 0 -3.684518814086914 1121.1944580078125 151.08497619628906 1195.9625244140625 249.58624267578125 0.9261467 1.7698108 0.588684 10.046242 1.379036 13.302192 -3.037677526473999 0.12191537767648697
Car 0.0 0 2.0023553371429443 244.52069091796875 186.92855834960938 345.798095703125 235.3819580078125 4.2713704 1.4998168 1.6696186 -11.127583 2.0443144 25.738077 1.5942847728729248 0.9166051149368286
Car 0.0 0 -1.5810785293579102 599.1129760742188 173.16375732421875 625.9481201171875 199.57957458496094 4.1441665 1.6098472 1.6375678 0.10498708 1.6308873 46.096912 -1.5788010358810425 0.5611043572425842
Car 0.0 0 3.2636358737945557 183.5421905517578 186.24456787109375 258.2345275878906 211.83840942382812 4.4016547 1.6648237 1.6440493 -26.986525 2.6247056 50.13496 2.7698371410369873 0.25197747349739075
Car 0.0 0 1.4189971685409546 469.8006286621094 181.46530151367188 508.36517333984375 213.0384979248047 3.1477253 1.5079925 1.491659 -6.293731 1.972153 37.13058 1.251090407371521 0.22780872881412506
Car 0.0 0 1.7689872980117798 400.5921936035156 174.95114135742188 464.9646911621094 216.29591369628906 4.107778 1.4611475 1.6276226 -6.7771497 1.548357 27.79387 1.5298182964324951 0.18353085219860077
