Pedestrian 0.0 0 0.09002600610256195 562.130126953125 172.54481506347656 578.0924072265625 201.4411163330078 0.96817046 1.8175826 0.49652025 -2.553046 1.7984927 45.646748 0.03415369987487793 0.3195396661758423
Pedestrian 0.0 0 0.6988762617111206 638.1664428710938 178.89471435546875 660.99853515625 223.13052368164062 0.68454957 1.7650018 0.6283402 1.5697126 2.0151992 29.376272 0.7522602081298828 0.24599073827266693
Cyclist 0.0 0 0.6447893381118774 607.3795166015625 127.99217987060547 660.74169921875 187.5984344482422 1.613603 1.7540281 0.5511179 0.67487776 0.43424127 21.949419 0.6755266189575195 0.29286491870880127
Car 0.0 0 1.7922821044921875 321.4697570800781 190.1033935546875 443.78363037109375 275.29254150390625 4.0543804 1.4385247 1.5654663 -4.635031 1.8498014 15.10495 1.4945480823516846 0.9297990798950195
Car 0.0 0 1.7278122901916504 422.2853088378906 188.26966857910156 486.49041748046875 237.311767578125 3.5546088 1.3826085 1.4864779 -4.9893937 1.9194925 23.29479 1.5168153047561646 0.9238017797470093
Car 0.0 0 1.1970163583755493 696.9257202148438 159.8101806640625 864.7933959960938 259.83416748046875 4.3621936 1.6677432 1.6992861 3.104971 1.4506156 14.316468 1.4105898141860962 0.6845584511756897
Car 0.0 0 1.6257272958755493 457.72222900390625 179.5731658935547 502.08154296875 219.31011962890625 3.9153771 1.4849644 1.5838763 -5.332959 1.7808335 29.69083 1.4480059146881104 0.6326768398284912
Car 0.0 0 -1.8538645505905151 693.6360473632812 139.6226043701172 752.3276977539062 178.71099853515625 3.6527398 1.631518 1.6056465 4.906072 0.24482399 32.029297 -1.701871395111084 0.4843571186065674
Car 0.0 0 -1.3509999513626099 573.6105346679688 172.83743286132812 611.4859008789062 200.19351196289062 3.8166387 1.6588844 1.6102909 -1.0942205 1.6582379 45.7802 -1.3748970031738281 0.26957201957702637
Car 0.0 0 2.0224690437316895 59.3961067199707 175.3799285888672 224.89553833007812 250.74703979492188 3.9540277 1.4724367 1.5425278 -10.375148 1.5369977 16.284212 1.4551949501037598 0.18545681238174438
