Pedestrian 0.0 0 2.786807060241699 746.8004760742188 170.96450805664062 786.4804077148438 235.76370239257812 0.9155828 1.7521172 0.5920141 4.4097767 1.4958665 19.466755 3.009575843811035 0.40600305795669556
Pedestrian 0.0 0 2.718966484069824 819.5836181640625 152.00140380859375 891.1632690429688 271.924560546875 0.8444091 1.7528081 0.6011467 3.7186298 1.3379335 10.665497 3.0544469356536865 0.2808385193347931
Pedestrian 0.0 0 0.6168318390846252 992.2523803710938 65.33435821533203 1194.7691650390625 357.4804992675781 0.94864666 1.8050002 0.669871 3.3061988 1.0951784 4.9257817 1.2079683542251587 0.15847007930278778
Pedestrian 0.0 0 0.35588642954826355 617.5094604492188 162.96612548828125 631.0989379882812 183.49961853027344 1.1153853 1.8411335 0.5201869 1.7659897 0.2701295 63.84237 0.3835411071777344 0.1431233286857605
Pedestrian 0.0 0 1.4162280559539795 762.6517944335938 131.0142059326172 798.178955078125 211.71829223632812 1.0670732 1.8237092 0.64566547 4.049653 0.7070659 16.531757 1.6564595699310303 0.14099298417568207
Pedestrian 0.0 0 3.5456607341766357 180.34652709960938 173.3292694091797 200.51004028320312 203.6630401611328 0.9161726 1.8168998 0.5291891 -25.019783 1.3887599 42.665306 3.015286445617676 0.1367642879486084
Pedestrian 0.0 0 -1.9946495294570923 241.86215209960938 174.048828125 258.4046936035156 207.22427368164062 0.6952412 1.8789324 0.615427 -20.335762 1.5149484 40.497585 -2.4600136280059814 0.1251225471496582
Pedestrian 0.0 0 0.6626969575881958 164.4770050048828 173.9296875 179.48374938964844 199.14947509765625 0.7739852 1.8307806 0.52804077 -31.612719 1.3551029 51.627945 0.11326932907104492 0.12169192731380463
Cyclist 0.0 0 -1.1174594163894653 425.2314453125 171.96197509765625 442.6079406738281 199.97584533691406 1.4503384 1.839295 0.5489289 -11.40934 1.2800444 47.184597 -1.3547077178955078 0.19201317429542542
Car 0.0 0 -1.716154932975769 546.4329833984375 167.9644012451172 572.5565795898438 186.4338836669922 3.781663 1.4488949 1.5828965 -3.7163339 0.46674383 57.47594 -1.780724048614502 0.6596938967704773
Car 0.0 0 1.1643704175949097 563.54150390625 165.6304931640625 598.3058471679688 183.9097137451172 4.1705275 1.6046224 1.639988 -2.2043352 0.30049935 64.298386 1.130100965499878 0.36746495962142944
Car 0.0 0 -2.4383621215820312 14.397364616394043 161.8804931640625 112.51798248291016 195.06268310546875 3.6917033 1.615163 1.6702164 -27.032774 0.71028537 35.33777 -3.091383218765259 0.21818700432777405
Car 0.0 0 1.7672271728515625 208.69760131835938 183.57032775878906 267.1141357421875 220.7505645751953 3.5333087 1.4433497 1.5149325 -15.347371 1.5819362 29.664698 1.2897870540618896 0.12855559587478638
Car 0.0 0 -1.5943702459335327 719.4712524414062 161.6678924560547 738.1044921875 178.9263458251953 3.7732656 1.5239761 1.5879838 11.339376 -0.14746158 64.776985 -1.42107355594635 0.11714165657758713
