Pedestrian 0.0 0 -0.024220287799835205 885.8988647460938 219.01199340820312 943.0018920898438 309.3407287597656 1.1099916 1.8138777 0.6800386 6.4869432 2.841315 15.5342245 0.37135767936706543 0.219913050532341
Cyclist 0.0 0 -1.54899001121521 772.1375122070312 166.5197296142578 799.1820678710938 238.59725952148438 1.9616009 1.7883394 0.65099233 4.5773816 1.631536 18.931019 -1.3117506504058838 0.24389441311359406
Cyclist 0.0 0 2.378054141998291 935.1355590820312 159.56471252441406 1011.7537841796875 238.51271057128906 1.6214571 1.7526135 0.5758337 8.275667 1.4579549 16.5293 2.8422348499298096 0.18645811080932617
Car 0.0 0 1.8506332635879517 383.49530029296875 182.65879821777344 450.5240783691406 220.42237854003906 4.1680446 1.4352384 1.6571769 -8.133386 1.8801367 30.61083 1.5909309387207031 0.9501893520355225
Car 0.0 0 2.273764133453369 0.0 193.15586853027344 138.55043029785156 356.1939392089844 4.091211 1.4474572 1.6088136 -8.025221 1.7587909 8.983536 1.5446488857269287 0.7956885099411011
Car 0.0 0 2.166816234588623 199.1783905029297 193.7683563232422 261.0819396972656 220.61166381835938 3.8174357 1.5189472 1.6226542 -24.12646 2.9077506 45.910603 1.6829698085784912 0.3955981433391571
Car 0.0 0 2.0848562717437744 119.54232788085938 189.10987854003906 235.44503784179688 237.31332397460938 4.0087647 1.4317881 1.6550363 -14.758994 2.0368583 24.81569 1.5483100414276123 0.2970063388347626
Car 0.0 0 1.6851986646652222 743.1206665039062 174.20762634277344 786.7428588867188 209.0092010498047 3.6811855 1.51646 1.5768665 7.2187757 1.5835824 33.58932 1.896891474723816 0.14965921640396118
Car 0.0 0 0.677782416343689 8.412772178649902 192.38214111328125 93.80498504638672 222.3333282470703 3.5217738 1.5878664 1.624679 -31.127674 2.6991107 40.197536 0.01886749267578125 0.11816048622131348
Car 0.0 0 1.1501657962799072 965.7709350585938 212.44398498535156 1090.071044921875 274.1640930175781 3.9270053 1.4115368 1.6695274 12.026194 2.6838424 21.144026 1.6673091650009155 0.11637672036886215
