Pedestrian 0.0 0 0.6147042512893677 359.9494323730469 152.25013732910156 392.0347595214844 202.81564331054688 0.85477257 1.7087837 0.6084741 -8.084162 1.0128661 24.797325 0.2995595932006836 0.23279082775115967
Car 0.0 0 1.6562700271606445 404.3255310058594 176.36436462402344 445.23565673828125 209.92144775390625 4.01042 1.5218159 1.6009436 -9.033037 1.7040427 35.26996 1.405547857284546 0.6850623488426208
Car 0.0 0 1.3910764455795288 630.387451171875 170.20367431640625 668.7810668945312 198.83314514160156 4.0918264 1.679791 1.6484406 2.355693 1.5246452 44.466125 1.4440041780471802 0.3686749339103699
Car 0.0 0 1.7651196718215942 466.9621276855469 178.003173828125 493.70477294921875 199.71315002441406 4.016108 1.9086004 1.6803114 -11.917478 2.3973405 66.411095 1.587559461593628 0.3547731935977936
Car 0.0 0 1.573025107383728 732.0156860351562 185.57981872558594 752.620849609375 206.3482666015625 3.8461301 1.6166636 1.6519657 11.110695 2.72376 60.706512 1.754044771194458 0.346131294965744
Car 0.0 0 1.0412204265594482 1063.5972900390625 180.17044067382812 1116.28466796875 202.97244262695312 4.024903 1.6388869 1.5285802 36.63558 2.2200835 55.226665 1.626935601234436 0.34051892161369324
Car 0.0 0 1.663400411605835 332.97210693359375 182.91358947753906 357.9461975097656 203.70684814453125 3.732377 1.6082603 1.6055609 -21.89913 2.469816 59.758503 1.3121373653411865 0.32735973596572876
Car 0.0 0 1.7107226848602295 315.1587829589844 190.13015747070312 349.45697021484375 217.01889038085938 4.227858 1.721632 1.7057202 -19.735182 3.005251 51.34093 1.3437410593032837 0.323345810174942
Car 0.0 0 0.4184908866882324 1021.2183837890625 181.39857482910156 1110.46923828125 210.36436462402344 4.5331674 1.717813 1.7886556 29.30809 2.2979228 46.573154 0.9801702499389648 0.29480791091918945
Car 0.0 0 1.288956880569458 668.5714721679688 182.65634155273438 730.149658203125 217.9335174560547 4.204741 1.4290864 1.6465044 3.9226422 1.9031945 32.661617 1.408483862876892 0.23882636427879333
Car 0.0 0 1.2081938982009888 468.7923278808594 184.95433044433594 505.34283447265625 205.7799835205078 4.1246614 1.6024262 1.6489302 -10.325186 2.6502628 60.26254 1.0385048389434814 0.22521914541721344
Car 0.0 0 -1.6571614742279053 354.0517883300781 158.69142150878906 407.662353515625 204.6879119873047 3.4678135 1.5486416 1.5492187 -8.410002 1.0721642 26.189034 -1.967886209487915 0.22151139378547668
