Pedestrian 0.0 0 -3.403688907623291 790.7545166015625 136.94717407226562 847.62158203125 226.76451110839844 1.0106727 1.8554354 0.68167466 4.3582754 1.1140344 15.251688 -3.125349760055542 0.42798078060150146
Pedestrian 0.0 0 -1.9419535398483276 923.65283203125 151.41844177246094 940.4569702148438 185.97645568847656 0.7350978 1.9846169 0.6674646 18.627388 0.7539617 41.817245 -1.522891879081726 0.22112759947776794
Pedestrian 0.0 0 -1.377550482749939 1206.5982666015625 137.7156982421875 1240.461669921875 201.72515869140625 0.6459088 1.9062476 0.6739542 18.618742 0.86016196 21.950018 -0.6740828156471252 0.18388883769512177
Pedestrian 0.0 0 -0.04138946533203125 825.3118286132812 167.1219940185547 866.531494140625 212.70254516601562 1.5346607 1.7838147 0.6282035 9.342573 1.5598483 28.744213 0.27286458015441895 0.17462877929210663
Cyclist 0.0 0 -0.0356370210647583 824.852783203125 166.21835327148438 867.6514282226562 212.61285400390625 1.5977505 1.8148032 0.60218406 9.3508215 1.5555959 28.730938 0.27901244163513184 0.22170130908489227
Car 0.0 0 1.897381067276001 359.1672668457031 185.6858367919922 429.50537109375 226.60348510742188 3.8044922 1.4765806 1.5862019 -8.672455 2.0302055 29.176859 1.6084606647491455 0.9389100074768066
Car 0.0 0 -1.55013906955719 599.03271484375 177.2186737060547 625.8251342773438 202.7667999267578 3.7076194 1.5064809 1.598984 0.15340321 1.790731 45.056026 -1.54673433303833 0.5940649509429932
Car 0.0 0 -2.1279964447021484 0.0 188.90902709960938 78.77778625488281 357.0404357910156 3.7245095 1.4382762 1.5970416 -7.899861 1.6326376 7.553838 -2.935781955718994 0.29612264037132263
Car 0.0 0 1.7381230592727661 416.5411071777344 166.61428833007812 474.175048828125 206.0742645263672 4.1147056 1.4672283 1.5869502 -6.5590053 1.2355771 28.924276 1.515129566192627 0.2751782238483429
Car 0.0 0 1.730617880821228 446.7599182128906 184.5980224609375 491.7488098144531 217.435546875 3.5201185 1.4049566 1.5365757 -6.60223 1.9866273 33.928375 1.5384265184402466 0.21577657759189606
Car 0.0 0 1.6068257093429565 421.4229431152344 184.56723022460938 443.6214294433594 205.4892120361328 4.2600336 1.6620182 1.7049872 -15.263595 2.707265 62.10371 1.3658266067504883 0.2064770758152008
Car 0.0 0 2.209231376647949 0.0 196.90576171875 78.1552734375 265.4906921386719 3.6837676 1.4367512 1.5099896 -15.579297 2.1109476 18.3242 1.5046191215515137 0.2061108946800232
Car 0.0 0 -1.0978937149047852 142.15399169921875 198.3796844482422 350.8497009277344 301.5007629394531 4.3104105 1.4457966 1.6217536 -6.4751 1.9957724 13.361125 -1.5491636991500854 0.19716611504554749
Car 0.0 0 0.020738661289215088 824.4757080078125 168.00534057617188 927.169921875 206.33560180664062 3.7792547 1.4669015 1.4983851 10.606263 1.2817013 28.994478 0.37142181396484375 0.17440204322338104
