Pedestrian 0.0 0 1.5154592990875244 864.8844604492188 143.62203979492188 882.7278442382812 191.51177978515625 0.8668181 1.9695448 0.6523854 10.987966 0.76768994 30.180996 1.864612340927124 0.4134860336780548
Pedestrian 0.0 0 -1.8815442323684692 749.2776489257812 179.28309631347656 767.4981079101562 214.7349853515625 0.74544305 1.7142999 0.6804241 7.2471933 2.0341206 35.44303 -1.6798501014709473 0.3749849498271942
Pedestrian 0.0 0 3.5760130882263184 127.80392456054688 158.8916473388672 190.54710388183594 210.6414794921875 1.8025836 1.8237834 0.64718217 -16.184015 1.3320757 25.859165 3.016801118850708 0.15561914443969727
Cyclist 0.0 0 3.588627338409424 130.87486267089844 156.6302947998047 194.54603576660156 207.83509826660156 1.833297 1.8055987 0.66550636 -16.0642 1.2338717 25.870516 3.0329482555389404 0.6942943334579468
Car 0.0 0 -2.521989345550537 0.0 190.92759704589844 301.790283203125 320.92388916015625 4.0084248 1.4265333 1.6334652 -6.247767 1.6732302 8.990369 -3.1293113231658936 0.9203921556472778
Car 0.0 0 3.6672728061676025 37.75914764404297 189.98477172851562 326.7295837402344 291.0003356933594 3.6001348 1.4321418 1.5360953 -6.5764527 1.7183094 11.262216 3.1387462615966797 0.9089864492416382
Car 0.0 0 -1.6445939540863037 664.3984375 180.80453491210938 705.7149658203125 213.87789916992188 4.468139 1.4279617 1.6239094 3.484633 1.8332325 34.489365 -1.5439006090164185 0.9046477675437927
Car 0.0 0 -2.7647786140441895 261.8329162597656 185.1956024169922 448.8768310546875 252.423583984375 3.7443643 1.4358084 1.5467516 -5.806421 1.7340457 16.565388 -3.101912260055542 0.7859905958175659
Car 0.0 0 0.39855679869651794 317.60064697265625 183.8997802734375 486.0260009765625 244.7965545654297 3.9778795 1.4890988 1.5375553 -5.4697404 1.7956591 19.001064 0.1182699203491211 0.7218417525291443
Car 0.0 0 0.19747354090213776 420.3501892089844 179.63949584960938 535.5919189453125 220.01524353027344 4.293726 1.5498463 1.6357168 -5.2568073 1.8294436 28.835682 0.017151594161987305 0.7002941370010376
Car 0.0 0 0.3616185784339905 357.6832580566406 183.0048828125 502.20440673828125 236.54595947265625 3.855545 1.4839207 1.5461777 -5.3248057 1.7988701 21.365301 0.11736774444580078 0.5495343208312988
Car 0.0 0 2.795330047607422 795.2130126953125 169.85888671875 884.4144897460938 201.27748107910156 3.8650434 1.5178133 1.7038567 11.312124 1.3734789 35.782978 3.101519823074341 0.4438275098800659
Car 0.0 0 -1.4696927070617676 527.2841796875 173.81178283691406 558.285400390625 201.73289489746094 3.357902 1.6088966 1.5264646 -4.038322 1.6690725 43.375214 -1.5625271797180176 0.4257596433162689
