Car 0.0 0 -1.257148027420044 376.4272155761719 186.26780700683594 479.6444396972656 247.79322814941406 3.368329 1.3858212 1.5335324 -4.425956 1.4158167 17.982508 -1.4984768629074097 0.9656028151512146
Car 0.0 0 -1.062583327293396 0.0 200.31314086914062 350.224609375 376.0 4.1035295 1.372822 1.5568584 -4.0714064 1.5656834 7.062333 -1.5855411291122437 0.9578600525856018
Car 0.0 0 -1.4081308841705322 450.6235046386719 180.28749084472656 508.935302734375 220.79713439941406 4.2374215 1.4680561 1.5818995 -4.9682183 1.2905911 28.175278 -1.5826692581176758 0.9521797299385071
Car 0.0 0 -1.2769020795822144 332.0478820800781 179.01527404785156 411.6551513671875 227.63522338867188 4.242456 1.6574584 1.6384329 -8.664202 1.4472167 26.639702 -1.5913478136062622 0.9320463538169861
Car 0.0 0 -1.5663083791732788 578.60302734375 179.4375457763672 609.4384155273438 207.3829803466797 3.20642 1.4259087 1.573626 -0.7564779 1.132211 38.290684 -1.586061954498291 0.8355581164360046
Car 0.0 0 -1.4945788383483887 497.1617736816406 181.3198699951172 531.6162719726562 209.9395294189453 3.6420736 1.4167042 1.5083518 -4.8491845 1.2249877 37.438534 -1.6233855485916138 0.7666993737220764
Car 0.0 0 -1.089148998260498 158.54229736328125 161.91629028320312 286.576416015625 221.33294677734375 4.688991 1.7653854 1.7317165 -12.5356655 1.0742459 23.703478 -1.5756120681762695 0.6692011952400208
Car 0.0 0 -0.9543559551239014 149.62966918945312 199.76800537109375 309.5732727050781 273.8999328613281 3.2499256 1.4147509 1.5757772 -8.35556 1.7768061 16.107323 -1.4328852891921997 0.38209137320518494
Car 0.0 0 -1.6649487018585205 326.0704345703125 177.89358520507812 367.5131530761719 209.8547821044922 3.881304 1.5142573 1.5925287 -13.196591 1.1684822 36.148697 -2.0149800777435303 0.3780084550380707
Car 0.0 0 -0.9562914371490479 0.0 192.7252960205078 55.14079284667969 280.98468017578125 3.7506213 1.3982875 1.5937778 -12.6236105 1.5628992 13.682241 -1.7014681100845337 0.31169626116752625
