Pedestrian 0.0 0 2.3938777446746826 681.9979858398438 165.67437744140625 699.9083251953125 199.1670379638672 0.7637089 1.8313072 0.62507546 4.444251 1.4390987 39.92774 2.5047287940979004 0.22631824016571045
Cyclist 0.0 0 1.5023869276046753 645.1424560546875 160.67898559570312 660.8740844726562 204.7611541748047 1.7295533 1.7580233 0.5242122 1.7157633 1.2728344 29.640121 1.5602089166641235 0.24292178452014923
Car 0.0 0 -1.287205457687378 539.9321899414062 170.5063934326172 677.1142578125 256.7593688964844 3.9716525 1.3959769 1.5503683 0.08022765 1.3583394 13.79958 -1.2813917398452759 0.775989294052124
Car 0.0 0 2.0366907119750977 233.07241821289062 154.63253784179688 563.7562255859375 343.8564453125 3.7057512 1.3500761 1.5256628 -1.768852 1.2204274 7.120792 1.7932122945785522 0.7623037099838257
Car 0.0 0 -2.8474807739257812 554.3656616210938 165.51202392578125 657.9365844726562 204.9651336669922 3.6933722 1.4462949 1.5280778 -0.17576069 1.1775066 27.704535 -2.8538248538970947 0.6839475631713867
Car 0.0 0 -1.9150954484939575 898.0712890625 156.80377197265625 1242.0 375.0 3.4553032 1.3620695 1.4475002 3.4381394 1.2714483 5.917357 -1.3887441158294678 0.6230034232139587
Car 0.0 0 -1.6700371503829956 836.2002563476562 169.49073791503906 910.4371948242188 225.23812866210938 3.4921336 1.4116635 1.5870355 7.211665 1.3268553 20.15458 -1.3264148235321045 0.525852382183075
Car 0.0 0 1.7340691089630127 692.1474609375 163.14315795898438 741.4833984375 197.04493713378906 3.9786105 1.4447445 1.5991458 4.8852158 1.031269 32.88452 1.881547212600708 0.4059790074825287
Car 0.0 0 2.62973952293396 0.0 106.71755981445312 329.2486877441406 375.0 2.9993446 1.4314158 1.5007079 -2.7104971 1.3361225 2.6859515 1.8397929668426514 0.3916732370853424
Car 0.0 0 0.08737953752279282 629.2517700195312 162.25418090820312 691.919189453125 185.8385467529297 4.5956674 1.7444891 1.7491013 3.8228765 0.9607986 54.591686 0.15729212760925293 0.25138774514198303
Car 0.0 0 -1.5314568281173706 811.6878662109375 166.86016845703125 835.8106689453125 188.33773803710938 4.099312 1.5982685 1.6336082 16.5614 1.1525898 55.89444 -1.243399977684021 0.23301950097084045
Car 0.0 0 2.3706185817718506 7.694467544555664 146.55145263671875 386.6160583496094 303.90252685546875 3.9088492 1.4248824 1.5530443 -4.568317 1.1870594 8.629655 1.8837486505508423 0.23277390003204346
