Pedestrian 0.0 0 0.1232256293296814 307.307861328125 141.59080505371094 331.4287109375 196.8597412109375 0.68542266 1.8503824 0.67504996 -9.935126 0.8040611 24.5686 -0.26105356216430664 0.3213230073451996
Cyclist 0.0 0 0.7013586759567261 92.13365936279297 165.9873809814453 138.1503448486328 208.55853271484375 1.5901294 1.7652454 0.5858173 -20.808235 1.4808738 30.286715 0.09938263893127441 0.23195746541023254
Car 0.0 0 2.1350905895233154 0.0 178.02825927734375 388.8129577636719 375.0 3.699342 1.4087055 1.5612949 -2.6597948 1.4520315 4.1336217 1.5633310079574585 0.8441804051399231
Car 0.0 0 1.3819212913513184 635.3359985351562 169.69998168945312 675.9453735351562 196.3531951904297 4.075941 1.4587053 1.5901477 2.543674 1.2864463 41.609005 1.4429781436920166 0.716788113117218
Car 0.0 0 3.481688976287842 215.55665588378906 169.8255615234375 417.75640869140625 235.5505828857422 3.8704321 1.3832594 1.5454749 -6.4513497 1.3198804 16.036879 3.0992166996002197 0.6837704181671143
Car 0.0 0 -1.8679121732711792 755.4121704101562 156.99871826171875 1041.70751953125 335.5251770019531 3.8398106 1.3921679 1.5711312 2.5868165 1.2688848 7.5681105 -1.5385568141937256 0.5193151831626892
Car 0.0 0 3.024517297744751 625.8548583984375 169.8249053955078 679.3701171875 189.13803100585938 3.986014 1.4738427 1.5653617 3.2546856 1.2430407 55.958805 3.082613945007324 0.3578305244445801
Car 0.0 0 -2.9875543117523193 495.1108093261719 172.8234405517578 554.3893432617188 194.6595001220703 3.8653054 1.4813302 1.6038264 -5.885646 1.479615 49.817265 -3.105153799057007 0.32806849479675293
Car 0.0 0 -0.21008065342903137 733.6458740234375 170.0761260986328 817.7538452148438 196.27301025390625 4.6587744 1.5383196 1.7043403 9.848238 1.3755568 43.25125 0.013800621032714844 0.31124526262283325
Car 0.0 0 0.4408668875694275 256.3887634277344 176.78533935546875 415.8545837402344 235.80003356933594 3.489456 1.425076 1.53991 -6.9819636 1.5308897 18.446733 0.07903718948364258 0.2975912392139435
Car 0.0 0 -2.0894057750701904 688.4967651367188 149.9842529296875 751.556396484375 182.052978515625 3.8398716 1.6105134 1.6106131 5.741022 0.4623371 38.31458 -1.9406731128692627 0.29702040553092957
Car 0.0 0 -0.7303637266159058 0.0 164.01341247558594 78.76309204101562 204.7390899658203 4.204114 2.1053462 1.8015225 -31.781628 1.6486827 39.51814 -1.4076778888702393 0.262332946062088
Car 0.0 0 -2.9523887634277344 423.7597351074219 172.3810272216797 520.6219482421875 206.50570678710938 3.95652 1.4613161 1.5492972 -6.0382605 1.4414203 31.67183 -3.1407787799835205 0.25347989797592163
