Pedestrian 0.0 0 0.14979863166809082 684.6510009765625 157.57154846191406 701.720947265625 195.8295440673828 0.76979214 1.8890837 0.574119 4.115263 1.1348327 36.00241 0.2636098861694336 0.2627042233943939
Pedestrian 0.0 0 -0.011545181274414062 825.6470947265625 110.03020477294922 871.2396240234375 208.56661987304688 0.8218217 1.8539459 0.59385365 4.560349 0.6722848 13.979114 0.30379509925842285 0.16248051822185516
Car 0.0 0 -0.08283167332410812 645.752685546875 172.3936767578125 715.8970947265625 195.91171264648438 4.2977867 1.4615431 1.603903 4.4106693 1.4332939 45.668465 0.013449907302856445 0.5191435217857361
Car 0.0 0 2.951244831085205 682.006591796875 172.44418334960938 816.1621704101562 218.9638671875 4.059383 1.4655867 1.641983 4.421093 1.4530334 23.559883 3.1367409229278564 0.4015798568725586
Car 0.0 0 1.4425227642059326 80.18954467773438 165.55540466308594 219.74655151367188 261.308349609375 3.9740384 1.4830128 1.6298923 -8.574266 1.3703306 13.214587 0.866957426071167 0.3517092764377594
Car 0.0 0 0.9135247468948364 795.3763427734375 178.73739624023438 914.12939453125 227.35423278808594 3.9858305 1.427374 1.598512 7.911288 1.6396818 23.845621 1.2338685989379883 0.22947946190834045
Car 0.0 0 -0.824852705001831 637.8494873046875 170.6744384765625 693.723876953125 192.5579833984375 4.0636544 1.4864597 1.60551 3.9436715 1.338768 50.978493 -0.7476469278335571 0.20921270549297333
Car 0.0 0 1.959521770477295 484.6229553222656 170.49472045898438 528.4915161132812 193.49729919433594 3.8304787 1.4868093 1.5986518 -6.960033 1.3346708 48.68751 1.817530632019043 0.19840426743030548
Car 0.0 0 -2.408698558807373 519.466796875 178.576416015625 608.4386596679688 213.75657653808594 3.988458 1.4763567 1.5847569 -2.16689 1.7510872 32.73684 -2.4747934341430664 0.19506917893886566
Car 0.0 0 2.6762192249298096 579.489501953125 176.967041015625 641.8480834960938 199.06332397460938 4.4116683 1.584427 1.6340584 0.03449651 1.9029588 54.094513 2.6768569946289062 0.19183549284934998
Car 0.0 0 -1.6049294471740723 773.3984375 170.17909240722656 795.7525024414062 190.88760375976562 3.7791207 1.5577419 1.5608904 13.561194 1.3568861 56.280846 -1.368480920791626 0.13765135407447815
