Pedestrian 0.0 0 -1.7250308990478516 603.6867065429688 164.229248046875 626.6866455078125 206.4469757080078 1.0870212 1.7139165 0.7929812 0.16562378 1.3641348 29.885824 -1.7194890975952148 0.19499264657497406
Pedestrian 0.0 0 0.5393146872520447 310.08465576171875 106.49808502197266 404.3736267089844 297.32452392578125 0.62436074 1.7212435 0.6087479 -2.4460983 1.1230749 6.86508 0.19702935218811035 0.1652563512325287
Cyclist 0.0 0 -2.098482847213745 597.6115112304688 162.8738555908203 628.4459838867188 205.7233428955078 1.2270197 1.7364446 0.7651374 0.07697649 1.3323646 29.95969 -2.0959134101867676 0.3414439857006073
Cyclist 0.0 0 2.891890525817871 12.494132041931152 153.8667755126953 60.55526351928711 194.5450439453125 1.59923 1.7790333 0.559531 -25.745716 0.9489995 32.359287 2.219825506210327 0.16655831038951874
Car 0.0 0 0.27056771516799927 427.9118347167969 168.0667724609375 662.4508666992188 250.81439208984375 4.2714167 1.4753655 1.6117243 -1.246907 1.3903686 14.04116 0.18199634552001953 0.45618972182273865
Car 0.0 0 2.2423934936523438 167.87525939941406 173.4423065185547 225.50143432617188 195.4387969970703 3.9198847 1.5620443 1.6131605 -30.5482 1.6076272 53.4057 1.7228147983551025 0.32796481251716614
Car 0.0 0 2.6716625690460205 808.4639892578125 167.16493225097656 908.6220703125 199.99884033203125 4.2229414 1.5064236 1.5949897 11.703442 1.2457662 34.185997 3.001502513885498 0.30182260274887085
Car 0.0 0 -3.2216837406158447 624.2871704101562 177.20199584960938 728.7501220703125 212.56893920898438 4.613867 1.5585191 1.6972157 2.9284122 1.7622386 32.875706 -3.132843017578125 0.3016563951969147
Car 0.0 0 -0.02378883957862854 361.12359619140625 178.95384216308594 462.1010437011719 213.169189453125 4.514405 1.5308262 1.606595 -9.419742 1.8323872 34.2059 -0.29251161217689514 0.30106741189956665
Car 0.0 0 -0.44833534955978394 0.0 162.47677612304688 98.23104095458984 197.96897888183594 3.3219097 1.5559412 1.5976785 -26.038662 1.1013726 33.471638 -1.1094746589660645 0.24950450658798218
Car 0.0 0 0.086490198969841 359.2422790527344 177.5059814453125 460.44549560546875 215.5125274658203 4.0628743 1.5556431 1.6211503 -8.554512 1.7632948 30.982584 -0.18290500342845917 0.2386111468076706
Car 0.0 0 2.6507177352905273 833.4646606445312 152.9412078857422 958.5001831054688 191.39300537109375 4.8426237 1.6198679 1.7178763 12.406603 0.78135514 31.52697 3.0256285667419434 0.20432353019714355
Car 0.0 0 -1.9028558731079102 413.89007568359375 174.4317169189453 459.4215393066406 200.4669189453125 3.899478 1.5588068 1.603719 -11.007643 1.6632484 45.5238 -2.140101909637451 0.1939469277858734
Car 0.0 0 -0.7919461131095886 161.56675720214844 164.8240509033203 224.28431701660156 194.64410400390625 4.68849 2.3778841 1.7195877 -34.628727 1.7379235 60.018932 -1.3152546882629395 0.18755975365638733
Car 0.0 0 -0.979270339012146 215.33152770996094 171.06004333496094 266.2167663574219 195.19610595703125 3.3721128 1.6495261 1.5991968 -26.112152 1.5272791 51.07821 -1.451852798461914 0.18476265668869019
Car 0.0 0 -3.1373322010040283 637.7883911132812 156.6680450439453 770.560791015625 203.83148193359375 4.14578 1.4675535 1.5986784 2.9993615 0.9642639 23.512396 -3.0104522705078125 0.1770351380109787
Car 0.0 0 -0.14884471893310547 614.6290283203125 168.61013793945312 730.357177734375 208.48814392089844 4.1669054 1.4575056 1.616731 2.2689815 1.3027539 27.31274 -0.06596093624830246 0.1521410197019577
Car 0.0 0 -0.04692041873931885 372.7229309082031 178.12548828125 461.0836181640625 209.28184509277344 4.442406 1.5686375 1.6770821 -10.287236 1.859599 38.29875 -0.3093315660953522 0.14504598081111908
