Pedestrian 0.0 0 -1.8848763704299927 764.6958618164062 147.15963745117188 820.9154663085938 251.7373046875 0.8013997 1.8447729 0.7776063 3.432879 1.2402755 13.091401 -1.6284263134002686 0.6777342557907104
Pedestrian 0.0 0 0.2226802557706833 232.38108825683594 145.98818969726562 267.92626953125 227.0264434814453 0.59586716 1.7840213 0.63518244 -7.9449553 1.0034653 16.189133 -0.2335469275712967 0.31513479351997375
Pedestrian 0.0 0 -1.4568355083465576 840.7189331054688 114.129150390625 882.4231567382812 211.49349975585938 0.68008083 1.8775675 0.71031404 5.1491957 0.5796467 14.31196 -1.1114723682403564 0.30277732014656067
Pedestrian 0.0 0 -0.048833757638931274 660.265625 141.25596618652344 695.7158813476562 218.69688415527344 0.7974598 1.7865415 0.630222 1.7585297 0.8593306 16.905666 0.05481362342834473 0.20824453234672546
Pedestrian 0.0 0 0.8919162154197693 517.0632934570312 160.9689483642578 539.27783203125 205.7896270751953 0.68620425 1.8477511 0.63530123 -3.0842967 1.0023364 30.07834 0.7897312641143799 0.20343974232673645
Pedestrian 0.0 0 2.316683769226074 144.5852813720703 129.1475830078125 209.1638946533203 241.5025177001953 0.6854153 1.8085611 0.6284628 -7.1011505 0.9671447 11.961032 1.780916690826416 0.1806849241256714
Pedestrian 0.0 0 1.6691770553588867 622.7026977539062 163.65811157226562 633.4281005859375 194.96603393554688 0.8877539 1.897815 0.5734459 1.63934 0.81702995 44.019806 1.7064008712768555 0.16976319253444672
Cyclist 0.0 0 1.8029429912567139 366.15203857421875 95.60511016845703 423.5263366699219 222.26416015625 1.4984939 1.8167641 0.5222796 -3.1955268 0.5860248 11.062147 1.5217278003692627 0.2251516878604889
Cyclist 0.0 0 2.086393356323242 228.41761779785156 148.1717071533203 278.3227844238281 232.6715087890625 0.9326089 1.8369577 0.6305331 -7.8226523 1.1136515 16.098719 1.6340748071670532 0.10479044169187546
Car 0.0 0 1.6862363815307617 512.54833984375 169.77005004882812 597.0526733398438 233.88284301757812 4.3491335 1.3974346 1.5929493 -1.0689452 1.1429862 17.870104 1.6264901161193848 0.7161535024642944
Car 0.0 0 -0.025730933994054794 577.0950927734375 168.13722229003906 652.564453125 196.72605895996094 3.9113753 1.4808046 1.5731335 0.68321157 0.7895155 38.006405 -0.007756646256893873 0.33356550335884094
Car 0.0 0 -3.033763885498047 550.5152587890625 180.1591033935547 650.5674438476562 217.68785095214844 4.0852537 1.5354644 1.6482865 -0.011507457 1.4815929 30.426043 -3.034142017364502 0.2638527750968933
Car 0.0 0 -2.8128914833068848 622.5347900390625 129.6002960205078 771.185791015625 184.9774169921875 4.335269 1.6081254 1.6133589 2.9432788 0.10211815 22.540327 -2.6830477714538574 0.25154808163642883
Car 0.0 0 -0.06639400124549866 464.7401428222656 163.54379272460938 544.502197265625 196.69827270507812 3.5573535 1.4818279 1.6049947 -4.516245 0.6802254 33.245235 -0.20141386985778809 0.23596322536468506
Car 0.0 0 -0.06917016953229904 574.8895874023438 177.15887451171875 661.183349609375 209.9582061767578 3.9533496 1.5024207 1.6329985 0.7276148 1.3045001 33.811497 -0.047653742134571075 0.2257087379693985
Car 0.0 0 1.5578805208206177 594.8738403320312 160.45504760742188 644.9352416992188 207.01168823242188 4.175353 1.5376594 1.653642 0.60680896 0.8436795 25.81866 1.5813789367675781 0.18299756944179535
Car 0.0 0 -1.2892354726791382 514.7244262695312 153.74880981445312 554.3155517578125 179.6411590576172 3.829186 1.6212275 1.5958953 -4.3495765 -0.12700914 47.299637 -1.380935549736023 0.17762720584869385
Car 0.0 0 0.035465218126773834 441.74066162109375 154.57505798339844 538.2192993164062 192.01925659179688 3.8553343 1.5011466 1.5374906 -4.595894 0.42271978 29.785273 -0.1176282986998558 0.17523671686649323
Car 0.0 0 -3.131147861480713 573.8106079101562 175.7638702392578 642.5135498046875 202.0709991455078 3.9558625 1.5133221 1.6007223 0.40190202 1.1841381 42.15948 -3.121615171432495 0.1704876720905304
