Pedestrian 0.0 0 1.4487473964691162 286.19024658203125 136.572509765625 313.27490234375 200.87911987304688 0.5763362 1.9255173 0.69364816 -9.520345 0.8395074 22.026054 1.0407679080963135 0.4093444049358368
Car 0.0 0 -1.7138149738311768 664.1859130859375 174.2764892578125 726.3762817382812 218.4381103515625 3.7985075 1.3869816 1.5695224 2.7947035 1.4398391 24.70459 -1.6011689901351929 0.7903227806091309
Car 0.0 0 3.679763078689575 17.283824920654297 150.3395233154297 325.6826477050781 249.2074737548828 3.7356873 1.3873361 1.5043434 -6.50352 1.0717659 10.875633 3.1408228874206543 0.7747838497161865
Car 0.0 0 0.23568154871463776 397.49249267578125 168.10691833496094 506.4942321777344 206.343994140625 3.8735292 1.4418875 1.5979216 -6.127337 1.2632369 28.044458 0.020575284957885742 0.740786612033844
Car 0.0 0 -1.561484694480896 653.0746459960938 169.3210906982422 687.2696533203125 200.4812469482422 3.941771 1.4478582 1.5867844 2.9416885 1.284059 35.558872 -1.4789453744888306 0.659031093120575
Car 0.0 0 -2.6693899631500244 231.0352020263672 170.12635803222656 424.44635009765625 240.9419708251953 3.558727 1.4285716 1.5424999 -6.035846 1.3739045 15.499389 -3.0407466888427734 0.6051219701766968
Car 0.0 0 0.37604278326034546 348.351806640625 178.35206604003906 482.2247009277344 225.95126342773438 3.8645618 1.45469 1.5680598 -6.2751346 1.6400138 23.274858 0.11269450187683105 0.5295379161834717
Car 0.0 0 1.1181260347366333 774.3060913085938 171.9540557861328 1129.0469970703125 360.00750732421875 3.5898569 1.341282 1.5473245 2.8271148 1.3352212 6.987056 1.5026103258132935 0.5216760635375977
Car 0.0 0 0.5627396702766418 0.0 160.52403259277344 295.91363525390625 293.441650390625 3.5600348 1.4325912 1.5217398 -5.9107857 1.3000563 8.604047 -0.039192721247673035 0.4928763806819916
Car 0.0 0 1.2810277938842773 715.7811889648438 165.31288146972656 867.4964599609375 259.07366943359375 3.7666957 1.379013 1.4815605 2.9111629 1.2684575 12.534829 1.509228229522705 0.46338239312171936
Car 0.0 0 3.106031656265259 539.7078857421875 180.85043334960938 651.6043090820312 221.05413818359375 4.580951 1.6155943 1.7309513 -0.6682916 1.963752 30.384306 3.084040641784668 0.39060652256011963
Car 0.0 0 0.649236261844635 975.5572509765625 0.0 1242.0 375.0 3.4228022 1.5505942 1.5906806 2.7363026 1.4163043 2.174009 1.5486506223678589 0.3565702438354492
Car 0.0 0 -1.8519096374511719 820.5205078125 158.33840942382812 871.965576171875 190.12120056152344 3.52586 1.5475794 1.5761758 11.987579 0.841139 36.918518 -1.5379457473754883 0.3221309781074524
Car 0.0 0 -0.04853695631027222 702.5770874023438 168.84292602539062 760.8827514648438 188.780517578125 4.377757 1.5155436 1.6818408 9.367595 1.2110019 55.936035 0.11739301681518555 0.3131820261478424
