Car 0.0 0 1.6723663806915283 483.4806823730469 168.59982299804688 524.59912109375 202.1917724609375 3.710545 1.4808251 1.5333222 -4.823809 0.74948317 33.570606 1.5296517610549927 0.5255010724067688
Car 0.0 0 -1.3568655252456665 425.12353515625 176.21958923339844 503.9903259277344 226.32318115234375 3.9954622 1.4112134 1.5757904 -4.3681693 1.1589609 22.25664 -1.5506658554077148 0.4458874762058258
Car 0.0 0 -1.3270537853240967 430.60626220703125 170.3991241455078 473.5345764160156 198.21434020996094 3.8135514 1.5611111 1.5949548 -9.126538 0.7306718 42.272232 -1.5396891832351685 0.38293081521987915
Car 0.0 0 -1.3752892017364502 387.2367858886719 170.03109741210938 439.15472412109375 206.38925170898438 3.6799376 1.5117139 1.5292797 -8.567263 0.8814946 31.772692 -1.6386677026748657 0.2896965742111206
Car 0.0 0 3.1254050731658936 496.5542297363281 164.73040771484375 623.0550537109375 207.23532104492188 4.544044 1.5185795 1.6758683 -1.8192403 0.7878301 26.704943 3.0573863983154297 0.2446281909942627
Car 0.0 0 -1.5540791749954224 574.7606201171875 167.14599609375 604.3687744140625 196.4765625 3.6041949 1.583704 1.5986956 -1.0272338 0.60916245 40.61972 -1.5793628692626953 0.21597422659397125
Car 0.0 0 1.4972622394561768 6.290489673614502 163.8383026123047 150.28855895996094 274.07147216796875 3.3132033 1.4204526 1.5111251 -8.2352915 1.146117 11.005074 0.8548386096954346 0.21587039530277252
Car 0.0 0 3.1010360717773438 522.3231201171875 156.6836395263672 656.8588256835938 201.34288024902344 4.4810266 1.4769905 1.6436999 -0.68762386 0.5344972 24.743471 3.0732531547546387 0.20345783233642578
Car 0.0 0 3.1469924449920654 489.7443542480469 176.5728302001953 597.2920532226562 217.3808135986328 4.1139636 1.5572526 1.6073939 -2.560007 1.2285681 28.402533 3.0571022033691406 0.20238478481769562
Car 0.0 0 -2.4253275394439697 470.97344970703125 173.9627685546875 537.943603515625 199.89849853515625 3.9176831 1.5007235 1.5806937 -6.2695565 0.85072505 43.317017 -2.569066047668457 0.19589665532112122
