Pedestrian 0.0 0 -1.8783539533615112 594.9688720703125 163.84043884277344 610.6474609375 195.4395294189453 0.6278736 1.8838638 0.79034567 -0.46818036 1.3468543 43.43551 -1.8891322612762451 0.552335798740387
Pedestrian 0.0 0 -2.63260555267334 668.3889770507812 168.0876007080078 687.4893188476562 199.1367645263672 0.9146239 1.7860898 0.6341513 3.9230142 1.5122623 42.023735 -2.539522886276245 0.21982188522815704
Car 0.0 0 1.896958827972412 345.1123046875 178.64308166503906 457.7304382324219 239.37606811523438 3.9338162 1.346356 1.5639918 -5.2117653 1.5102617 18.377977 1.620626449584961 0.8349279761314392
Car 0.0 0 -1.9918015003204346 775.1968994140625 155.89456176757812 1043.455078125 295.3511962890625 3.8644872 1.3699322 1.5598617 3.3584828 1.2036915 9.064771 -1.6369832754135132 0.7228509187698364
Car 0.0 0 1.3476946353912354 743.4255981445312 154.21450805664062 791.66845703125 189.1962127685547 3.6588326 1.6430589 1.5520934 7.7021866 0.76793694 35.724876 1.5600416660308838 0.6637489795684814
Car 0.0 0 1.9296891689300537 252.86293029785156 173.7744903564453 402.4437255859375 254.2105255126953 3.482521 1.3306267 1.5013283 -5.240037 1.3507171 13.719071 1.564836859703064 0.6476291418075562
Car 0.0 0 -2.3595480918884277 969.75439453125 131.51710510253906 1242.0 375.0 3.4008775 1.4979554 1.5246255 3.2871764 1.4008461 3.4157305 -1.5933265686035156 0.4140893220901489
Car 0.0 0 -3.4364776611328125 846.2239379882812 159.78219604492188 932.3424682617188 190.3093719482422 4.0352993 1.6154392 1.7138443 15.070751 0.92406243 39.180103 -3.0692708492279053 0.3114960193634033
Car 0.0 0 1.3013914823532104 735.7799682617188 171.31886291503906 861.4868774414062 251.4641571044922 3.6255672 1.396042 1.4717054 3.5575883 1.3696594 14.39774 1.5436327457427979 0.2807666063308716
Car 0.0 0 -0.8131094574928284 984.21044921875 160.93472290039062 1057.3704833984375 184.6460418701172 4.193524 1.4579985 1.5818075 25.999168 0.725445 45.73272 -0.2961719036102295 0.24837857484817505
Car 0.0 0 0.32215040922164917 439.20660400390625 168.0316619873047 502.72747802734375 189.808349609375 4.099122 1.5030823 1.6103615 -9.807558 1.170589 50.866924 0.13167953491210938 0.2392217218875885
Car 0.0 0 -2.6505024433135986 346.439697265625 160.75857543945312 435.0766296386719 194.63768005371094 3.6721268 1.5460528 1.6292628 -10.368183 0.9944434 34.080425 -2.9458327293395996 0.2147722691297531
Car 0.0 0 -0.17493698000907898 677.6705322265625 172.67979431152344 742.1143188476562 194.61981201171875 4.29778 1.5252215 1.6245145 7.0069184 1.5134687 51.051414 -0.03853703290224075 0.20592376589775085
