Pedestrian 0.0 0 1.4925158023834229 344.7214660644531 133.45384216308594 375.2145690917969 210.73587036132812 1.3595576 1.8333819 0.6042326 -6.2488647 0.8990398 17.858372 1.155919075012207 0.23529770970344543
Pedestrian 0.0 0 2.8523762226104736 202.24952697753906 117.31000518798828 259.8797912597656 225.65895080566406 0.7561376 1.8818262 0.68770134 -6.900492 0.9174849 13.039288 2.3656363487243652 0.21849946677684784
Cyclist 0.0 0 1.410538911819458 344.0465087890625 127.42745971679688 378.2196044921875 202.83489990234375 1.368189 1.7948911 0.58700496 -6.2392383 0.7139808 17.913084 1.075373888015747 0.2144499123096466
Car 0.0 0 -0.9626680016517639 0.0 189.7284698486328 72.85277557373047 227.88726806640625 3.5899718 1.5504599 1.574781 -26.486525 2.3610182 32.79422 -1.6420612335205078 0.6667619347572327
Car 0.0 0 -0.2035781741142273 913.5700073242188 167.48919677734375 988.6475830078125 193.38023376464844 3.7006197 1.4610225 1.559234 19.715466 1.1586466 41.904327 0.23618197441101074 0.627536952495575
Car 0.0 0 2.2717416286468506 1124.24560546875 168.2921142578125 1207.0963134765625 193.11050415039062 4.385983 1.5101767 1.6799332 34.75074 1.2329477 45.189316 2.9272944927215576 0.37260702252388
Car 0.0 0 1.7425585985183716 384.6864929199219 172.1500701904297 415.6709289550781 192.80076599121094 4.0371804 1.4943527 1.5737488 -15.773815 1.443771 54.303375 1.4598623514175415 0.32934293150901794
Car 0.0 0 -3.107145071029663 605.16064453125 178.9290008544922 698.885498046875 211.81703186035156 4.3207855 1.4917545 1.6485609 1.962847 1.787996 34.120754 -3.0496819019317627 0.29964715242385864
Car 0.0 0 -3.1201131343841553 840.625 164.37330627441406 917.0541381835938 188.59030151367188 4.582084 1.521052 1.6542082 17.42814 0.98874354 46.929104 -2.7645273208618164 0.26054462790489197
Car 0.0 0 2.188676595687866 0.0 183.79344177246094 101.01629638671875 294.6878967285156 3.7317832 1.4802734 1.5139326 -10.408294 1.6910051 11.941376 1.471766471862793 0.22324959933757782
Car 0.0 0 2.193467140197754 0.0 184.6410675048828 96.25264739990234 260.0195617675781 3.532646 1.4933721 1.4962758 -13.837157 1.795799 16.673864 1.5007755756378174 0.21909500658512115
Car 0.0 0 -1.2753188610076904 242.18064880371094 176.2342529296875 284.21002197265625 198.91497802734375 4.0496607 1.5539774 1.632355 -25.05339 1.8088114 52.192173 -1.7228567600250244 0.21446265280246735
Car 0.0 0 0.07504229992628098 449.363525390625 158.5635223388672 585.2090454101562 206.80543518066406 4.4300137 1.5738451 1.6577109 -3.1167734 1.1079903 24.478718 -0.05160210281610489 0.19805222749710083
Car 0.0 0 1.9149975776672363 216.83729553222656 169.72560119628906 326.4502868652344 227.18637084960938 3.7838287 1.4888487 1.6510715 -9.58399 1.4081478 20.651451 1.4804940223693848 0.192257359623909
Car 0.0 0 -2.999253511428833 491.27740478515625 174.9424285888672 589.4457397460938 208.09999084472656 4.4786887 1.5364699 1.6887451 -3.3183675 1.6394323 34.49897 -3.0951459407806396 0.18069399893283844
Car 0.0 0 -0.22113749384880066 613.7308959960938 177.0328826904297 680.6426391601562 199.07704162597656 4.448119 1.501712 1.6589035 2.5689957 1.803213 50.79857 -0.17060832679271698 0.17719370126724243
Car 0.0 0 0.9106539487838745 23.223373413085938 180.5780029296875 96.03125762939453 205.87637329101562 3.9092376 1.537603 1.6297257 -35.050488 2.0434082 45.92572 0.258758544921875 0.17006388306617737
Car 0.0 0 -1.1498944759368896 92.88468933105469 171.5693817138672 147.93959045410156 196.5325164794922 4.08354 1.6968298 1.7142826 -34.690536 1.6098673 51.202282 -1.7453728914260864 0.1675621122121811
