Pedestrian 0.0 0 2.568362236022949 907.4082641601562 117.2340087890625 946.4351196289062 197.83529663085938 0.58049047 1.8640709 0.6565577 7.435416 0.578102 17.055119 2.979482650756836 0.21972665190696716
Car 0.0 0 1.641216516494751 661.4461059570312 159.02392578125 713.9998168945312 203.23143005371094 4.051638 1.461703 1.5999212 2.8233874 1.0047755 25.990328 1.7494244575500488 0.681023895740509
Car 0.0 0 1.7735388278961182 488.9893798828125 173.88882446289062 540.8287963867188 206.78524780273438 3.7865224 1.3559463 1.5341696 -4.166399 1.4047093 31.804195 1.6432790756225586 0.6394241452217102
Car 0.0 0 1.924534797668457 377.7171630859375 172.929931640625 483.9087829589844 224.07470703125 4.606182 1.4225286 1.7028197 -5.46305 1.4255015 22.458666 1.685920000076294 0.5220733284950256
Car 0.0 0 2.3408772945404053 0.0 174.1499481201172 154.24195861816406 332.1389465332031 3.3248415 1.3706113 1.4689239 -6.9458504 1.3883678 7.9844637 1.6249312162399292 0.4942842125892639
Car 0.0 0 2.992619037628174 562.1085815429688 177.7952117919922 665.0098266601562 213.95144653320312 4.072101 1.4296749 1.5836552 0.07129064 1.6422412 29.904125 2.9950029850006104 0.3847322463989258
Car 0.0 0 -0.2960710823535919 697.3545532226562 176.8715362548828 771.2816772460938 202.90464782714844 4.0367446 1.4972123 1.5977527 7.3248262 1.7420951 42.865402 -0.12682607769966125 0.34302130341529846
Car 0.0 0 -2.2801287174224854 1099.8355712890625 134.4637451171875 1230.3682861328125 187.0361328125 4.097747 1.8766876 1.7302748 21.204857 0.50662035 27.850155 -1.6293771266937256 0.2857189178466797
Car 0.0 0 -2.9590346813201904 739.4000854492188 152.66082763671875 879.4429931640625 201.95252990722656 4.304555 1.5393101 1.635281 6.6253605 0.9090637 24.201889 -2.6918272972106934 0.2111232876777649
Car 0.0 0 1.8005003929138184 553.7139892578125 175.12310791015625 588.5635986328125 197.4449920654297 3.7832437 1.4588584 1.5715681 -2.6573439 1.6213726 49.560394 1.7469333410263062 0.20196911692619324
Car 0.0 0 -2.807042360305786 773.3335571289062 157.89134216308594 897.5430908203125 201.7179718017578 4.3666415 1.6026388 1.6133372 8.753032 1.0558468 28.32579 -2.5073375701904297 0.19769619405269623
Car 0.0 0 -0.2780478894710541 575.5810546875 177.75062561035156 674.4428100585938 212.86814880371094 4.228166 1.5198758 1.6116192 0.6288173 1.7525767 32.913662 -0.25894516706466675 0.19697320461273193
