Pedestrian 0.0 0 3.043684482574463 199.71820068359375 129.065673828125 242.00189208984375 224.77325439453125 0.68792385 1.8560429 0.63580656 -7.6626196 0.8404446 14.383189 2.554182767868042 0.4568936824798584
Pedestrian 0.0 0 -1.8842588663101196 621.9327392578125 162.78900146484375 660.98291015625 237.7516632080078 0.77320075 1.7295903 0.7194467 0.9068119 1.2990855 17.037462 -1.8310844898223877 0.3570718765258789
Pedestrian 0.0 0 -1.8524198532104492 281.7339782714844 154.648193359375 335.9551086425781 263.4384765625 0.5974302 1.7183299 0.683987 -4.8467507 1.2955054 11.790051 -2.242448329925537 0.3515259921550751
Pedestrian 0.0 0 -1.3468265533447266 581.0208740234375 164.0161590576172 597.92529296875 197.9729461669922 0.8210034 1.7434963 0.7155186 -0.6236077 0.8466593 37.355316 -1.3635189533233643 0.30796799063682556
Pedestrian 0.0 0 -2.5956666469573975 247.8926239013672 142.6339874267578 274.5778503417969 191.56809997558594 0.7474766 1.8990594 0.595312 -13.374998 0.39174387 28.209457 -3.0384063720703125 0.275859534740448
Pedestrian 0.0 0 -2.3437998294830322 390.35638427734375 170.68084716796875 418.3775634765625 222.27749633789062 0.65109783 1.7852108 0.6959852 -6.9661765 1.4119426 25.316067 -2.6123223304748535 0.22620266675949097
Pedestrian 0.0 0 -2.7914698123931885 786.9236450195312 143.1902618408203 846.7222900390625 257.8978271484375 0.71477944 1.735988 0.68780094 3.3657568 1.1575118 11.357817 -2.503375768661499 0.20527754724025726
Pedestrian 0.0 0 -2.0548505783081055 606.925048828125 153.4228973388672 642.5538330078125 218.19375610351562 0.77409965 1.7864777 0.7298147 0.6243984 1.0132221 20.317913 -2.0241289138793945 0.1956462562084198
Pedestrian 0.0 0 -0.6865526437759399 1061.9317626953125 133.8349609375 1164.0330810546875 296.789794921875 0.689582 1.767538 0.64335275 5.7261486 1.2518823 8.135056 -0.07322363555431366 0.18795503675937653
Cyclist 0.0 0 1.3005107641220093 703.1248779296875 136.00694274902344 733.209716796875 192.3455352783203 1.8236439 1.7935725 0.5102155 3.8246017 0.3463751 23.800467 1.4598430395126343 0.1881367713212967
Car 0.0 0 1.7000340223312378 411.5803527832031 158.63986206054688 481.0947265625 211.43704223632812 4.4614034 1.5504364 1.6426057 -4.9637933 0.88025934 23.381111 1.4908406734466553 0.7142496705055237
Car 0.0 0 1.467176914215088 519.7072143554688 159.86334228515625 559.5730590820312 191.95594787597656 4.050602 1.6046816 1.6840035 -3.3297338 0.5236935 38.063538 1.3799207210540771 0.36879462003707886
Car 0.0 0 1.653174638748169 446.4354248046875 154.88861083984375 497.12933349609375 198.3042755126953 4.2641134 1.697677 1.7572228 -5.405661 0.65810806 30.2916 1.4765794277191162 0.29661616683006287
Car 0.0 0 -1.4537795782089233 562.4425659179688 166.09454345703125 587.968017578125 186.47569274902344 3.7848938 1.6270511 1.6771158 -2.106441 0.39772996 59.29731 -1.4892879724502563 0.1948414444923401
Car 0.0 0 1.945849895477295 502.8832702636719 168.23077392578125 546.5992431640625 193.19664001464844 3.8393605 1.5676368 1.5568336 -4.976507 0.7351685 47.160275 1.8407156467437744 0.1894388198852539
Car 0.0 0 -0.05075802654027939 489.6221618652344 156.62188720703125 612.9660034179688 198.59683227539062 4.2324324 1.4265262 1.5903914 -1.8206502 0.5821139 25.457262 -0.12215437740087509 0.1595085710287094
