Pedestrian 0.0 0 -0.1426522135734558 468.63671875 174.60499572753906 482.5542907714844 202.3722686767578 0.78256124 1.7359418 0.6275752 -8.52503 1.8479506 45.58237 -0.3275409936904907 0.15651929378509521
Cyclist 0.0 0 0.560345470905304 451.10504150390625 172.5487060546875 477.1192626953125 195.22085571289062 1.8861254 1.7333395 0.7054749 -11.313251 1.7103565 55.823174 0.36039137840270996 0.11599469184875488
Cyclist 0.0 0 1.9338890314102173 467.9527282714844 173.96205139160156 483.9574890136719 201.3867645263672 1.2532724 1.7094961 0.59127295 -8.515636 1.7810625 45.697033 1.74965238571167 0.10179904103279114
Car 0.0 0 0.6798920631408691 0.0 182.09222412109375 120.39839935302734 218.96481323242188 4.4913588 1.5363983 1.63925 -24.115318 1.9496989 31.37493 0.0245819091796875 0.2545318603515625
Car 0.0 0 2.1228418350219727 0.0 185.7551727294922 172.36245727539062 284.01068115234375 3.3853555 1.47875 1.4949311 -9.641177 1.7440374 13.065022 1.4871052503585815 0.19744810461997986
Car 0.0 0 -1.2119178771972656 452.9913024902344 170.1254119873047 489.4141845703125 190.47085571289062 3.7445045 1.5597659 1.6302193 -11.003921 1.3509382 57.29609 -1.4016611576080322 0.18856045603752136
Car 0.0 0 3.5271811485290527 0.0 180.55177307128906 94.19322967529297 210.43923950195312 4.2005687 1.5118299 1.6335623 -30.377687 1.9382846 38.568542 2.860029458999634 0.16966693103313446
Car 0.0 0 2.5799925327301025 863.874755859375 173.2772979736328 939.1116333007812 199.5457763671875 3.7183726 1.4447125 1.4950218 16.42013 1.4696223 40.781002 2.9627740383148193 0.15920332074165344
Car 0.0 0 -0.13479556143283844 619.0894165039062 160.84619140625 737.4703979492188 199.34201049804688 4.3124647 1.4184685 1.528008 2.4992063 0.9763706 27.442047 -0.043973956257104874 0.1482798010110855
Car 0.0 0 3.1686031818389893 476.9718933105469 171.98782348632812 579.8466186523438 206.2421112060547 4.5477734 1.5140542 1.629639 -3.7245028 1.4761271 32.896057 3.0558629035949707 0.144977405667305
Car 0.0 0 1.1589505672454834 745.560791015625 180.14932250976562 792.7661743164062 205.85177612304688 3.8716495 1.536276 1.5312198 10.13293 2.0258555 46.335373 1.3742477893829346 0.12995195388793945
Car 0.0 0 -0.0979803279042244 598.5150756835938 153.3867950439453 736.4417724609375 196.664794921875 4.7027874 1.4732337 1.6390667 1.9087813 0.8109054 25.432795 -0.023068800568580627 0.12019547820091248
Car 0.0 0 0.7718033790588379 55.598846435546875 185.81234741210938 160.58009338378906 220.088134765625 4.394801 1.6263621 1.7093047 -25.285843 2.3010728 36.344284 0.16394829750061035 0.10587029904127121
Car 0.0 0 -1.5171020030975342 473.5840759277344 165.23587036132812 499.988037109375 189.77890014648438 3.4918087 1.6029665 1.5826247 -8.355678 1.1057655 48.94808 -1.6861772537231445 0.10534609109163284
Car 0.0 0 2.066669464111328 140.677978515625 173.26522827148438 203.85572814941406 201.06971740722656 4.2870035 1.7556149 1.7492355 -28.937916 1.7844641 47.804123 1.5223302841186523 0.104962058365345
Car 0.0 0 -0.08901416510343552 616.377197265625 177.7916717529297 711.2132568359375 211.97560119628906 4.1711087 1.5037491 1.6516418 2.357604 1.7348154 32.848553 -0.017365097999572754 0.10235902667045593
Car 0.0 0 -0.3691056966781616 872.508056640625 173.1353759765625 1024.7188720703125 218.64398193359375 4.234582 1.4322658 1.563014 10.950486 1.4421989 23.634056 0.06478214263916016 0.10140003263950348
Car 0.0 0 -3.0179903507232666 522.1560668945312 171.1840057373047 570.5427856445312 187.39747619628906 4.2104087 1.4518818 1.598378 -5.7724442 1.3026943 65.4832 -3.10591459274292 0.10123398154973984
