Pedestrian 0.0 0 0.39753904938697815 840.5698852539062 163.05776977539062 889.383056640625 251.96214294433594 0.7402372 1.8414323 0.7919625 5.4238725 1.6388857 15.484052 0.7344701290130615 0.24081413447856903
Cyclist 0.0 0 -1.8224700689315796 799.8184814453125 160.828857421875 829.7457275390625 213.52175903320312 1.826911 1.7264006 0.53694 6.906351 1.3327737 24.556572 -1.548309564590454 0.6475073099136353
Car 0.0 0 -0.7596761584281921 0.0 175.3155059814453 111.16246795654297 216.0758819580078 4.023566 1.4684851 1.6541046 -22.05853 1.5728105 28.36029 -1.4207309484481812 0.7353106141090393
Car 0.0 0 -1.3491754531860352 384.1859436035156 175.49949645996094 421.7054443359375 198.9020233154297 3.8751872 1.4618555 1.5614322 -13.609554 1.6436203 47.495342 -1.6282429695129395 0.4087927043437958
Car 0.0 0 1.0543962717056274 1042.388427734375 45.531978607177734 1242.0 332.5798645019531 3.733729 1.5236554 1.6654274 5.0755982 0.8481857 5.822528 1.7713639736175537 0.34726592898368835
Car 0.0 0 -2.58286714553833 214.43637084960938 177.0377655029297 330.97161865234375 214.54434204101562 4.2239366 1.5112133 1.6281127 -14.195391 1.693859 30.370813 -3.0200982093811035 0.3142315149307251
Car 0.0 0 -3.2078232765197754 715.661865234375 173.924560546875 794.9425659179688 200.8310546875 4.378824 1.5073304 1.60853 8.2813225 1.5710008 41.586655 -3.011260509490967 0.28865760564804077
Car 0.0 0 0.4394511580467224 0.0 150.45925903320312 187.4016571044922 206.64151000976562 4.441981 1.4784164 1.6180366 -14.614036 0.8894648 20.192165 -0.1870357245206833 0.28599944710731506
Car 0.0 0 -0.37544870376586914 827.7359008789062 175.19866943359375 931.5537109375 207.1288604736328 4.5648823 1.5529034 1.690111 13.400494 1.673507 36.11034 -0.020102886483073235 0.27502888441085815
Car 0.0 0 2.6601243019104004 907.18310546875 153.47097778320312 1047.8199462890625 191.69622802734375 4.668018 1.4434646 1.6003064 14.183817 0.7118796 28.076006 3.127918004989624 0.25373658537864685
Car 0.0 0 0.407733678817749 976.494384765625 168.3397979736328 1037.489501953125 189.56651306152344 3.659352 1.5360804 1.6423162 29.734007 1.2097654 54.16005 0.9098107814788818 0.23531851172447205
Car 0.0 0 -2.5597009658813477 261.6255187988281 181.53628540039062 360.5725402832031 214.6411895751953 4.1163077 1.4841149 1.6142555 -14.155749 1.9095252 34.14193 -2.952742338180542 0.21268421411514282
Car 0.0 0 0.41547390818595886 166.63426208496094 180.03025817871094 299.8687438964844 218.9427490234375 4.215701 1.4120274 1.577609 -14.288838 1.6945418 27.443537 -0.06456723064184189 0.20554634928703308
Car 0.0 0 -0.3152877986431122 706.5787963867188 175.8809356689453 794.3743286132812 207.1799774169922 3.9069324 1.4729159 1.5651026 6.7769165 1.6251045 35.16956 -0.12492828816175461 0.17905476689338684
Car 0.0 0 0.5037049055099487 0.0 156.43801879882812 164.5037078857422 218.19337463378906 4.1388826 1.4788318 1.5735487 -13.983708 1.0860827 18.357563 -0.14726819097995758 0.17684532701969147
