Pedestrian 0.0 0 -0.09856858849525452 917.6947021484375 112.23280334472656 958.372802734375 214.17745971679688 0.6304588 1.8639537 0.70095617 6.1307373 0.7559149 13.622492 0.3243229389190674 0.23656019568443298
Pedestrian 0.0 0 -1.8279597759246826 804.7576904296875 136.779541015625 835.42236328125 199.81773376464844 1.2409422 1.8381232 0.5843022 6.248668 0.7865906 21.663692 -1.5471422672271729 0.18083414435386658
Cyclist 0.0 0 0.8246346712112427 782.8688354492188 167.82432556152344 830.801025390625 221.662353515625 1.5680555 1.678818 0.58306336 6.3000493 1.5223372 23.326601 1.088421106338501 0.15832315385341644
Cyclist 0.0 0 -1.8326935768127441 805.0060424804688 137.19430541992188 835.6307373046875 200.13446044921875 1.2529174 1.8347546 0.57459354 6.255098 0.79560494 21.6625 -1.551587462425232 0.12859447300434113
Cyclist 0.0 0 -1.8145740032196045 823.268798828125 141.37855529785156 849.1563110351562 193.10513305664062 1.703546 1.8064926 0.49148268 8.111841 0.7076059 26.06074 -1.5128130912780762 0.1177365705370903
Cyclist 0.0 0 -2.092130184173584 977.3562622070312 125.87461853027344 1024.6690673828125 195.3348388671875 1.3752472 1.8091172 0.5018897 10.49004 0.5858798 19.484226 -1.5982471704483032 0.10979728400707245
Car 0.0 0 -1.5307259559631348 539.0916748046875 173.71322631835938 567.1829833984375 199.521484375 3.777845 1.533609 1.5954134 -3.5352674 1.5897456 44.91925 -1.609266757965088 0.4898574650287628
Car 0.0 0 -1.628659725189209 595.5857543945312 173.96804809570312 617.6326904296875 193.1837615966797 3.848084 1.5330889 1.6007622 -0.33276844 1.6287677 59.763187 -1.6342277526855469 0.32806137204170227
Car 0.0 0 -0.10808033496141434 574.2893676757812 178.66175842285156 665.1427612304688 210.69186401367188 4.5416236 1.5934492 1.7171224 0.42602906 1.9031537 37.355785 -0.09667619317770004 0.16761715710163116
Car 0.0 0 0.06525923311710358 488.7564392089844 180.79183959960938 570.2432250976562 211.52978515625 4.025881 1.5063454 1.6364836 -4.084862 1.9208682 36.735332 -0.04548291862010956 0.15065953135490417
Car 0.0 0 -0.15381158888339996 589.6421508789062 177.2600860595703 691.3341674804688 217.0453643798828 4.008103 1.5816557 1.6827506 1.1826804 1.7716187 29.982256 -0.11438601464033127 0.13351161777973175
Car 0.0 0 -0.1516379415988922 568.30517578125 166.4093780517578 686.373291015625 206.05624389648438 4.3766694 1.4769579 1.6265062 0.5867531 1.2372354 27.96801 -0.13066157698631287 0.13092638552188873
Car 0.0 0 -0.10740578174591064 569.2932739257812 178.61683654785156 664.30029296875 212.9812774658203 4.2597475 1.5314137 1.6471437 0.23661254 1.807851 33.531 -0.10034936666488647 0.12218143790960312
Car 0.0 0 -0.12895634770393372 563.589599609375 160.37013244628906 696.5738525390625 208.72377014160156 4.1603146 1.5099053 1.6293834 0.5557569 1.1204383 23.557169 -0.10536888986825943 0.10204347223043442
