Car 0.0 0 1.1067713499069214 823.38720703125 174.10629272460938 1242.0 375.0 3.7102382 1.4029198 1.4975857 2.38148 1.413798 4.1651406 1.6261707544326782 0.7073484659194946
Car 0.0 0 -1.3418185710906982 453.8760986328125 173.1002197265625 542.4039306640625 229.12283325195312 3.9381204 1.3845387 1.5466082 -3.0119956 1.3923692 19.870735 -1.4922528266906738 0.66813725233078
Car 0.0 0 2.0183942317962646 550.0299682617188 169.26669311523438 593.2261962890625 189.9261016845703 4.110491 1.519369 1.6938593 -2.919275 1.2559028 55.28471 1.9656387567520142 0.6646385788917542
Car 0.0 0 1.7730802297592163 329.9455261230469 168.59909057617188 480.3231506347656 267.85626220703125 3.8787622 1.3439909 1.5696412 -3.1833024 1.2867352 11.751676 1.5085476636886597 0.5808995962142944
Car 0.0 0 1.4049988985061646 626.9111328125 167.67124938964844 671.3040161132812 196.95826721191406 4.0214534 1.4137828 1.6147912 1.9051921 1.163952 36.91796 1.4565593004226685 0.26799917221069336
Car 0.0 0 0.13000471889972687 564.0969848632812 172.4778289794922 637.424560546875 197.12747192382812 4.400205 1.5020849 1.6653512 -0.5802717 1.4795197 45.049946 0.11712479591369629 0.25645020604133606
Car 0.0 0 1.4803234338760376 669.0469360351562 166.8387908935547 698.3634643554688 191.32650756835938 3.6473608 1.6057237 1.6567885 4.9531217 1.2116482 49.14225 1.5807757377624512 0.24846406280994415
Car 0.0 0 0.8091787099838257 1138.204833984375 133.54141235351562 1242.0 177.70596313476562 3.9736536 1.7870225 1.8098004 25.29529 0.1966821 31.246305 1.4897127151489258 0.23219618201255798
Car 0.0 0 -0.32527443766593933 654.3878173828125 164.18577575683594 756.9863891601562 201.69805908203125 3.8822975 1.4832923 1.5777878 3.866404 1.1408957 29.679304 -0.1957312375307083 0.2184683233499527
Car 0.0 0 -2.965533494949341 484.17254638671875 160.5292205810547 542.8486328125 182.8813018798828 4.2040405 1.6784556 1.7520853 -7.3690147 0.7533239 55.144802 -3.098376750946045 0.20964860916137695
Car 0.0 0 -1.8661649227142334 620.6339721679688 165.04953002929688 656.8593139648438 187.64022827148438 3.9589808 1.6547452 1.6718273 2.121401 1.0834335 54.976048 -1.8275963068008423 0.20937035977840424
Car 0.0 0 1.4085907936096191 691.2278442382812 166.72210693359375 756.9943237304688 214.07723999023438 3.4175956 1.4646609 1.6155227 3.6782625 1.2753639 24.030949 1.560475468635559 0.19525113701820374
Car 0.0 0 2.193466901779175 13.200032234191895 143.08193969726562 219.64935302734375 235.28842163085938 3.775773 1.6761235 1.6356926 -10.065617 1.1352866 15.026764 1.6032664775848389 0.19208264350891113
