Pedestrian 0.0 0 1.3994629383087158 807.1801147460938 93.38591766357422 862.216796875 216.68600463867188 0.75481385 1.8508631 0.69681066 3.4341838 0.6583221 11.246199 1.695833444595337 0.4238233268260956
Car 0.0 0 2.013089656829834 219.36561584472656 177.7236785888672 314.86102294921875 218.61216735839844 4.1718264 1.4019135 1.6312634 -12.889583 1.6007618 27.320326 1.5722599029541016 0.8683710694313049
Car 0.0 0 1.4523794651031494 567.5936889648438 169.14862060546875 613.156982421875 203.47213745117188 3.6249225 1.4710276 1.6444826 -0.9856804 1.3125817 32.83485 1.422369122505188 0.6978956460952759
Car 0.0 0 -2.568369150161743 308.2970886230469 179.351318359375 395.32110595703125 211.17088317871094 3.9024074 1.5414394 1.6397442 -13.149369 1.8834765 36.699596 -2.912416696548462 0.559223473072052
Car 0.0 0 -1.4351834058761597 485.40606689453125 174.79965209960938 529.00146484375 206.9589385986328 3.795046 1.4956949 1.637241 -5.0652876 1.5974209 35.687256 -1.5761771202087402 0.4237442910671234
Car 0.0 0 2.0816240310668945 367.2358703613281 175.2737274169922 421.8223571777344 201.41018676757812 3.739652 1.518039 1.5838732 -13.19235 1.6735793 44.273087 1.7920243740081787 0.3821372389793396
Car 0.0 0 3.5003762245178223 290.7716979980469 182.77499389648438 384.89501953125 216.45989990234375 3.712229 1.4890233 1.6466029 -12.511885 1.9573457 33.20533 3.1400253772735596 0.3617919385433197
Car 0.0 0 -3.01483154296875 520.12353515625 159.00135803222656 660.9571533203125 205.5539093017578 4.414462 1.4494845 1.6264288 -0.6217917 1.0185193 23.493568 -3.0412919521331787 0.3322288393974304
Car 0.0 0 -3.119581699371338 538.2454833984375 161.6057586669922 665.495361328125 204.78948974609375 4.3459473 1.4733833 1.638979 -0.31639165 1.0899631 25.455637 -3.1320102214813232 0.2951989769935608
Car 0.0 0 -2.6726372241973877 325.5977478027344 183.83375549316406 390.90020751953125 208.0369415283203 3.7169993 1.517913 1.594738 -16.485167 2.2527478 47.226654 -3.0084786415100098 0.2118590921163559
Car 0.0 0 1.9210450649261475 325.731201171875 175.4545135498047 369.4538879394531 201.08840942382812 4.147516 1.7777183 1.6705201 -19.070957 1.9748998 52.532654 1.5728092193603516 0.2082136869430542
