Pedestrian 0.0 0 -2.005843162536621 1213.5772705078125 134.43011474609375 1242.0 194.23248291015625 0.9077598 1.8724641 0.6648637 19.93136 0.66973686 23.116611 -1.2943034172058105 0.301800012588501
Pedestrian 0.0 0 -1.336463212966919 786.0748901367188 156.86599731445312 817.5862426757812 219.75050354003906 0.9128868 1.8294872 0.7193772 5.6914253 1.3647093 21.561075 -1.0783823728561401 0.25837957859039307
Pedestrian 0.0 0 -0.11032216250896454 739.6273193359375 163.86085510253906 757.9486694335938 192.25286865234375 1.1717614 1.9124001 0.4892715 9.370482 1.3070066 48.888016 0.07905340194702148 0.2544878423213959
Pedestrian 0.0 0 -0.7292110919952393 824.2921752929688 125.89104461669922 882.0411376953125 218.61663818359375 0.8663208 1.7992843 0.67936957 4.8248577 0.8883543 14.481825 -0.40761080384254456 0.21335846185684204
Pedestrian 0.0 0 -1.9412872791290283 688.6021728515625 161.47946166992188 711.7239379882812 200.0167236328125 1.5946752 1.8033481 0.558205 4.2743144 1.2714354 34.602985 -1.818385362625122 0.11323998868465424
Cyclist 0.0 0 -1.8579425811767578 689.6559448242188 161.574951171875 709.9044189453125 199.9893035888672 1.5746961 1.798432 0.53679854 4.256331 1.2707427 34.597954 -1.7355350255966187 0.2948392629623413
Cyclist 0.0 0 -1.9185762405395508 1211.629150390625 128.7434539794922 1242.0 187.66395568847656 1.4300956 1.8377826 0.5200113 19.978958 0.46229342 23.263443 -1.2089877128601074 0.27538859844207764
Cyclist 0.0 0 -1.8966257572174072 675.3140869140625 169.9190216064453 689.5184936523438 195.90679931640625 1.6198722 1.7511674 0.47335398 4.9273806 1.5537529 49.45993 -1.7973296642303467 0.25421038269996643
Cyclist 0.0 0 1.4740355014801025 830.2833862304688 126.96519470214844 871.706787109375 221.87525939941406 1.1672662 1.8093965 0.66894805 4.739603 0.93491507 14.3957 1.7920951843261719 0.10448414087295532
Car 0.0 0 0.4948558509349823 0.0 171.99351501464844 155.76516723632812 220.6541748046875 4.218116 1.4271975 1.5406932 -16.693031 1.4023178 22.234823 -0.1491319239139557 0.45763885974884033
Car 0.0 0 0.88433438539505 1109.8175048828125 164.73922729492188 1188.0614013671875 194.58139038085938 4.507325 1.9490399 1.8490237 36.76347 1.4194087 49.41655 1.523952603340149 0.4534088671207428
Car 0.0 0 -2.373504161834717 188.24267578125 178.60317993164062 288.8623962402344 213.50213623046875 4.041877 1.4750335 1.5733684 -16.64144 1.7431662 32.268585 -2.8496456146240234 0.30764955282211304
Car 0.0 0 -2.5788559913635254 93.84222412109375 176.76211547851562 240.158935546875 218.1059112548828 4.726532 1.566233 1.7045981 -17.386236 1.7251148 28.381557 -3.128480911254883 0.26103898882865906
Car 0.0 0 1.4009872674942017 693.523193359375 163.47430419921875 731.34423828125 189.46031188964844 4.172661 1.5887225 1.7089407 6.4767313 1.015628 46.22187 1.5402034521102905 0.2165200412273407
Car 0.0 0 -2.3751883506774902 221.66847229003906 174.5118408203125 318.4205322265625 205.54434204101562 4.641225 1.5307674 1.7016985 -17.609285 1.6203961 37.30254 -2.8162405490875244 0.20631837844848633
Car 0.0 0 -0.9960832595825195 301.49420166015625 176.25360107421875 360.095703125 201.55894470214844 3.8327897 1.4923083 1.5913616 -17.42888 1.7149384 45.1343 -1.3645985126495361 0.1572018414735794
Car 0.0 0 0.6214333772659302 0.0 181.18357849121094 92.86808013916016 240.07411193847656 4.017507 1.4834769 1.543094 -16.54777 1.7184312 19.378902 -0.08532421290874481 0.1535211205482483
