Pedestrian 0.0 0 2.620333433151245 647.3963012695312 156.43577575683594 663.2374267578125 193.17538452148438 0.67125887 1.9350427 0.5195745 2.3734436 1.0706676 38.381706 2.6820926666259766 0.17617705464363098
Car 0.0 0 2.01165771484375 255.0459442138672 168.8810272216797 324.6556701660156 199.82760620117188 3.884255 1.4566951 1.6687844 -15.885611 1.2700402 35.92294 1.5952978134155273 0.7219226956367493
Car 0.0 0 -0.8247935175895691 15.935521125793457 150.08653259277344 117.28912353515625 195.61221313476562 3.4595335 1.8932017 1.6625073 -23.882116 0.9467665 31.808056 -1.46881902217865 0.3853035867214203
Car 0.0 0 2.2241766452789307 0.0 164.87347412109375 47.62502670288086 205.27618408203125 3.4150486 1.6674482 1.8204987 -26.801666 1.3384441 31.527466 1.51962149143219 0.26616957783699036
Car 0.0 0 0.9752290844917297 854.4222412109375 6.597436428070068 1242.0 231.42173767089844 4.010805 1.5518594 1.6535219 3.974792 0.4046243 7.0439653 1.4889721870422363 0.2529761493206024
Car 0.0 0 2.960951328277588 633.9912719726562 166.8362579345703 742.7911376953125 206.3549346923828 3.9379056 1.4672232 1.5345055 2.9203343 1.2441585 27.699804 3.065991163253784 0.25147196650505066
Car 0.0 0 1.307058572769165 825.9501953125 165.63018798828125 910.9351196289062 217.58990478515625 3.571543 1.4631921 1.5589206 7.78172 1.2601266 22.154385 1.6448462009429932 0.21737758815288544
Car 0.0 0 2.929682731628418 331.9687194824219 173.2874298095703 406.8211669921875 198.86752319335938 4.269673 1.5584412 1.5782709 -15.278178 1.5873622 45.78191 2.6075873374938965 0.20827805995941162
Car 0.0 0 -0.22482796013355255 617.7205200195312 171.43397521972656 679.9942626953125 197.2040252685547 3.4356756 1.495119 1.564628 2.2575986 1.41309 42.92442 -0.1722816377878189 0.20569315552711487
Car 0.0 0 1.2287929058074951 182.38491821289062 171.5539093017578 234.29669189453125 195.8309783935547 4.1444573 1.4820327 1.5903232 -25.672642 1.4030246 46.008728 0.719832181930542 0.19463719427585602
Car 0.0 0 2.731645345687866 308.0137634277344 173.42457580566406 378.60626220703125 196.52224731445312 4.4449635 1.5754417 1.6182688 -18.995028 1.6181544 51.438026 2.377898931503296 0.17547230422496796
Car 0.0 0 -3.1232266426086426 613.716064453125 176.8346710205078 670.7041015625 198.72653198242188 3.9158695 1.491974 1.5522249 2.2293675 1.7753184 50.394688 -3.079017400741577 0.1593468338251114
Car 0.0 0 -0.18207985162734985 0.0 180.35243225097656 136.69468688964844 234.82815551757812 3.959155 1.4474342 1.5206157 -16.80195 1.6939006 21.696741 -0.8410148024559021 0.1473061442375183
