Pedestrian 0.0 0 -1.872507095336914 778.539306640625 152.62762451171875 830.8526611328125 249.95498657226562 0.7753026 1.9023397 0.8156238 4.033498 1.3392574 14.437229 -1.6000717878341675 0.688290536403656
Pedestrian 0.0 0 -1.6199939250946045 462.5722961425781 167.15357971191406 482.59765625 214.9346160888672 0.56280416 1.7843447 0.7180266 -4.898385 1.249623 27.17816 -1.7983119487762451 0.4712502956390381
Pedestrian 0.0 0 -0.7278693914413452 551.803955078125 162.72523498535156 573.088134765625 202.69961547851562 0.73973113 1.8197409 0.6460385 -1.8124418 0.9659976 33.18777 -0.7824269533157349 0.309813916683197
Pedestrian 0.0 0 2.660919189453125 405.49493408203125 120.55432891845703 458.8525695800781 229.4886932373047 0.6355134 1.7945676 0.70297813 -2.9439688 0.79184663 12.304861 2.4260811805725098 0.22915206849575043
Pedestrian 0.0 0 -3.4527602195739746 991.816650390625 129.54693603515625 1127.636474609375 319.88775634765625 0.849988 1.632216 0.7994391 4.146894 1.1880915 6.648615 -2.8950798511505127 0.21777956187725067
Pedestrian 0.0 0 1.632058024406433 814.1542358398438 125.13616180419922 844.0042724609375 203.22190856933594 0.8912446 1.9142259 0.66741633 5.7231264 0.5336905 18.142601 1.937630295753479 0.18273964524269104
Pedestrian 0.0 0 -0.3644143342971802 1042.864990234375 84.40899658203125 1126.449462890625 256.4477233886719 0.5721034 1.8002868 0.62758434 5.235134 0.78564686 7.8833785 0.22179007530212402 0.17956019937992096
Pedestrian 0.0 0 -2.876490354537964 502.3794860839844 171.05361938476562 519.0377197265625 209.0857696533203 0.6406529 1.8184536 0.6939386 -4.3926935 1.3198807 34.73164 -3.0022976398468018 0.15624448657035828
Cyclist 0.0 0 -1.1917568445205688 426.2579345703125 114.67991638183594 486.87255859375 219.65859985351562 1.5758175 1.8359513 0.5676545 -2.7098596 0.6686242 13.386099 -1.3914958238601685 0.20109698176383972
Cyclist 0.0 0 2.080781936645508 104.9411392211914 104.78067779541016 193.35421752929688 232.79225158691406 1.4118307 1.8666316 0.54827064 -7.047182 0.7492419 11.191167 1.518803358078003 0.1889975219964981
Car 0.0 0 1.5790239572525024 563.9482421875 162.65293884277344 617.8402099609375 208.89517211914062 3.944493 1.3673456 1.593853 -0.35425195 0.81118184 23.215778 1.5637660026550293 0.7332134246826172
Car 0.0 0 -1.7270867824554443 652.61279296875 137.61683654785156 719.8381958007812 189.35537719726562 3.8390472 1.6246104 1.679554 2.7809947 0.24776885 24.507456 -1.614094614982605 0.2897805869579315
Car 0.0 0 -0.06620015949010849 596.0831909179688 176.8556365966797 679.5078735351562 209.02056884765625 3.8919547 1.504665 1.6542374 1.6888299 1.2883221 34.4614 -0.01723291352391243 0.25646519660949707
Car 0.0 0 -3.1824731826782227 598.4278564453125 171.2062530517578 670.1820068359375 199.35287475585938 3.8042092 1.492232 1.6037505 1.7414082 0.94733715 38.890114 -3.137725353240967 0.2141423523426056
Car 0.0 0 1.1525800228118896 1067.1624755859375 101.08941650390625 1238.0 227.4703826904297 3.5984662 1.5827442 1.5618043 8.615137 0.5770511 10.929803 1.8200993537902832 0.20661872625350952
Car 0.0 0 0.6509469747543335 0.0 0.0 1238.0 374.0 3.5201766 1.5008754 1.5002487 1.7330602 1.025088 0.35996285 2.016951560974121 0.15129342675209045
