Pedestrian 0.0 0 2.5917606353759766 372.0910949707031 178.10841369628906 385.4884948730469 204.46340942382812 0.68114513 1.7870489 0.5651482 -15.9048605 2.1514204 49.541348 2.2811126708984375 0.31432896852493286
Pedestrian 0.0 0 -0.1650095283985138 381.3331604003906 150.7833251953125 403.4920654296875 203.45657348632812 0.6671472 1.8930951 0.7120356 -8.007361 1.1002253 26.396612 -0.4595350921154022 0.27215373516082764
Cyclist 0.0 0 2.0090839862823486 373.2290954589844 179.96510314941406 386.49090576171875 205.5425567626953 0.80543375 1.7384171 0.5847552 -15.884916 2.2331011 49.717827 1.6998332738876343 0.10691642761230469
Car 0.0 0 -1.3459781408309937 411.1770935058594 169.2660369873047 457.49298095703125 199.27647399902344 3.337704 1.4439139 1.5660819 -8.844469 1.2716416 36.392464 -1.5843863487243652 0.48781707882881165
Car 0.0 0 1.775670051574707 469.5968933105469 173.66664123535156 497.8758850097656 191.62474060058594 4.4179964 1.6402404 1.7780479 -11.934704 1.7200876 68.33911 1.6027742624282837 0.3710853159427643
Car 0.0 0 0.5595899224281311 0.0 162.13307189941406 189.78286743164062 217.45578002929688 4.361435 1.4811326 1.6418753 -14.535384 1.1944637 20.270258 -0.06250697374343872 0.26842373609542847
Car 0.0 0 3.6451966762542725 0.0 171.07794189453125 160.3126678466797 231.45989990234375 3.9166696 1.448389 1.5929087 -13.995018 1.4061446 18.379883 2.994419574737549 0.22524715960025787
Car 0.0 0 0.14427879452705383 443.66748046875 176.52479553222656 546.3060913085938 211.67562866210938 4.242765 1.4869175 1.5988705 -5.006367 1.6518523 31.519323 -0.01324019767343998 0.19448743760585785
Car 0.0 0 -2.895801544189453 460.07421875 177.47625732421875 557.3235473632812 211.55421447753906 4.448346 1.6079714 1.700179 -4.970085 1.8421661 35.417873 -3.0352182388305664 0.15634487569332123
Car 0.0 0 1.8390169143676758 281.1589660644531 162.0443572998047 350.7221984863281 203.60623168945312 3.110692 1.4781162 1.6721363 -11.091479 1.0940377 27.300943 1.4531193971633911 0.14389397203922272
Car 0.0 0 2.499110698699951 81.75186157226562 185.0806121826172 171.86227416992188 223.04368591308594 3.1674616 1.620542 1.6043962 -22.527079 2.2216954 33.69203 1.9097586870193481 0.14326997101306915
Car 0.0 0 1.118938684463501 1140.20703125 156.51278686523438 1220.6475830078125 188.89205932617188 3.6573038 1.4799167 1.6117524 27.47227 0.73338866 34.933914 1.7853360176086426 0.14215372502803802
