Pedestrian 0.0 0 -0.9788525104522705 0.0 135.89268493652344 125.8320083618164 375.0 0.49177572 1.7632545 0.7115537 -3.3222837 1.568085 4.0911374 -1.6609090566635132 0.3131588101387024
Cyclist 0.0 0 1.3728222846984863 714.9100341796875 126.57694244384766 755.8824462890625 213.2859649658203 1.5384786 1.8318114 0.5985113 2.7126749 0.8545219 16.018362 1.5405784845352173 0.1719660609960556
Cyclist 0.0 0 1.7492414712905884 452.3907165527344 141.6873779296875 475.0315856933594 193.7084503173828 1.4526107 1.8131526 0.54931545 -5.27982 0.7272231 25.878254 1.547978401184082 0.1677519679069519
Car 0.0 0 1.7265863418579102 427.9892272949219 174.10641479492188 509.1074523925781 226.60499572753906 4.0071335 1.2687906 1.5457835 -3.769223 1.3066294 19.561338 1.5362318754196167 0.8349640369415283
Car 0.0 0 1.7682459354400635 466.1375732421875 174.01296997070312 535.7722778320312 219.6426239013672 4.312576 1.4647297 1.6093816 -3.791041 1.5095164 25.463888 1.6204524040222168 0.5874489545822144
Car 0.0 0 -2.412813186645508 937.394287109375 0.0 1242.0 349.8653259277344 3.3038857 1.7466472 1.6656411 3.9244852 0.76286346 4.8710494 -1.7346210479736328 0.3036906123161316
Car 0.0 0 0.18096715211868286 534.0489501953125 166.922119140625 641.8663940429688 201.15135192871094 4.4135914 1.4158471 1.5655501 -0.9532698 1.1708405 30.946829 0.15017342567443848 0.20563733577728271
Car 0.0 0 -0.039636701345443726 0.0 56.756385803222656 716.70263671875 375.0 3.8345592 1.4734133 1.5722367 -1.4885404 0.99886894 4.371691 -0.3678191304206848 0.19172780215740204
Car 0.0 0 0.26056525111198425 407.6752014160156 164.58509826660156 483.0779113769531 193.51242065429688 3.5938225 1.4976375 1.6494551 -8.72271 1.0698942 38.242397 0.03631162643432617 0.17723511159420013
Car 0.0 0 1.9512518644332886 306.1873474121094 161.46336364746094 435.442626953125 231.9034881591797 3.9544744 1.4802302 1.5470581 -5.574597 1.2412252 17.184103 1.6375588178634644 0.156869575381279
Car 0.0 0 -0.20611979067325592 645.310302734375 168.7822265625 714.573974609375 194.26902770996094 4.110591 1.5747638 1.6293627 4.3621163 1.3235373 45.61615 -0.11078310757875443 0.15406790375709534
Car 0.0 0 -3.079395294189453 532.3077392578125 158.35000610351562 646.356689453125 195.56101989746094 4.390368 1.4264969 1.5979798 -0.8163215 0.8708393 28.529911 -3.1080002784729004 0.14786691963672638
Car 0.0 0 3.021925926208496 553.905029296875 169.8289337158203 639.0853881835938 198.90924072265625 4.238878 1.4592685 1.6001371 -0.76440626 1.3078268 37.292797 3.001431465148926 0.14389994740486145
Car 0.0 0 -3.099510431289673 532.8724365234375 154.2056884765625 653.3671875 194.75149536132812 4.3235183 1.4517965 1.5662078 -0.6384542 0.78442705 26.655048 -3.1234583854675293 0.13332997262477875
