Pedestrian 0.0 0 -0.31143254041671753 830.4874267578125 151.4931182861328 844.1647338867188 193.40208435058594 0.39997473 1.9461459 0.7531506 10.632839 0.9545586 33.881668 -0.0073430221527814865 0.5097622275352478
Car 0.0 0 -1.7825074195861816 577.7808837890625 174.8943328857422 642.0317993164062 218.23388671875 3.6397147 1.4119192 1.5352639 -0.11932211 1.4902486 25.62865 -1.7871631383895874 0.7179422974586487
Car 0.0 0 -0.108611561357975 514.9310913085938 183.28695678710938 588.6277465820312 213.5298309326172 3.668312 1.4938598 1.6337961 -3.0927122 2.0542777 37.580963 -0.19072118401527405 0.613564133644104
Car 0.0 0 -2.0032293796539307 687.29150390625 169.3809051513672 887.1150512695312 281.86041259765625 3.5584803 1.4014326 1.5146428 2.4029634 1.3585175 10.887135 -1.785996437072754 0.575575053691864
Car 0.0 0 -0.8825792670249939 635.8712158203125 170.36865234375 709.870361328125 202.3756561279297 3.9689174 1.5621202 1.6596559 3.2483265 1.4411793 37.210453 -0.7955039143562317 0.543199896812439
Car 0.0 0 2.3482580184936523 521.544921875 176.5591583251953 590.1133422851562 203.48854064941406 3.875693 1.4273612 1.6105471 -3.0520618 1.6474638 40.790817 2.2735748291015625 0.5166640877723694
Car 0.0 0 2.063007116317749 696.8394165039062 174.00218200683594 757.8017578125 201.69358825683594 4.0730004 1.4653033 1.6463932 6.592901 1.5334357 40.4706 2.224494457244873 0.46368008852005005
Car 0.0 0 -3.2035350799560547 847.887939453125 181.13087463378906 895.7188720703125 199.9342041015625 3.7385197 1.539683 1.6191285 22.260777 2.2608235 61.52896 -2.8563926219940186 0.36368465423583984
Car 0.0 0 1.244815707206726 270.3247375488281 169.3005828857422 323.799072265625 197.98165893554688 4.3365164 1.6970942 1.7495797 -19.538609 1.487192 44.885384 0.8342533111572266 0.34248244762420654
Car 0.0 0 2.154508113861084 231.0945587158203 172.51495361328125 289.5810852050781 196.99114990234375 4.127438 1.6426704 1.6959822 -24.463291 1.6202728 50.579834 1.7040202617645264 0.25383642315864563
Car 0.0 0 -1.1355782747268677 792.0770263671875 169.3108673095703 842.6333618164062 195.38827514648438 3.9891655 1.6019322 1.5884956 13.323217 1.3846357 46.347958 -0.8556647300720215 0.2531143128871918
Car 0.0 0 -3.165677547454834 629.8762817382812 175.20132446289062 723.8824462890625 214.13438415527344 3.8668523 1.5947484 1.6578934 2.766686 1.6978418 30.622171 -3.075572967529297 0.24290551245212555
