Car 0.0 0 2.12355375289917 49.627716064453125 173.89088439941406 206.720947265625 233.6771240234375 3.9582694 1.4264488 1.6460823 -12.709865 1.4574025 19.284903 1.5408374071121216 0.6026363968849182
Car 0.0 0 -1.1310200691223145 394.2318115234375 174.66989135742188 435.7988586425781 194.44058227539062 4.2717986 1.5328764 1.5923942 -15.8025255 1.6863488 58.594463 -1.3944458961486816 0.4514600932598114
Car 0.0 0 2.1523048877716064 199.24856567382812 171.08106994628906 267.6351318359375 200.06849670410156 3.9221194 1.6115217 1.659578 -21.942 1.5133158 42.14534 1.6722921133041382 0.41810792684555054
Car 0.0 0 -2.5989434719085693 205.9593963623047 179.9807586669922 326.6553649902344 217.97930908203125 4.196099 1.4731492 1.6334475 -13.9829 1.7737002 29.371092 -3.0432701110839844 0.40650734305381775
Car 0.0 0 -2.555377721786499 207.2483367919922 174.36676025390625 305.7575378417969 208.02871704101562 3.8216937 1.4973906 1.6125898 -16.286358 1.5696347 33.23602 -3.0110106468200684 0.2965770661830902
Car 0.0 0 -2.613656997680664 180.7701873779297 186.43858337402344 308.26251220703125 229.10923767089844 3.9230437 1.4804853 1.568648 -13.411263 1.996825 26.503788 -3.0821034908294678 0.2679292559623718
Car 0.0 0 -0.7740272283554077 0.0 174.57012939453125 107.57978057861328 213.02493286132812 3.6255736 1.541165 1.6170048 -23.848764 1.6197836 30.993235 -1.42988121509552 0.18301080167293549
Car 0.0 0 2.534790277481079 0.0 180.07154846191406 68.2900390625 227.99624633789062 3.6390092 1.5825255 1.5888395 -22.2531 1.8664132 26.378168 1.8340128660202026 0.17919102311134338
Car 0.0 0 3.699690341949463 0.0 184.32516479492188 94.62960052490234 233.7544708251953 3.6617582 1.4856198 1.5830992 -19.046179 1.8707759 23.17937 3.0118649005889893 0.17477087676525116
Car 0.0 0 2.01743483543396 275.84832763671875 172.3064422607422 333.3590393066406 200.30357360839844 4.2486906 1.6897253 1.6846831 -19.29565 1.657036 45.706303 1.617966890335083 0.16550731658935547
Car 0.0 0 3.768134355545044 0.0 184.4587860107422 110.18403625488281 236.63211059570312 3.7398944 1.4568269 1.5506079 -17.308563 1.8155893 21.407387 3.088212490081787 0.14882715046405792
