Pedestrian 0.0 0 1.552138328552246 955.7202758789062 153.8622283935547 986.152099609375 217.7774200439453 0.8305397 1.7557869 0.75007933 10.124495 1.2344301 20.354237 2.0137155055999756 0.6112053394317627
Cyclist 0.0 0 -1.7942891120910645 493.3627624511719 173.0349884033203 540.744384765625 222.71597290039062 1.8599336 1.4875534 1.0859221 -2.989081 1.493864 22.669964 -1.9253848791122437 0.24649831652641296
Cyclist 0.0 0 1.773135781288147 547.6153564453125 173.05673217773438 567.4122924804688 212.9483642578125 1.357867 1.7078128 0.60647213 -2.3311787 1.7172525 31.606709 1.69951331615448 0.21662667393684387
Cyclist 0.0 0 -1.9230972528457642 633.84619140625 173.19007873535156 689.2282104492188 230.82252502441406 1.8494077 1.6992993 1.1362066 1.5210738 1.7105476 22.331015 -1.855087399482727 0.16087312996387482
Car 0.0 0 1.8543884754180908 328.0201416015625 170.54176330566406 524.7937622070312 294.9050598144531 3.6892545 1.3352085 1.5174232 -2.2583656 1.3107414 9.62627 1.6239514350891113 0.8081367611885071
Car 0.0 0 3.126469135284424 565.2443237304688 175.94204711914062 660.8821411132812 207.52923583984375 4.468056 1.4671847 1.6070664 0.095731825 1.6187876 34.505318 3.1292436122894287 0.4619671404361725
Car 0.0 0 3.1498167514801025 541.6273803710938 171.93218994140625 656.51806640625 211.09854125976562 4.202359 1.4317681 1.5602552 -0.4485261 1.3984284 27.171343 3.1333110332489014 0.4039619565010071
Car 0.0 0 0.2539045214653015 283.72552490234375 169.17515563964844 414.0017395019531 208.16390991210938 4.444598 1.4426925 1.5954243 -9.976863 1.3069232 27.694382 -0.09187112748622894 0.35050931572914124
Car 0.0 0 0.3602839708328247 271.5174255371094 159.54290771484375 402.11236572265625 202.42034912109375 4.0792837 1.4894228 1.5911663 -9.763271 1.027397 25.858215 -0.0007374323904514313 0.2549062669277191
Car 0.0 0 3.107454776763916 564.78125 170.97552490234375 660.2943115234375 201.06422424316406 4.9212465 1.5459762 1.721165 0.07100221 1.4498165 38.009834 3.1093227863311768 0.22895854711532593
Car 0.0 0 -2.83819842338562 976.6599731445312 164.1417999267578 1049.66015625 190.1343994140625 3.6301622 1.5435789 1.6250956 24.919172 1.0265603 44.722042 -2.329843282699585 0.1733395904302597
Car 0.0 0 -2.7686219215393066 343.1304931640625 181.59458923339844 424.3612976074219 210.108154296875 3.9611816 1.5145742 1.6289734 -12.495777 2.0092642 39.855095 -3.0724451541900635 0.15489712357521057
Car 0.0 0 0.27675172686576843 235.1200408935547 170.56631469726562 381.7431945800781 219.74319458007812 3.9458654 1.4679629 1.5874696 -9.370334 1.4000319 22.554272 -0.11700836569070816 0.1507740616798401
Car 0.0 0 -1.6253281831741333 981.9850463867188 165.96087646484375 1009.9360961914062 187.5480499267578 4.0865984 1.6320773 1.7127787 30.296333 1.1112864 56.762257 -1.1350536346435547 0.1506720632314682
Car 0.0 0 -0.11822904646396637 529.3046264648438 162.64259338378906 657.01025390625 209.59442138671875 4.0517683 1.4800022 1.5838674 -0.6447312 1.1584791 23.818254 -0.14529122412204742 0.14808246493339539
