Pedestrian 0.0 0 -1.0417451858520508 146.8504638671875 126.46514129638672 205.633544921875 223.68968200683594 0.7758891 1.8617224 0.69682807 -8.577214 0.97379434 14.206577 -1.5849170684814453 0.48428574204444885
Pedestrian 0.0 0 1.262105941772461 454.2792053222656 171.91769409179688 473.06549072265625 212.20388793945312 0.70046073 1.8455315 0.6737523 -6.8398976 1.8029969 33.521385 1.0608232021331787 0.3018902540206909
Pedestrian 0.0 0 -2.2897396087646484 1104.235107421875 112.06027221679688 1242.0 375.0 0.77079886 1.8607537 0.704274 3.0056014 1.5934616 3.5657663 -1.589379072189331 0.27955499291419983
Pedestrian 0.0 0 0.6094441413879395 1146.762939453125 80.24755859375 1242.0 222.1436309814453 1.2203131 1.8082368 0.62406343 8.12565 0.6284747 9.863681 1.2985267639160156 0.21145939826965332
Cyclist 0.0 0 -1.434502124786377 0.0 95.17259979248047 49.98772048950195 248.05323791503906 1.5858574 1.7684889 0.47212055 -7.554645 0.87024575 9.142292 -2.1250991821289062 0.17624007165431976
Cyclist 0.0 0 0.6582481265068054 1149.6680908203125 79.63725280761719 1242.0 225.72879028320312 1.3987986 1.8242188 0.5844806 8.14283 0.6605957 9.752868 1.3539199829101562 0.17264486849308014
Car 0.0 0 1.8226006031036377 366.2450866699219 173.3385772705078 483.8432312011719 243.13934326171875 3.8908556 1.3570957 1.5888851 -3.9950702 1.3695142 16.003862 1.577968716621399 0.729168176651001
Car 0.0 0 2.0615904331207275 0.0 183.5937042236328 244.7149658203125 375.0 3.8611405 1.3872973 1.4863819 -3.7639225 1.4863181 4.587389 1.3744778633117676 0.5975766181945801
Car 0.0 0 1.6685553789138794 485.286376953125 171.025634765625 531.6686401367188 204.90716552734375 4.071075 1.3623358 1.5879658 -4.3473115 1.289177 31.075949 1.5295642614364624 0.43941763043403625
Car 0.0 0 3.548374652862549 198.90460205078125 150.42608642578125 316.3302001953125 195.24411010742188 3.4567347 1.5584507 1.5717863 -12.649729 0.7789263 25.952974 3.0948500633239746 0.3313649892807007
Car 0.0 0 -1.597667932510376 613.2640991210938 173.932373046875 663.982421875 220.4876708984375 3.65625 1.4426296 1.5775936 0.8598245 1.4820151 24.27565 -1.5622634887695312 0.2925979495048523
Car 0.0 0 -1.2613255977630615 341.96282958984375 137.58726501464844 413.72467041015625 183.0158233642578 4.3139005 1.8655801 1.775919 -10.160977 0.4176659 31.785091 -1.5707359313964844 0.1773509681224823
Car 0.0 0 0.2808014750480652 529.6231689453125 165.42562866210938 624.42041015625 196.3863067626953 4.551057 1.5212033 1.6407055 -1.7006929 1.1565804 36.775665 0.2345893383026123 0.1702803373336792
Car 0.0 0 0.25862225890159607 512.46484375 164.4624786376953 631.1062622070312 203.2744140625 4.4251065 1.4711703 1.6397259 -1.5283768 1.1534469 28.600786 0.20523476600646973 0.16184775531291962
