Car 0.0 0 1.7765097618103027 435.5809020996094 176.56790161132812 496.791259765625 214.27891540527344 4.4445343 1.4202996 1.6049374 -5.8963323 1.5857579 29.84237 1.581439733505249 0.7728020548820496
Car 0.0 0 2.0310580730438232 104.70249938964844 178.01263427734375 332.33441162109375 281.03564453125 3.8907757 1.3334541 1.578176 -5.9808297 1.4300177 11.493089 1.5512359142303467 0.734579861164093
Car 0.0 0 -1.7122763395309448 660.6985473632812 174.00880432128906 713.0790405273438 211.49095153808594 3.7778385 1.4212815 1.5900937 3.0232909 1.4717588 29.393854 -1.6097822189331055 0.6463969945907593
Car 0.0 0 1.9070003032684326 358.3160705566406 179.45652770996094 458.58135986328125 231.9364776611328 4.412084 1.4242904 1.6211249 -6.1558814 1.6503227 22.403297 1.6388425827026367 0.6316695809364319
Car 0.0 0 -3.5662729740142822 885.46533203125 142.70367431640625 1078.865966796875 204.40835571289062 4.0079765 1.4744787 1.6270512 9.188472 0.75437254 18.140162 -3.0974178314208984 0.6163434386253357
Car 0.0 0 2.6034231185913086 862.7301025390625 145.31752014160156 1011.5433959960938 198.58935546875 3.6380825 1.4637469 1.530336 9.325526 0.7074867 20.794487 3.0249969959259033 0.6053223609924316
Car 0.0 0 1.3985768556594849 672.193359375 166.4344482421875 742.5619506835938 212.4910430908203 4.132922 1.3994156 1.612735 3.0980709 1.2047175 24.020855 1.5268429517745972 0.5424981117248535
Car 0.0 0 2.366410493850708 0.0 187.1041259765625 195.8602752685547 375.0 3.569472 1.3987987 1.497806 -5.679197 1.5644648 6.5287447 1.650490164756775 0.4631357789039612
Car 0.0 0 -0.48342955112457275 821.9392700195312 159.24801635742188 960.715576171875 206.27398681640625 3.84672 1.4349643 1.5435208 8.871479 1.0201454 23.002436 -0.11533243209123611 0.4412168860435486
Car 0.0 0 1.9405990839004517 261.8927001953125 182.56021118164062 399.9794616699219 256.4070129394531 3.8144338 1.3906506 1.5646363 -6.057913 1.6320344 16.00123 1.5786843299865723 0.33555689454078674
Car 0.0 0 -0.7220298051834106 1187.1256103515625 130.43258666992188 1242.0 174.7423553466797 4.3028474 1.5253229 1.6424754 23.328058 0.06536304 25.689438 0.01523137092590332 0.3355390131473541
