Pedestrian 0.0 0 2.7383792400360107 687.609375 147.4476318359375 708.5946044921875 194.04173278808594 0.65791535 1.893733 0.6429483 3.584813 0.861495 29.72343 2.858405113220215 0.263750284910202
Pedestrian 0.0 0 -0.3849642872810364 753.5917358398438 120.52569580078125 797.6871337890625 206.88926696777344 0.72214156 1.8120878 0.6770809 3.5068061 0.7144886 15.529226 -0.16286975145339966 0.26282596588134766
Car 0.0 0 2.1063051223754883 51.392208099365234 176.9016571044922 337.2956848144531 299.1035461425781 4.2040935 1.4059846 1.6488851 -5.7354684 1.477627 10.572279 1.609237790107727 0.7530987858772278
Car 0.0 0 1.8715450763702393 284.4992370605469 181.92959594726562 410.7567138671875 253.99493408203125 3.90776 1.3762628 1.5678581 -5.790337 1.6061541 16.261244 1.529462218284607 0.7194445133209229
Car 0.0 0 -1.9289934635162354 757.10791015625 156.6827850341797 984.3046875 279.8096923828125 4.0689 1.3606507 1.5363727 3.2592902 1.1823037 10.037239 -1.6150150299072266 0.644705057144165
Car 0.0 0 -1.719731330871582 656.118896484375 169.81109619140625 700.619140625 200.00108337402344 3.808888 1.359353 1.5542458 3.1667197 1.2226994 34.431442 -1.6280176639556885 0.6325404047966003
Car 0.0 0 1.3191410303115845 692.7417602539062 172.4922637939453 783.6460571289062 225.93798828125 3.9123654 1.3290137 1.519239 3.3789382 1.3203765 19.952398 1.4868993759155273 0.5662411451339722
Car 0.0 0 1.9191004037857056 408.01824951171875 174.24913024902344 491.360107421875 215.8522491455078 4.097186 1.3356813 1.5579128 -5.585571 1.3893573 25.438911 1.7029621601104736 0.5617939829826355
Car 0.0 0 0.9274863004684448 991.2538452148438 100.05156707763672 1242.0 214.85000610351562 3.841662 1.6756827 1.7276986 8.493112 0.6133625 12.48792 1.5247355699539185 0.47278454899787903
Car 0.0 0 0.8646044731140137 903.0137939453125 154.58070373535156 1242.0 375.0 3.640078 1.5064235 1.581971 3.2121987 1.4493124 4.119477 1.5268808603286743 0.4689144194126129
Car 0.0 0 1.425395131111145 650.9404296875 168.63873291015625 689.074951171875 197.18685913085938 3.6067927 1.5127935 1.5967402 3.2522483 1.28978 40.08333 1.5063549280166626 0.24380703270435333
