Pedestrian 0.0 0 1.3911222219467163 667.2906494140625 164.3380126953125 687.6162719726562 209.91622924804688 0.7236065 1.9165833 0.74218816 3.2177932 1.1958909 30.59222 1.4959203004837036 0.33724015951156616
Pedestrian 0.0 0 -0.7046748399734497 807.6190185546875 89.68370819091797 902.8917236328125 263.3125915527344 0.7023415 1.7762839 0.6767727 2.6922867 0.8383359 7.789062 -0.3718808591365814 0.3052853047847748
Car 0.0 0 -0.02961188554763794 152.14212036132812 169.79371643066406 302.87469482421875 220.2967071533203 3.8778014 1.3969494 1.5463141 -11.140576 1.0742973 21.48567 -0.5079591274261475 0.6831039190292358
Car 0.0 0 -1.3994452953338623 538.1425170898438 164.30764770507812 580.2685546875 192.62155151367188 3.9383976 1.4118772 1.5688584 -2.1759195 0.5554594 37.862877 -1.456850528717041 0.6328052878379822
Car 0.0 0 3.390244960784912 273.481201171875 177.7999725341797 386.04327392578125 215.60879516601562 4.116249 1.5166068 1.5517107 -11.213482 1.3691895 29.810934 3.030463457107544 0.44502460956573486
Car 0.0 0 0.32167649269104004 285.9676208496094 177.80050659179688 402.13116455078125 212.69766235351562 4.7396 1.5601231 1.6754 -11.7645235 1.3956766 32.998295 -0.02079419605433941 0.3684096932411194
Car 0.0 0 -1.1238842010498047 332.9429931640625 166.6913604736328 390.8929443359375 196.3888397216797 3.5566504 1.5118508 1.5579805 -12.751039 0.7588355 38.429085 -1.4442604780197144 0.34063687920570374
Car 0.0 0 -1.67789626121521 634.5249633789062 158.50328063964844 666.9459228515625 183.59947204589844 4.0989003 1.5854416 1.6998881 3.2212563 0.1333513 47.459206 -1.61012601852417 0.3031459152698517
Car 0.0 0 -0.7736223936080933 0.0 0.0 1238.0 374.0 3.6261463 1.5303428 1.6442419 -2.4193919 1.2481356 1.2373645 -1.871664047241211 0.2672191560268402
Car 0.0 0 0.12280836701393127 451.7135314941406 175.24661254882812 536.2387084960938 205.1462860107422 4.191365 1.5227433 1.6279272 -5.556466 1.2051357 37.446114 -0.02450239658355713 0.24947598576545715
Car 0.0 0 -1.5921237468719482 202.46286010742188 159.86634826660156 243.43231201171875 195.63551330566406 3.7994435 1.6154934 1.6531878 -18.226065 0.63936085 34.5026 -2.0781166553497314 0.2055366039276123
