Cyclist 0.0 0 -1.974705696105957 685.6944580078125 158.53140258789062 706.5662841796875 193.3978271484375 1.6379058 1.7668523 0.46593237 4.4188724 1.0414141 37.412506 -1.8571382761001587 0.16863496601581573
Car 0.0 0 2.0825276374816895 179.2433319091797 177.2976531982422 265.623291015625 211.94444274902344 3.9077456 1.3906271 1.6046833 -16.810175 1.5967177 31.433134 1.5914355516433716 0.7795026302337646
Car 0.0 0 0.001727057620882988 525.7902221679688 149.44265747070312 666.5155029296875 197.15380859375 4.437239 1.5018269 1.6379133 -0.49423572 0.76525456 23.570934 -0.019237887114286423 0.24250763654708862
Car 0.0 0 -2.578357696533203 159.7731475830078 176.0754852294922 291.5618896484375 215.62713623046875 4.3317466 1.4762768 1.6122345 -14.926707 1.6061912 28.050444 -3.0673840045928955 0.21836905181407928
Car 0.0 0 0.09398680925369263 487.2893981933594 164.65684509277344 589.2649536132812 198.64370727539062 4.217688 1.4180069 1.5516446 -3.0559945 1.0763615 30.886992 -0.004633377771824598 0.20601646602153778
Car 0.0 0 0.15341956913471222 482.8122863769531 156.84268188476562 602.3157348632812 195.31947326660156 4.4361606 1.4461963 1.570529 -2.609419 0.8447499 28.035303 0.06061077117919922 0.16371843218803406
Car 0.0 0 -2.604243755340576 101.66069793701172 175.2220916748047 258.1318359375 220.0196533203125 4.4992795 1.5067145 1.6086785 -14.955209 1.5922954 25.157236 -3.1405868530273438 0.15696242451667786
Car 0.0 0 0.5466472506523132 66.79470825195312 150.65325927734375 242.44056701660156 200.35276794433594 4.6571913 1.5586265 1.6536468 -14.765204 0.8627472 23.486109 -0.014592709019780159 0.15035049617290497
Car 0.0 0 0.5322232842445374 0.0 160.74166870117188 191.56814575195312 213.28500366210938 4.6148815 1.4738784 1.6433178 -15.194885 1.1344769 21.258928 -0.08833562582731247 0.14334508776664734
Car 0.0 0 3.7225213050842285 0.0 172.0474853515625 139.99388122558594 234.6813201904297 4.1091137 1.4552085 1.5565237 -14.202174 1.4368284 17.729708 3.047147512435913 0.1426571160554886
Car 0.0 0 0.6117578148841858 0.0 144.3108367919922 180.49021911621094 203.75155639648438 4.5544477 1.54683 1.6163155 -14.509644 0.8044074 19.637756 -0.024578452110290527 0.14221377670764923
Car 0.0 0 1.9315398931503296 154.8956298828125 169.4093017578125 219.4438018798828 200.45062255859375 3.7735972 1.5331397 1.6803246 -22.003614 1.3633628 37.63509 1.4024784564971924 0.13829435408115387
Car 0.0 0 -3.021554946899414 474.95556640625 156.41835021972656 602.060302734375 198.70103454589844 4.4043326 1.4762944 1.6224194 -2.558126 0.9028038 26.049425 -3.119443893432617 0.1309356838464737
Car 0.0 0 -2.151096820831299 638.3494262695312 152.5974578857422 703.5822143554688 184.51986694335938 3.7470264 1.6102957 1.6765254 3.1556194 0.5888317 38.440838 -2.069190263748169 0.1294417828321457
Car 0.0 0 -1.5908564329147339 634.74169921875 170.46380615234375 659.8128051757812 193.39781188964844 4.2287936 1.50023 1.6192664 2.4820864 1.3442329 49.33458 -1.5405875444412231 0.12468498200178146
Car 0.0 0 -0.9348577260971069 20.79352569580078 177.47837829589844 112.98070526123047 213.4693603515625 3.602224 1.5444047 1.5561031 -24.93942 1.76934 33.230667 -1.5786750316619873 0.11680127680301666
