Pedestrian 0.0 0 1.1472065448760986 849.4788818359375 128.02488708496094 892.9580688476562 211.2029571533203 0.78670335 1.8802702 0.68313736 5.9960732 0.8672501 16.72708 1.4914026260375977 0.2902359962463379
Pedestrian 0.0 0 -2.391998291015625 1012.45654296875 136.50474548339844 1034.7816162109375 188.6824493408203 0.38783368 1.948095 0.6560688 15.560251 0.5913254 27.219095 -1.8726725578308105 0.18344323337078094
Car 0.0 0 1.6109247207641602 467.61871337890625 169.42938232421875 521.2979125976562 215.4115447998047 3.4648616 1.3179834 1.5134999 -3.5803063 1.2201817 22.487972 1.4530400037765503 0.7183787226676941
Car 0.0 0 -2.1417438983917236 225.2841339111328 147.07359313964844 452.8979797363281 243.8607940673828 4.4770737 1.484456 1.6732502 -5.0575604 1.0894115 13.059005 -2.5112414360046387 0.7113471031188965
Car 0.0 0 1.2649321556091309 58.71928787231445 176.86289978027344 192.17953491210938 243.64024353027344 3.8122218 1.4011482 1.5419118 -11.614262 1.5066757 17.138748 0.6693565845489502 0.6465691328048706
Car 0.0 0 1.4034055471420288 541.490478515625 172.8379364013672 613.2361450195312 223.41163635253906 3.81007 1.3899584 1.5348101 -1.1193136 1.3898749 21.853973 1.3522324562072754 0.36355242133140564
Car 0.0 0 3.344165802001953 109.88756561279297 174.7154541015625 226.97933959960938 209.68722534179688 4.1462607 1.4553661 1.5679288 -19.273985 1.5410076 31.616243 2.7967007160186768 0.3324158787727356
Car 0.0 0 1.7123229503631592 807.5415649414062 152.11654663085938 876.7701416015625 207.36363220214844 3.3713696 1.5055945 1.503844 6.9304523 0.9408152 21.505346 2.024080514907837 0.231118842959404
Car 0.0 0 -2.6193554401397705 334.61993408203125 157.87600708007812 414.9537353515625 188.43115234375 3.7764633 1.5939547 1.6838421 -12.677085 0.81296325 38.849052 -2.9347774982452393 0.2249762862920761
Car 0.0 0 1.8415584564208984 164.67738342285156 188.79281616210938 256.27655029296875 248.1324005126953 3.5805037 1.530627 1.4841292 -11.858988 2.0493345 21.549543 1.338475227355957 0.2168789654970169
Car 0.0 0 -2.6388700008392334 199.38180541992188 177.59417724609375 285.8636169433594 206.06629943847656 3.8442097 1.4885694 1.6321121 -19.793203 1.7501932 38.88946 -3.1096603870391846 0.19941547513008118
Car 0.0 0 -2.6567225456237793 198.12600708007812 181.3606719970703 291.7098083496094 214.4286346435547 3.72732 1.5510195 1.6522923 -17.767508 1.9757857 35.138454 -3.1248741149902344 0.19856521487236023
Car 0.0 0 -2.7339673042297363 604.95849609375 145.78573608398438 704.0250854492188 185.44371032714844 3.8637862 1.5968156 1.6502138 1.840219 0.5072789 30.65703 -2.674013137817383 0.18618221580982208
Car 0.0 0 -1.5966784954071045 410.1725769042969 161.66436767578125 442.5423278808594 191.5688934326172 3.7348316 1.604368 1.6669928 -10.437682 1.0044059 40.731606 -1.8475356101989746 0.1856943666934967
