Car 0.0 0 -1.3441212177276611 462.5877990722656 171.50906372070312 519.7872924804688 208.67701721191406 3.6336818 1.3784963 1.4602469 -4.592624 0.87127197 28.519026 -1.503787636756897 0.7689296007156372
Car 0.0 0 -1.5240217447280884 577.7108764648438 167.6323699951172 610.4518432617188 195.1322021484375 3.871062 1.4696653 1.6610079 -0.7528373 0.5310963 40.371952 -1.5426671504974365 0.6923346519470215
Car 0.0 0 -1.38742196559906 337.8560791015625 177.14666748046875 401.1713562011719 216.8790740966797 3.5402772 1.3451754 1.5692261 -8.639771 1.0731227 26.193478 -1.7060291767120361 0.6892787218093872
Car 0.0 0 -1.2402634620666504 391.1314392089844 173.1843719482422 433.18023681640625 197.26617431640625 3.623764 1.5004122 1.541248 -12.664483 0.7519335 46.642788 -1.5053921937942505 0.5593955516815186
Car 0.0 0 1.8411401510238647 311.8522033691406 167.0443878173828 366.7652282714844 199.82632446289062 3.58866 1.4499723 1.5040246 -12.52821 0.6473719 33.644176 1.4846738576889038 0.5353707671165466
Car 0.0 0 -0.07192337512969971 506.97027587890625 177.7186279296875 610.66259765625 212.63812255859375 4.5820293 1.5283939 1.6296281 -2.2882185 1.2013857 32.590763 -0.14201898872852325 0.3375683128833771
Car 0.0 0 1.6261266469955444 490.72406005859375 172.92071533203125 525.8975219726562 202.86512756347656 4.1434817 1.5204431 1.6468636 -5.32183 0.89729065 38.628487 1.4892189502716064 0.33081358671188354
Car 0.0 0 -1.4481476545333862 416.200927734375 172.58343505859375 455.2842712402344 202.8022918701172 3.462072 1.479317 1.5456262 -8.834757 0.862056 36.99315 -1.6825779676437378 0.2785261869430542
Car 0.0 0 1.624979019165039 444.4801940917969 172.7820587158203 472.949951171875 197.70916748046875 3.8411758 1.5110189 1.5641898 -9.436735 0.7584544 45.58731 1.4208585023880005 0.2356303483247757
Car 0.0 0 -0.06781360507011414 539.8475952148438 163.08444213867188 670.58056640625 209.4157257080078 4.147222 1.4559177 1.6217617 -0.16917378 0.76159483 23.549574 -0.07499720901250839 0.21173301339149475
