Cyclist 0.0 0 -1.689910650253296 1175.4031982421875 46.77305603027344 1242.0 295.41552734375 1.5831599 1.7357321 0.46785748 4.8922415 0.8559397 5.824635 -0.9912962913513184 0.2810245752334595
Car 0.0 0 -1.5704691410064697 656.5546875 166.75706481933594 695.3297119140625 200.1909637451172 3.802785 1.3676747 1.5833039 2.83125 1.1186266 31.477945 -1.4807666540145874 0.3802431523799896
Car 0.0 0 -2.342240333557129 693.2098388671875 161.3202362060547 762.2481689453125 197.0420684814453 4.0154114 2.0337934 1.7839645 6.9669957 1.3774859 43.23331 -2.182465076446533 0.3322523236274719
Car 0.0 0 1.7833606004714966 564.6713256835938 168.73406982421875 613.422119140625 198.27285766601562 4.387067 1.4461492 1.6524746 -1.061975 1.2448055 37.62986 1.7551465034484863 0.3214358687400818
Car 0.0 0 0.6790711283683777 601.6735229492188 163.77919006347656 675.9948120117188 189.99533081054688 4.247614 1.4484656 1.5915571 1.5975755 0.94743216 41.85855 0.7172186374664307 0.3190406560897827
Car 0.0 0 -2.2098326683044434 694.6069946289062 164.8995819091797 745.7897338867188 189.98582458496094 3.4401393 1.6077974 1.6453161 7.283043 1.0983499 48.14614 -2.059701442718506 0.27094438672065735
Car 0.0 0 -2.578521251678467 609.3711547851562 167.66798400878906 671.991943359375 191.72718811035156 3.7916396 1.4976785 1.5668595 1.9329927 1.1752083 46.634846 -2.537095308303833 0.25301092863082886
Car 0.0 0 0.7031048536300659 626.9097900390625 171.82749938964844 670.9503784179688 188.03965759277344 3.9972444 1.4567264 1.575775 3.5595136 1.3648487 66.77496 0.7563605308532715 0.2340531200170517
Car 0.0 0 0.6201735734939575 622.3296508789062 175.0664520263672 671.9723510742188 194.0631561279297 3.8491883 1.4962423 1.5920407 2.9981923 1.6833202 59.071796 0.6708850860595703 0.21218597888946533
Car 0.0 0 1.4521304368972778 692.4739990234375 177.56471252441406 747.6000366210938 218.56793212890625 3.6850023 1.3894308 1.5778835 3.9635983 1.5765536 26.739775 1.599287509918213 0.19234660267829895
Car 0.0 0 0.7644345164299011 613.8319091796875 170.88478088378906 673.755615234375 192.35858154296875 4.401454 1.4765439 1.6086315 2.3529074 1.341497 51.758762 0.8098623752593994 0.19124656915664673
