Pedestrian 0.0 0 -1.1476688385009766 1136.234375 59.4247932434082 1242.0 257.4283142089844 0.6555281 1.848601 0.6687312 5.7358813 0.7899609 7.1807384 -0.4736679494380951 0.2920527458190918
Car 0.0 0 1.7255947589874268 411.0792236328125 174.10757446289062 440.26641845703125 194.56243896484375 3.9032972 1.5120486 1.598052 -14.189672 1.6125164 55.600357 1.4757201671600342 0.46215423941612244
Car 0.0 0 -2.525771141052246 215.44871520996094 180.094970703125 329.2696533203125 217.359375 4.3358917 1.543706 1.6827627 -14.780028 1.8730769 31.570341 -2.963625431060791 0.3180525302886963
Car 0.0 0 0.5234906673431396 149.79095458984375 178.32421875 290.392578125 219.5050048828125 4.6360044 1.551234 1.6871893 -15.276904 1.7732844 28.328875 0.02892303466796875 0.2953151762485504
Car 0.0 0 -1.8054461479187012 683.5267944335938 164.5782928466797 729.435302734375 194.84849548339844 4.0197973 1.5929716 1.6253207 5.259618 1.1578199 40.051693 -1.674872636795044 0.28995567560195923
Car 0.0 0 0.37129926681518555 0.0 171.35426330566406 175.6878204345703 227.07186889648438 4.0910296 1.4551619 1.586512 -14.718292 1.4163522 20.133825 -0.2599456310272217 0.23514144122600555
Car 0.0 0 -0.1463865339756012 614.1326904296875 177.1081085205078 706.7088623046875 207.66183471679688 4.496534 1.4984046 1.6586615 2.4832404 1.7208738 36.66578 -0.0787634328007698 0.22970600426197052
Car 0.0 0 -2.788376808166504 675.3571166992188 177.85740661621094 743.3665771484375 204.93325805664062 3.8020184 1.5719699 1.5836986 6.0269637 1.8889781 44.068985 -2.6524579524993896 0.20519617199897766
Car 0.0 0 1.5213462114334106 1219.8546142578125 159.36366271972656 1242.0 220.23104858398438 3.4633186 1.442334 1.6082028 17.061699 1.1230205 18.945438 2.254476308822632 0.20304976403713226
Car 0.0 0 0.42771196365356445 0.0 162.56027221679688 161.7949981689453 214.27969360351562 4.3848968 1.5054077 1.6267322 -16.626892 1.206144 22.25931 -0.21384297311306 0.19825583696365356
Car 0.0 0 2.1617140769958496 0.0 179.90635681152344 190.31723022460938 345.61273193359375 3.908085 1.4634411 1.5929346 -6.8332496 1.5671154 8.554322 1.487701177597046 0.18989071249961853
Car 0.0 0 2.1869940757751465 0.0 185.19320678710938 190.9096221923828 277.350830078125 4.146607 1.4322715 1.5960851 -10.079026 1.7051967 13.852317 1.557979941368103 0.17363613843917847
Car 0.0 0 2.966125011444092 612.8816528320312 175.6209716796875 719.630859375 209.34503173828125 4.6254373 1.4775168 1.6304125 2.4766064 1.6077516 32.822643 3.0414364337921143 0.17328153550624847
Car 0.0 0 2.335991621017456 0.0 175.51779174804688 61.41639709472656 224.02076721191406 4.0325904 1.6356615 1.7316389 -22.756342 1.7419192 26.619205 1.6286687850952148 0.16838952898979187
Car 0.0 0 -0.2313067764043808 695.372802734375 163.9688262939453 784.2681274414062 196.07296752929688 3.917963 1.4941179 1.5947325 6.123494 1.0809624 34.482346 -0.055555522441864014 0.15927329659461975
Car 0.0 0 2.9461541175842285 601.8941650390625 175.98904418945312 690.2747192382812 204.8221893310547 4.7931647 1.5874709 1.7296288 1.9945965 1.7720615 41.192104 2.9945380687713623 0.15844112634658813
Car 0.0 0 3.58439302444458 93.30431365966797 177.80462646484375 253.70968627929688 224.71063232421875 4.4223027 1.5203847 1.6097946 -14.826997 1.6966845 24.620136 3.042335033416748 0.15394842624664307
