Pedestrian 0.0 0 -2.738211154937744 389.037841796875 152.22137451171875 418.18060302734375 201.4602813720703 0.8648823 1.8798994 0.7424789 -8.036853 1.0925215 27.966654 -3.0180435180664062 0.16168682277202606
Pedestrian 0.0 0 -0.5279569029808044 0.0 183.04017639160156 45.756465911865234 301.5003356933594 0.66766995 1.7870187 0.6524048 -9.532963 1.9540579 11.379541 -1.2252832651138306 0.1495976746082306
Car 0.0 0 -1.6719474792480469 418.40594482421875 173.8570556640625 455.8792724609375 203.15908813476562 3.6672676 1.4641657 1.5576166 -9.220998 1.5203613 38.175365 -1.9089510440826416 0.4062904119491577
Car 0.0 0 0.5671710968017578 0.0 154.9284210205078 192.4341583251953 209.47286987304688 4.2347345 1.4690787 1.6269972 -14.429848 0.9866363 20.348465 -0.04966074600815773 0.3944826126098633
Car 0.0 0 0.6080019474029541 9.817129135131836 156.2228240966797 200.4619598388672 209.28759765625 4.664033 1.5655775 1.6932405 -15.422611 1.0752636 22.132874 -0.0005860398523509502 0.2699069678783417
Car 0.0 0 -1.124067783355713 931.3025512695312 156.23812866210938 1013.4231567382812 192.17405700683594 4.182829 1.4882654 1.5821234 15.9609165 0.80048656 31.785004 -0.6586997509002686 0.2136775702238083
Car 0.0 0 0.15146613121032715 420.6499328613281 159.76788330078125 555.4453735351562 206.91189575195312 4.2929 1.5372592 1.6273266 -4.08544 1.1109089 24.369944 -0.014631932601332664 0.2009357362985611
Car 0.0 0 -2.43163800239563 173.52227783203125 177.7390594482422 286.6908264160156 217.01902770996094 3.9897323 1.5373659 1.7107731 -15.720492 1.7483892 29.83428 -2.9165945053100586 0.18962790071964264
Car 0.0 0 3.249958038330078 415.5902404785156 160.8138885498047 552.32080078125 209.17068481445312 4.04943 1.4457027 1.5955788 -3.8882189 1.0861026 22.492075 3.0787792205810547 0.1801208257675171
Car 0.0 0 -1.206559181213379 220.16458129882812 172.62612915039062 280.8545227050781 204.81727600097656 3.9699533 1.6787276 1.6829588 -19.720993 1.6672024 39.68167 -1.667787790298462 0.17623071372509003
Car 0.0 0 -2.272085428237915 884.0049438476562 162.89939880371094 954.998779296875 191.5478973388672 3.7149663 1.5143397 1.6071758 17.111889 0.9885043 40.148853 -1.8691893815994263 0.15956853330135345
Car 0.0 0 -3.1333112716674805 601.4189453125 164.64276123046875 733.0243530273438 210.08128356933594 4.1845584 1.4381696 1.5880665 1.8306516 1.1786348 23.803436 -3.0565552711486816 0.15913020074367523
Car 0.0 0 2.415565013885498 103.49334716796875 187.9749755859375 191.6739044189453 225.088134765625 3.4419448 1.6424446 1.5996107 -22.593987 2.4225132 35.3295 1.8465909957885742 0.13559240102767944
