Pedestrian 0.0 0 -1.3869247436523438 132.89117431640625 156.8208770751953 152.27163696289062 201.63624572753906 0.60591143 1.8828928 0.59227693 -19.92879 1.209628 30.705341 -1.9626201391220093 0.28748708963394165
Cyclist 0.0 0 -0.2898324728012085 1024.99560546875 132.52162170410156 1089.276123046875 192.3134765625 1.6287215 1.8776048 0.68243897 14.306641 0.61143136 23.19631 0.26282215118408203 0.42223384976387024
Car 0.0 0 -0.16650909185409546 724.6795654296875 173.2039031982422 835.2147827148438 213.6475830078125 3.8724542 1.4853007 1.6158737 6.3489146 1.4994131 27.436108 0.060895442962646484 0.7983020544052124
Car 0.0 0 -1.9529465436935425 738.7674560546875 155.81808471679688 988.4904174804688 302.34869384765625 3.5798652 1.3994851 1.5279177 2.7184377 1.2371362 8.734029 -1.6512038707733154 0.71122807264328
Car 0.0 0 3.58272647857666 76.44798278808594 144.7462615966797 334.433837890625 234.98031616210938 3.526406 1.4315593 1.5399766 -6.8068194 0.9859892 12.324685 3.0781257152557373 0.7036345601081848
Car 0.0 0 1.44412100315094 667.4520874023438 172.1455078125 733.0603637695312 219.02671813964844 3.7336328 1.3350827 1.5412477 2.6738472 1.315264 22.418093 1.562831997871399 0.6706943511962891
Car 0.0 0 0.7647221088409424 0.0 171.341064453125 260.83526611328125 330.0790710449219 3.6969764 1.4079527 1.5322208 -5.8031635 1.3948914 7.3358426 0.09545016288757324 0.6030022501945496
Car 0.0 0 0.40494504570961 272.7797546386719 179.03713989257812 454.244873046875 239.12191772460938 3.9551847 1.3911426 1.5352495 -6.056848 1.5520061 17.80961 0.07712697982788086 0.5995566844940186
Car 0.0 0 3.3957040309906006 330.74090576171875 173.147216796875 477.5895080566406 229.89801025390625 3.6483605 1.5110927 1.5531799 -5.680643 1.5199254 20.03479 3.1194167137145996 0.5674943923950195
Car 0.0 0 0.265600323677063 374.3892822265625 173.2816162109375 481.6667175292969 212.2245635986328 3.6942153 1.4382213 1.4974661 -6.912449 1.4553108 27.445374 0.018869876861572266 0.4539836049079895
Car 0.0 0 -0.43915730714797974 968.2669067382812 142.47113037109375 1240.7281494140625 233.59007263183594 3.976634 1.6052331 1.6718279 9.216851 1.070339 13.829766 0.1486954689025879 0.3987168073654175
Car 0.0 0 3.272639036178589 442.45635986328125 160.58229064941406 526.0888671875 189.48219299316406 4.3039274 1.5357693 1.657811 -6.8237314 0.88399655 39.25699 3.100536584854126 0.35560908913612366
Car 0.0 0 -2.8503336906433105 429.4609680175781 178.8795166015625 517.24462890625 215.21849060058594 3.557715 1.5571615 1.529765 -6.0990005 1.8341243 32.174625 -3.037670373916626 0.346329927444458
