Cyclist 0.0 0 1.2321125268936157 671.3441162109375 160.2222900390625 701.1395874023438 208.171630859375 1.6611465 1.7635291 0.6045234 2.8385682 1.2993054 27.412872 1.3352935314178467 0.31805408000946045
Car 0.0 0 -2.463921546936035 315.6064758300781 179.74363708496094 410.7979736328125 216.4387664794922 3.8754191 1.5543573 1.6630102 -11.163989 1.879242 32.543056 -2.794394016265869 0.4257391691207886
Car 0.0 0 -1.577782154083252 585.868408203125 170.65809631347656 610.875732421875 192.98153686523438 3.8670893 1.4297196 1.6021442 -0.8228441 1.2894394 48.16091 -1.5948657989501953 0.35538750886917114
Car 0.0 0 -2.5588250160217285 243.63055419921875 156.90086364746094 394.07928466796875 204.61160278320312 4.5452476 1.5144787 1.5812626 -9.746753 1.0084373 24.124876 -2.9427857398986816 0.25589555501937866
Car 0.0 0 -2.2332935333251953 348.3358459472656 177.9786376953125 424.5793151855469 210.40292358398438 3.9141457 1.5323534 1.6060137 -11.349927 1.8040991 36.432915 -2.5352940559387207 0.23268918693065643
Car 0.0 0 -3.378937244415283 980.8831176757812 154.87803649902344 1111.6614990234375 191.53305053710938 4.438919 1.4667162 1.6288165 18.155037 0.7477828 30.30728 -2.8392295837402344 0.2171902358531952
Car 0.0 0 -1.3880044221878052 319.7987976074219 180.73997497558594 362.1202697753906 209.7909698486328 3.8187027 1.5184637 1.5764083 -15.198499 1.9870653 40.822987 -1.7444080114364624 0.21161425113677979
Car 0.0 0 2.055389881134033 118.240966796875 160.22616577148438 237.57838439941406 214.1156463623047 4.09353 1.6317103 1.6730022 -14.205532 1.2497122 23.93139 1.5196938514709473 0.19880671799182892
Car 0.0 0 0.30141115188598633 1166.8509521484375 158.3810577392578 1242.0 187.38177490234375 3.7738478 1.5735145 1.7126559 34.36885 0.7886032 41.19576 0.9967086315155029 0.18739256262779236
Car 0.0 0 -1.491936445236206 549.0166015625 174.0582275390625 576.4119873046875 196.80587768554688 3.97481 1.5340517 1.620928 -3.3249273 1.6226429 50.865963 -1.5572099685668945 0.16808177530765533
Car 0.0 0 -2.34938907623291 388.2014465332031 178.0159149169922 460.6387634277344 206.7250213623047 3.968869 1.5181344 1.6098521 -10.462911 1.8203149 40.476585 -2.6023449897766113 0.16708078980445862
Car 0.0 0 -2.3585386276245117 283.78240966796875 171.91346740722656 395.3359375 212.31480407714844 4.401484 1.5660745 1.652908 -11.157354 1.5299745 29.62292 -2.7187516689300537 0.1652003526687622
Car 0.0 0 -3.1153481006622314 1166.822265625 156.13250732421875 1241.3682861328125 185.52757263183594 3.4376402 1.7100062 1.6652611 35.941196 0.73762125 43.726467 -2.4273624420166016 0.16295698285102844
Car 0.0 0 -3.0571448802948 544.9193725585938 176.34561157226562 640.8499145507812 208.57363891601562 4.4083266 1.4706349 1.6402768 -0.8020442 1.6405431 34.08186 -3.0806734561920166 0.1576937437057495
Car 0.0 0 -1.1941014528274536 211.69956970214844 169.2126007080078 292.6519470214844 209.8404541015625 3.9381354 1.5372653 1.608433 -14.473217 1.3998407 29.326754 -1.6525483131408691 0.15527139604091644
Car 0.0 0 0.14379584789276123 970.79736328125 164.1327667236328 1063.949951171875 193.4480743408203 4.077782 1.4650638 1.6091791 21.345398 1.0295688 37.938408 0.6562862396240234 0.14661695063114166
Car 0.0 0 2.337406635284424 229.558837890625 179.5807647705078 291.9406433105469 203.5869903564453 4.1017885 1.617355 1.6751012 -25.153864 2.123657 52.057003 1.887290358543396 0.14385953545570374
