Pedestrian 0.0 0 1.3120331764221191 313.8895568847656 113.55368041992188 355.6049499511719 203.1555633544922 0.7132532 1.8423637 0.6654859 -5.8974895 0.6234082 15.317246 0.9445044994354248 0.18200190365314484
Pedestrian 0.0 0 2.088127613067627 100.64905548095703 111.95940399169922 189.49830627441406 246.21800231933594 1.039327 1.8616823 0.6658111 -6.8135924 1.0176518 10.540024 1.5142524242401123 0.18145498633384705
Pedestrian 0.0 0 -0.13144883513450623 927.5783081054688 90.25370788574219 1008.9292602539062 252.28504943847656 0.7832454 1.8172659 0.59292805 4.1416945 0.89121836 8.49489 0.3221902847290039 0.17036022245883942
Cyclist 0.0 0 2.2540550231933594 93.18592834472656 102.78901672363281 198.6339874267578 240.62245178222656 1.2716099 1.8876467 0.6380988 -6.7947335 0.9284555 10.546018 1.68170166015625 0.18475867807865143
Car 0.0 0 1.8422470092773438 385.3634338378906 176.50425720214844 489.9519348144531 236.4388885498047 4.358757 1.3862253 1.5740908 -4.471186 1.4947402 19.165627 1.6130542755126953 0.7586157321929932
Car 0.0 0 2.0597848892211914 100.62982940673828 168.93057250976562 428.5034484863281 338.0872802734375 3.7625706 1.4066556 1.5798542 -3.4435658 1.3743875 7.935459 1.6503608226776123 0.7423892617225647
Car 0.0 0 -1.192188024520874 823.2134399414062 159.47293090820312 945.7964477539062 221.65626525878906 4.2599525 1.4880074 1.6118453 7.411371 1.1681652 19.376207 -0.8268595933914185 0.7295904755592346
Car 0.0 0 1.722312331199646 504.7716064453125 154.59352111816406 593.2166748046875 218.44973754882812 4.0888386 1.4540542 1.6524833 -1.4936725 1.0386076 18.525139 1.6418569087982178 0.6522895097732544
Car 0.0 0 -1.3892667293548584 764.8748779296875 166.15646362304688 873.7410888671875 242.32249450683594 3.651613 1.3596938 1.5093004 4.354602 1.2404894 14.848021 -1.1039879322052002 0.6494540572166443
Car 0.0 0 -2.328519344329834 1020.9081420898438 0.0 1242.0 375.0 3.431252 1.4706509 1.5845268 3.0723648 1.0800958 2.6339283 -1.4664379358291626 0.4127611815929413
Car 0.0 0 -2.750974655151367 954.5311279296875 160.11041259765625 1078.5758056640625 205.64842224121094 3.722217 1.5954773 1.6828101 15.236698 1.1493487 27.258217 -2.2412660121917725 0.18594403564929962
