Car 0.0 0 -1.7020113468170166 647.6814575195312 169.79930114746094 702.8506469726562 208.7401123046875 3.9235551 1.4312365 1.6552985 2.4635088 1.3193218 28.513813 -1.615828275680542 0.7360473275184631
Car 0.0 0 1.719202995300293 511.3359680175781 171.9384002685547 564.226806640625 210.58229064941406 3.5265975 1.4052563 1.5402544 -2.785822 1.3723192 28.03458 1.620157241821289 0.6433679461479187
Car 0.0 0 1.3727325201034546 704.3975219726562 175.51327514648438 819.0791625976562 259.1529235839844 3.4656296 1.4006329 1.4710577 2.740386 1.4587232 13.926091 1.567030668258667 0.5536811351776123
Car 0.0 0 1.2399616241455078 727.651123046875 164.3330841064453 974.207275390625 309.299560546875 3.7176166 1.3751194 1.5972517 2.5524118 1.2946497 8.735563 1.5242345333099365 0.4600678086280823
Car 0.0 0 1.785016417503357 368.63909912109375 173.137451171875 511.8026428222656 268.2569274902344 4.1295714 1.3888526 1.5544771 -2.8155866 1.3949795 12.613805 1.5654019117355347 0.4001404941082001
Car 0.0 0 2.0002901554107666 232.432861328125 115.34770965576172 356.5858459472656 185.96267700195312 3.6537423 1.6691896 1.5922766 -8.156482 0.3102196 18.896847 1.592815637588501 0.3524954617023468
Car 0.0 0 -2.961595296859741 554.0758056640625 176.927001953125 648.8956909179688 212.7463836669922 4.1174064 1.573182 1.7044684 -0.39811406 1.7673184 33.1409 -2.9736075401306152 0.33467572927474976
Car 0.0 0 -2.9750404357910156 560.9600830078125 175.35365295410156 639.5328369140625 203.65365600585938 4.3319335 1.5868483 1.7216209 -0.5716133 1.7362705 41.84483 -2.9886999130249023 0.29885590076446533
Car 0.0 0 -1.7637741565704346 732.2130737304688 134.4010009765625 793.9707641601562 183.81329345703125 3.2412481 1.7463204 1.6676779 5.6434584 0.3876794 27.128326 -1.558671236038208 0.256024032831192
Car 0.0 0 -2.8569083213806152 553.8789672851562 176.80618286132812 639.8309936523438 208.81190490722656 4.087017 1.5587485 1.6402705 -0.69258803 1.7679336 36.793976 -2.875729560852051 0.2311033457517624
Car 0.0 0 -2.830641031265259 563.0109252929688 173.66481018066406 628.0888061523438 198.072021484375 4.053853 1.5931132 1.7074667 -0.99253434 1.6496419 48.58513 -2.851067066192627 0.21903087198734283
Car 0.0 0 1.553147792816162 635.9266967773438 169.98941040039062 659.66162109375 193.2998504638672 4.0054708 1.628544 1.6450617 2.6855164 1.4287711 52.4354 1.6043188571929932 0.2056158035993576
