Car 0.0 0 -1.81431245803833 667.531005859375 159.93458557128906 807.7778930664062 248.72494506835938 3.8870432 1.370194 1.5618635 2.1337378 0.98119223 13.090371 -1.6527328491210938 0.8763851523399353
Car 0.0 0 -1.6084610223770142 539.8086547851562 170.9128875732422 582.6859130859375 208.47389221191406 3.4506052 1.4467229 1.6140703 -1.9933256 0.8969583 29.484612 -1.6759638786315918 0.8128479719161987
Car 0.0 0 -1.0505529642105103 0.0 166.50506591796875 279.7909240722656 362.29571533203125 3.8613508 1.3952318 1.6144596 -4.856344 1.2630285 7.107363 -1.6499714851379395 0.7962744235992432
Car 0.0 0 -1.3408563137054443 303.6634826660156 173.0237579345703 417.4617004394531 241.1636505126953 3.696817 1.330136 1.57024 -5.3797183 1.0932722 15.943612 -1.6662817001342773 0.77156662940979
Car 0.0 0 1.787487506866455 387.2626037597656 169.06552124023438 464.6460266113281 216.77874755859375 4.0097084 1.3525422 1.5042953 -5.599173 0.8958591 22.399162 1.5425348281860352 0.7566969990730286
Car 0.0 0 -0.15168136358261108 463.53228759765625 171.24227905273438 546.9262084960938 200.63441467285156 4.129591 1.4844928 1.6128947 -5.4142227 0.7798763 37.67403 -0.2944163978099823 0.6184297800064087
Car 0.0 0 -0.07298333942890167 457.43914794921875 183.4677276611328 542.5154418945312 217.52557373046875 3.8150961 1.5318743 1.6418384 -5.0871387 1.4543847 33.55258 -0.22345423698425293 0.5725061893463135
Car 0.0 0 -1.1976693868637085 170.2100067138672 154.60565185546875 299.8950500488281 216.57469177246094 4.1695876 1.5019804 1.7182385 -10.002922 0.7611977 19.579184 -1.6699955463409424 0.47906750440597534
Car 0.0 0 -1.6778409481048584 576.7789306640625 171.70274353027344 602.3583984375 192.21583557128906 3.9127266 1.537028 1.5735697 -1.4632396 0.52564615 55.90297 -1.7040096521377563 0.4716874361038208
Car 0.0 0 -1.39908766746521 462.49884033203125 170.27761840820312 499.4482727050781 196.66754150390625 3.7616568 1.4975467 1.5413693 -7.5046697 0.65098834 42.671726 -1.5731772184371948 0.4689929187297821
Car 0.0 0 2.2100846767425537 0.0 147.8242950439453 91.1734848022461 271.9980163574219 3.5345027 1.4143338 1.4865075 -9.131604 0.98957825 10.016547 1.4708691835403442 0.4508320093154907
Car 0.0 0 1.767590880393982 365.01617431640625 164.3489227294922 411.7213134765625 195.04794311523438 4.0220456 1.583115 1.6790987 -11.9110985 0.50816983 39.150696 1.472251296043396 0.4209548532962799
Car 0.0 0 -0.12491890043020248 576.1380615234375 173.9262237548828 661.1121826171875 205.289794921875 3.8959458 1.4580295 1.621348 0.45301884 0.9343361 34.437263 -0.11176475882530212 0.38659778237342834
