Pedestrian 0.0 0 1.2123870849609375 909.5086059570312 126.38189697265625 943.2947387695312 193.18084716796875 0.77085084 1.914037 0.6748309 9.186238 0.58279747 21.074623 1.6234462261199951 0.26315993070602417
Cyclist 0.0 0 2.5100855827331543 1097.6107177734375 136.2317352294922 1164.3411865234375 196.89151000976562 1.5274543 1.8150984 0.6994947 15.783532 0.71962297 21.943356 3.1336379051208496 0.24409690499305725
Car 0.0 0 1.7967032194137573 391.75836181640625 173.6028594970703 500.7149963378906 237.89845275878906 4.418604 1.3720624 1.6310991 -3.8923075 1.3930558 17.663004 1.57980477809906 0.8473542332649231
Car 0.0 0 -1.1225464344024658 92.08196258544922 159.09967041015625 424.69775390625 338.6105651855469 3.7672296 1.3797889 1.4965137 -3.2605743 1.2744259 7.4524736 -1.5349700450897217 0.773571252822876
Car 0.0 0 3.246289014816284 431.4810485839844 164.4755859375 514.4868774414062 196.2150421142578 3.7302678 1.4659505 1.5500208 -6.489894 1.0793346 34.24912 3.059018611907959 0.6505586504936218
Car 0.0 0 -1.7431215047836304 641.2819213867188 167.68798828125 702.5708618164062 208.34402465820312 4.042688 1.4052659 1.5982174 2.1937473 1.2270623 27.022827 -1.662117838859558 0.2975972890853882
Car 0.0 0 1.4401577711105347 639.7593994140625 153.0873565673828 685.9407958984375 187.44256591796875 3.9299276 1.4884162 1.6121397 2.336193 0.6323976 33.267513 1.5102671384811401 0.28773581981658936
Car 0.0 0 -3.672764539718628 988.4588623046875 152.09207153320312 1242.0 241.33328247070312 3.6084797 1.4239067 1.550687 8.684357 1.0929931 12.424944 -3.06274676322937 0.21177174150943756
Car 0.0 0 -0.05889010429382324 779.5518798828125 165.69664001464844 873.9998779296875 198.72808837890625 4.2646255 1.5332067 1.5812253 10.318397 1.2013443 34.74408 0.2297964096069336 0.20168757438659668
Car 0.0 0 0.34794193506240845 487.09014892578125 165.3323974609375 602.1967163085938 204.67161560058594 4.1428375 1.4529355 1.6027739 -2.5546246 1.1754941 27.947367 0.2567868232727051 0.1983250379562378
Car 0.0 0 0.2498110830783844 483.0530090332031 156.93832397460938 615.7896728515625 199.8115234375 4.3880587 1.4393028 1.630411 -2.1353323 0.9053533 25.386429 0.1658954620361328 0.16030406951904297
