Pedestrian 0.0 0 -0.6373945474624634 812.6431884765625 137.94924926757812 841.407470703125 192.88333129882812 0.6576292 1.9088979 0.74899787 7.6319017 0.6963549 25.533867 -0.346953421831131 0.2961083948612213
Car 0.0 0 0.5131521224975586 83.07271575927734 158.8592071533203 367.342529296875 248.70240783691406 3.9182155 1.3925221 1.5701847 -6.3220367 1.1759679 12.022341 0.029033184051513672 0.7720263004302979
Car 0.0 0 1.3992786407470703 667.7382202148438 168.27969360351562 753.0014038085938 224.59588623046875 3.9419947 1.3611871 1.5943078 2.5421457 1.2509825 19.4395 1.5293128490447998 0.7253954410552979
Car 0.0 0 0.3631291687488556 307.3106689453125 171.09051513671875 462.34515380859375 226.33522033691406 3.7528684 1.4488819 1.5727019 -6.162399 1.4029897 19.821318 0.06170487403869629 0.672233521938324
Car 0.0 0 1.1785391569137573 736.468017578125 159.99789428710938 1011.8358154296875 315.04058837890625 3.84151 1.3914391 1.5528225 2.6878574 1.2764192 8.452077 1.486437201499939 0.5861809849739075
Car 0.0 0 3.2864787578582764 449.383544921875 170.27163696289062 525.7113647460938 199.9678192138672 3.796535 1.5401784 1.6422802 -6.4884057 1.4066033 38.284035 3.118593454360962 0.4614654779434204
Car 0.0 0 -3.250298023223877 729.6422729492188 162.6286163330078 818.7821655273438 191.67794799804688 4.648085 1.5630113 1.7099724 8.9842205 1.0131878 39.930607 -3.0289876461029053 0.41420817375183105
Car 0.0 0 -2.8281428813934326 374.4123840332031 169.0138397216797 484.1119079589844 206.32687377929688 3.9856055 1.4506782 1.5609856 -7.249194 1.3017361 28.96412 -3.0733869075775146 0.40164852142333984
Car 0.0 0 -1.693582534790039 845.3245239257812 140.06634521484375 902.6256103515625 195.99754333496094 4.2304707 2.1689234 1.732145 10.93055 0.897828 30.232176 -1.3466523885726929 0.35363128781318665
Car 0.0 0 0.5444074869155884 269.1564636230469 176.70481872558594 439.7203063964844 239.64015197753906 3.5689006 1.3915733 1.4983485 -6.0912175 1.4894763 17.17988 0.20368027687072754 0.3488559424877167
Car 0.0 0 1.799324870109558 630.773681640625 170.63858032226562 668.0504150390625 194.60459899902344 4.1543703 1.5438077 1.6139739 2.6756337 1.4014564 48.696247 1.8542150259017944 0.3190087080001831
Car 0.0 0 -1.6918054819107056 657.3038940429688 175.62376403808594 719.0694580078125 220.62379455566406 4.0288377 1.4435244 1.6680695 2.6251676 1.5492691 25.421942 -1.5889064073562622 0.24164173007011414
