Pedestrian 0.0 0 0.6968495845794678 750.4747924804688 119.65979766845703 795.5999755859375 216.82884216308594 0.5959634 1.8271444 0.6182738 3.1088676 0.8272506 13.989527 0.9155242443084717 0.4699084758758545
Pedestrian 0.0 0 -1.3755282163619995 924.0888671875 111.30265045166016 976.9573364257812 230.85092163085938 0.6651691 1.8606542 0.6602056 5.4685836 0.9030242 11.690709 -0.9379939436912537 0.2931959629058838
Cyclist 0.0 0 -1.5216350555419922 928.5243530273438 110.73311614990234 974.2102661132812 234.208984375 1.237986 1.8902543 0.61535984 5.5128565 0.9396224 11.734045 -1.0824239253997803 0.1568295806646347
Car 0.0 0 1.7969489097595215 346.2364501953125 175.45458984375 455.7265930175781 246.71429443359375 3.677249 1.3638626 1.5046276 -4.4910245 1.4279978 15.818045 1.5203109979629517 0.8147983551025391
Car 0.0 0 1.950106143951416 161.2206268310547 174.69705200195312 395.6387939453125 298.8763732910156 4.0485206 1.4277062 1.6198527 -4.5016747 1.4598668 10.400655 1.5416254997253418 0.794955849647522
Car 0.0 0 0.9338096976280212 877.8256225585938 103.88734436035156 1242.0 375.0 4.169286 1.4551711 1.6410071 2.6921468 1.3402197 3.3223577 1.6148070096969604 0.7198323607444763
Car 0.0 0 -1.7700945138931274 685.1071166992188 173.11753845214844 777.2084350585938 233.04031372070312 3.8736312 1.3542054 1.5321506 2.9011738 1.3619628 18.28797 -1.612767219543457 0.5679933428764343
Car 0.0 0 -1.9160687923431396 736.718994140625 165.67037963867188 963.4356689453125 297.0091857910156 3.827092 1.3855636 1.5460306 2.8357909 1.3101376 9.563626 -1.6278092861175537 0.481844037771225
Car 0.0 0 0.5841516852378845 499.93157958984375 153.5419921875 622.0243530273438 199.51454162597656 4.328993 1.590626 1.6314226 -1.8900348 0.92279875 26.735962 0.5135765075683594 0.42791783809661865
Car 0.0 0 -1.8075816631317139 622.7194213867188 174.0272979736328 653.6469116210938 194.53213500976562 3.5296733 1.4662452 1.5082376 2.036153 1.5569625 53.68653 -1.7696731090545654 0.19885967671871185
Car 0.0 0 1.8241583108901978 425.8586120605469 176.8434295654297 508.71307373046875 228.1092529296875 3.7099938 1.3465782 1.4935434 -4.125413 1.4743328 21.141659 1.6314479112625122 0.17602354288101196
