Pedestrian 0.0 0 0.13658693432807922 695.0253295898438 139.5274200439453 715.69287109375 191.21517944335938 0.6735586 1.890422 0.7004778 3.504125 0.67189765 26.813267 0.2665367126464844 0.37294355034828186
Car 0.0 0 1.847812294960022 368.0509948730469 177.93336486816406 462.67462158203125 229.37106323242188 4.242796 1.375464 1.6580269 -5.802873 1.5446817 21.848715 1.588212251663208 0.8054075241088867
Car 0.0 0 2.1822359561920166 0.0 180.297607421875 240.05250549316406 345.50927734375 3.6254327 1.415106 1.5575999 -5.9275045 1.5185772 8.167215 1.554424524307251 0.7505905032157898
Car 0.0 0 -1.8008989095687866 709.2798461914062 164.39071655273438 823.2667846679688 235.33848571777344 3.9094276 1.3713772 1.5640589 3.2460845 1.2081449 15.920683 -1.5997648239135742 0.7343785166740417
Car 0.0 0 -0.5457909107208252 938.3562622070312 149.76171875 1161.3746337890625 223.2117919921875 3.6808128 1.4388263 1.5280731 8.922621 0.98682535 14.907476 -0.006450609304010868 0.7155469059944153
Car 0.0 0 1.9922983646392822 202.8344268798828 179.00340270996094 383.0399169921875 263.8471374511719 4.3050895 1.3852603 1.6012684 -6.052047 1.5256577 14.260483 1.5909420251846313 0.6911635398864746
Car 0.0 0 -3.704150438308716 1032.0504150390625 134.61708068847656 1242.0 225.5466766357422 3.394101 1.4489799 1.5335809 9.360927 0.84002537 12.401589 -3.0575737953186035 0.6082789301872253
Car 0.0 0 -0.41351473331451416 867.441162109375 158.33795166015625 1051.314208984375 218.8100128173828 3.751209 1.4117326 1.5368874 8.401622 1.0732106 17.666782 0.03039073944091797 0.5201880931854248
Car 0.0 0 -1.7152835130691528 684.2919921875 169.72695922851562 757.8311157226562 222.37965393066406 4.0875783 1.4303985 1.5801058 3.1810977 1.3458052 21.643959 -1.5693542957305908 0.5004621744155884
Car 0.0 0 1.4128683805465698 665.1640014648438 172.66859436035156 713.72119140625 208.6933135986328 3.6930382 1.4721885 1.5235093 3.3524344 1.4649701 31.366919 1.5193421840667725 0.40977567434310913
Car 0.0 0 1.3174993991851807 738.7423095703125 157.80226135253906 783.7125244140625 188.68365478515625 4.3056345 1.8401418 1.72214 9.372772 0.94360626 45.184048 1.5220340490341187 0.3915192186832428
Car 0.0 0 0.6390093564987183 0.0 163.50613403320312 96.82061767578125 193.91534423828125 3.7953935 1.4988225 1.6170431 -28.42272 1.0384383 36.414066 -0.02375398948788643 0.35064104199409485
