Pedestrian 0.0 0 1.3950437307357788 1104.9920654296875 133.24143981933594 1137.4957275390625 195.970703125 0.7264986 1.9117879 0.70833766 15.863805 0.7048814 22.466774 2.009852409362793 0.2851440906524658
Pedestrian 0.0 0 1.2957441806793213 813.0372924804688 158.1178436279297 830.8033447265625 198.53993225097656 0.8365998 1.8356577 0.57724196 9.702665 1.1668137 33.184902 1.5801973342895508 0.24408602714538574
Pedestrian 0.0 0 -1.2750362157821655 242.9773712158203 124.6968002319336 298.06463623046875 230.5153045654297 0.942275 1.782353 0.62978625 -5.9914656 0.9715754 12.66245 -1.7169886827468872 0.19897042214870453
Pedestrian 0.0 0 1.5398240089416504 822.2550659179688 146.2535400390625 844.5930786132812 205.1199951171875 1.0452259 1.854109 0.6546531 7.165256 1.0166361 23.313925 1.8379992246627808 0.19305339455604553
Pedestrian 0.0 0 -2.29290771484375 83.99271392822266 112.09156799316406 168.67379760742188 260.7876892089844 0.6235299 1.8531476 0.6716511 -6.337992 1.0962447 9.393156 -2.8864827156066895 0.17688405513763428
Pedestrian 0.0 0 -2.978060483932495 641.2168579101562 175.81834411621094 666.0631713867188 228.41734313964844 0.746 1.7722085 0.72138906 1.4595026 1.8762112 24.79088 -2.9192557334899902 0.17519928514957428
Pedestrian 0.0 0 0.6979339718818665 24.8305721282959 169.61477661132812 103.78741455078125 285.00787353515625 0.72313404 1.6744926 0.603603 -8.197478 1.6278454 10.786466 0.04807734489440918 0.17251117527484894
Pedestrian 0.0 0 -0.10585662722587585 755.0440673828125 157.083740234375 773.7705688476562 196.6592559814453 0.78856224 1.8158265 0.6023487 7.1136045 1.0926043 33.44363 0.10372424125671387 0.15378132462501526
Pedestrian 0.0 0 3.569730758666992 30.575647354125977 109.22476959228516 112.38460540771484 227.6647186279297 0.9063769 1.9045695 0.6451825 -8.996118 0.88173974 12.01165 2.9269025325775146 0.11827714741230011
Cyclist 0.0 0 3.586801052093506 79.3842544555664 66.8973617553711 271.70703125 226.94271850585938 1.998162 1.8924954 0.5273786 -5.360347 0.639943 8.888891 3.0441501140594482 0.18939636647701263
Cyclist 0.0 0 3.3145899772644043 196.74832153320312 118.46817016601562 301.85107421875 226.7432403564453 1.5705512 1.8161174 0.54683656 -6.310539 0.90425193 12.587447 2.849874258041382 0.1432959884405136
Cyclist 0.0 0 -0.011613123118877411 646.3923950195312 165.2177276611328 675.7669067382812 200.78648376464844 1.487418 1.8033739 0.60263497 2.5719306 1.4165647 36.923866 0.05792951583862305 0.12086591869592667
Cyclist 0.0 0 2.6116034984588623 807.938232421875 152.31494140625 847.5191650390625 209.5380401611328 1.1197848 1.8299723 0.5263836 7.0311084 1.1734995 23.459908 2.902791738510132 0.10048581659793854
Car 0.0 0 2.2063822746276855 397.6012878417969 178.85260009765625 660.52880859375 305.1033935546875 4.3359632 1.4894471 1.711111 -1.0323675 1.6006074 11.0265465 2.1130287647247314 0.9302809238433838
Car 0.0 0 1.0558414459228516 796.4769287109375 191.3502960205078 1242.0 375.0 3.8265872 1.6075399 1.5990999 2.4197671 1.771576 4.455393 1.5533792972564697 0.883105456829071
