Pedestrian 0.0 0 -1.8141893148422241 844.3321533203125 165.06658935546875 873.2750244140625 225.05718994140625 0.9559514 1.792359 0.6222051 7.5505834 1.5600502 22.057917 -1.4843841791152954 0.6408536434173584
Pedestrian 0.0 0 -2.0011725425720215 861.885009765625 163.86471557617188 895.8259887695312 222.9401397705078 1.174304 1.7591581 0.52951777 8.172014 1.4918318 22.088892 -1.6468275785446167 0.37361598014831543
Pedestrian 0.0 0 -2.163428544998169 744.9653930664062 171.26966857910156 765.5508422851562 208.59617614746094 0.8113438 1.7413378 0.6043594 6.8326306 1.6677842 34.148808 -1.9659521579742432 0.2947654724121094
Pedestrian 0.0 0 -2.2880256175994873 968.5745239257812 166.07830810546875 1010.5469360351562 231.80723571777344 0.798903 1.7182072 0.6221485 10.107269 1.5414435 19.319788 -1.8060250282287598 0.19603365659713745
Pedestrian 0.0 0 1.6382609605789185 703.7813110351562 167.38470458984375 712.8648071289062 198.24830627441406 1.0717206 1.8256971 0.469646 5.8637137 1.5025254 43.251022 1.7730133533477783 0.14207801222801208
Pedestrian 0.0 0 -3.181981086730957 661.5473022460938 175.8236541748047 670.1000366210938 197.6138458251953 0.6905186 1.8175932 0.6349847 4.6641293 2.0687444 60.602898 -3.105170249938965 0.11646071821451187
Cyclist 0.0 0 -1.9075766801834106 815.5291748046875 160.83377075195312 859.9080200195312 232.59237670898438 1.7708815 1.7041036 0.49323702 5.6140003 1.4190086 18.025627 -1.6056528091430664 0.9348165392875671
Cyclist 0.0 0 -1.0492045879364014 0.0 197.7902374267578 27.955486297607422 235.82298278808594 1.3678237 1.6951638 0.41574657 -27.964916 2.8881166 33.796173 -1.740465521812439 0.18678690493106842
Cyclist 0.0 0 -2.092027187347412 863.9567260742188 163.5680694580078 908.2433471679688 223.69212341308594 1.6869963 1.7701536 0.48826042 8.391599 1.4971181 22.112003 -1.7293133735656738 0.1638338714838028
Cyclist 0.0 0 -3.5809109210968018 965.2280883789062 165.83111572265625 1014.1714477539062 230.80245971679688 0.9981926 1.7109766 0.6016377 10.109557 1.5263915 19.32034 -3.0988290309906006 0.10147211700677872
Car 0.0 0 -0.27609729766845703 746.9264526367188 175.78823852539062 812.4268798828125 197.49526977539062 4.3149643 1.5355153 1.7022804 12.224407 1.7522066 52.244324 -0.04624708369374275 0.1968090832233429
Car 0.0 0 1.5832278728485107 896.5634155273438 183.31497192382812 918.2966918945312 203.0528106689453 3.6952238 1.5109565 1.6061652 24.474707 2.401488 59.381824 1.9741714000701904 0.16843029856681824
Car 0.0 0 -1.662738561630249 815.4078369140625 175.2648162841797 860.2489624023438 210.58473205566406 3.9016027 1.518829 1.6143229 10.438314 1.6376809 33.384956 -1.3597031831741333 0.11096595227718353
