Pedestrian 0.0 0 -0.38565969467163086 893.8690795898438 151.52532958984375 911.7474365234375 195.46157836914062 0.5545931 1.9450057 0.59991515 13.040275 1.0011687 32.23918 -0.001292673870921135 0.4476846754550934
Pedestrian 0.0 0 0.18731169402599335 323.0163269042969 171.53932189941406 333.92913818359375 195.1920166015625 0.6866566 1.818402 0.6046589 -21.807241 1.7176877 55.828907 -0.1850723773241043 0.22610251605510712
Pedestrian 0.0 0 1.8233132362365723 158.89093017578125 164.2948760986328 183.40367126464844 209.74070739746094 0.9097523 1.9056185 0.68941563 -18.759401 1.5470783 30.78791 1.2760757207870483 0.2260918766260147
Pedestrian 0.0 0 1.6258589029312134 737.5189208984375 166.57260131835938 743.4236450195312 187.90623474121094 0.8314027 1.9516492 0.49087486 12.001375 1.3773695 66.46636 1.804497241973877 0.12007782608270645
Cyclist 0.0 0 -3.4686124324798584 987.015380859375 155.59823608398438 1038.5577392578125 200.34799194335938 1.6811177 1.7675027 0.668818 16.117691 1.0863018 28.976131 -2.9609909057617188 0.16370530426502228
Car 0.0 0 1.9816921949386597 202.414794921875 187.5318603515625 284.2073669433594 226.58267211914062 3.8738463 1.407782 1.5579362 -14.910132 2.0480242 29.474394 1.5133618116378784 0.8021295070648193
Car 0.0 0 1.546822190284729 586.4835815429688 174.04379272460938 608.5848999023438 194.34771728515625 4.2222204 1.583643 1.6897277 -1.0694604 1.684288 58.671185 1.5285961627960205 0.5524707436561584
Car 0.0 0 1.5808964967727661 801.7517700195312 178.9077606201172 820.11376953125 196.39878845214844 4.0848145 1.4942657 1.553244 18.18951 2.0609899 65.3238 1.852468729019165 0.2065206617116928
Car 0.0 0 0.6130345463752747 879.8652954101562 178.0070343017578 950.073486328125 203.6387939453125 4.0414076 1.5839957 1.6663246 20.030947 1.9397678 47.6082 1.011296272277832 0.16929292678833008
Car 0.0 0 1.979243278503418 259.8582458496094 168.71836853027344 324.28863525390625 204.12728881835938 4.796305 2.039381 1.8357584 -19.295502 1.8015469 43.957188 1.565606951713562 0.1573047637939453
Car 0.0 0 2.583333969116211 201.9447479248047 160.1073455810547 277.060302734375 192.10031127929688 4.0834966 2.0209944 1.8201237 -24.507704 1.2161462 47.796227 2.1095354557037354 0.1555047482252121
Car 0.0 0 1.5309678316116333 851.9090576171875 175.66348266601562 878.2444458007812 198.612548828125 3.7046518 1.5241593 1.5821478 17.756802 1.7286171 50.41167 1.8696331977844238 0.13539470732212067
Car 0.0 0 2.3403005599975586 1180.3863525390625 194.892822265625 1242.0 221.48602294921875 3.9880342 1.4880263 1.6358637 36.554443 2.834153 43.04916 3.044290781021118 0.12019506841897964
