Pedestrian 0.0 0 0.34358644485473633 248.3921356201172 150.36900329589844 304.183837890625 258.6831970214844 0.6781385 1.7099591 0.54418933 -5.4491444 1.3553456 11.690465 -0.09259061515331268 0.4513745903968811
Pedestrian 0.0 0 0.0011127889156341553 311.7442932128906 136.02828979492188 404.9856872558594 290.5796813964844 1.0037004 1.7258189 0.58825886 -3.010087 1.3149574 8.498783 -0.33927974104881287 0.20983076095581055
Pedestrian 0.0 0 0.48246610164642334 198.37709045410156 139.8321990966797 278.3392639160156 269.5534362792969 0.7798507 1.6605306 0.5303073 -4.9339886 1.2381842 9.49998 0.003444194793701172 0.19863733649253845
Pedestrian 0.0 0 -1.198833703994751 723.0927734375 149.31443786621094 750.7197875976562 212.0148468017578 0.64062923 1.7821996 0.5986038 3.6378608 1.113468 20.935257 -1.0267844200134277 0.19101499021053314
Pedestrian 0.0 0 -2.5117721557617188 907.040771484375 142.2303009033203 933.8138427734375 202.5489959716797 0.4582803 1.9368132 0.73507756 10.087621 0.95385444 23.550356 -2.1070737838745117 0.17504455149173737
Pedestrian 0.0 0 1.6176607608795166 1220.70751953125 163.81317138671875 1242.0 209.68939208984375 1.5218872 1.7687991 0.5888771 24.582918 1.42058 28.57202 2.328152656555176 0.10163384675979614
Cyclist 0.0 0 1.6841578483581543 1218.148681640625 163.01748657226562 1242.0 209.0529022216797 1.6618488 1.7732723 0.59318995 24.560883 1.3947303 28.573044 2.394188642501831 0.23512984812259674
Cyclist 0.0 0 1.7948390245437622 1033.36328125 172.1703338623047 1070.6561279296875 240.79832458496094 1.4885191 1.655232 0.4816354 11.050994 1.639101 18.101166 2.3429527282714844 0.17933596670627594
Cyclist 0.0 0 2.2392616271972656 123.2022705078125 156.40438842773438 257.2237548828125 309.50946044921875 1.4335392 1.6626478 0.6255049 -4.990072 1.4843707 8.586629 1.7128219604492188 0.17714019119739532
Car 0.0 0 1.9640992879867554 840.4657592773438 174.35760498046875 1061.4693603515625 298.5894775390625 3.6718202 1.4639082 1.5718993 4.939826 1.4896274 10.35548 2.409198760986328 0.9106454253196716
Car 0.0 0 -1.3766446113586426 1066.819580078125 178.9105682373047 1200.5281982421875 257.97796630859375 3.7214923 1.3740909 1.5031127 10.636541 1.5125377 14.6315775 -0.7480543255805969 0.8074823021888733
Car 0.0 0 -0.9840108156204224 586.3985595703125 164.15797424316406 890.843505859375 338.0346374511719 3.47775 1.436205 1.5167388 1.473383 1.3647345 7.72993 -0.7956625819206238 0.7475079298019409
Car 0.0 0 -3.067030668258667 1072.657958984375 167.99920654296875 1195.674560546875 211.72691345214844 3.4638197 1.4631982 1.4861276 18.672352 1.301107 25.825584 -2.441023111343384 0.5685828924179077
Car 0.0 0 1.752516746520996 959.4886474609375 179.35540771484375 1068.611083984375 247.95591735839844 4.0039783 1.4135549 1.5815191 9.716836 1.5882242 17.29761 2.2643320560455322 0.2062588930130005
Car 0.0 0 -3.1341819763183594 1185.9400634765625 147.43536376953125 1242.0 177.01815795898438 3.3528597 1.7692587 1.706803 37.984703 0.24940446 44.889973 -2.4319136142730713 0.17496426403522491
Car 0.0 0 -1.4399257898330688 1208.15771484375 153.80979919433594 1242.0 184.15911865234375 3.569537 1.5086019 1.6266011 32.577995 0.5623119 37.657055 -0.7267171144485474 0.16944977641105652
