Car 0.0 0 -1.3074465990066528 364.70135498046875 173.1588592529297 488.1307067871094 255.75485229492188 3.9868855 1.6058497 1.6599365 -3.911263 1.3725688 15.984677 -1.547419786453247 0.9713976979255676
Car 0.0 0 -1.5947641134262085 578.7766723632812 174.42262268066406 643.23828125 235.8927459716797 3.4042428 1.5851486 1.6647791 -0.00148068 1.3079554 20.255213 -1.5948371887207031 0.9190102815628052
Car 0.0 0 -1.1753039360046387 242.73666381835938 183.64605712890625 354.5214538574219 244.8794708251953 3.4948883 1.4840239 1.5005996 -8.154097 1.447114 19.170477 -1.5774680376052856 0.8504685163497925
Car 0.0 0 -1.4168329238891602 461.9042053222656 179.81373596191406 516.6972045898438 219.90597534179688 3.7485876 1.4503162 1.5394267 -4.5613627 1.2560346 27.881016 -1.5789973735809326 0.8043566942214966
Car 0.0 0 -1.6308948993682861 571.9877319335938 179.0941619873047 614.1041870117188 216.10198974609375 3.47877 1.4607741 1.5490826 -0.7026119 1.2202762 30.168783 -1.6541800498962402 0.5715654492378235
Car 0.0 0 -1.2345879077911377 343.73944091796875 185.5775909423828 415.66693115234375 222.5992431640625 3.706165 1.3383243 1.5208945 -8.797283 1.3544451 27.894926 -1.5400872230529785 0.5389317870140076
Car 0.0 0 -1.0048372745513916 0.0 94.24756622314453 307.7885437011719 376.0 4.3850255 1.8863097 1.7048308 -4.0998917 1.4471312 5.71284 -1.6273192167282104 0.4180225431919098
Car 0.0 0 -1.4500964879989624 489.6396484375 179.48562622070312 528.26123046875 209.4737548828125 3.9402275 1.5476875 1.618437 -5.347884 1.2530899 39.07864 -1.5861009359359741 0.40989798307418823
Car 0.0 0 1.8546497821807861 310.132568359375 176.62026977539062 364.9284973144531 208.0709228515625 3.5769491 1.4247868 1.5137053 -12.896372 1.0365258 34.402077 1.4959914684295654 0.3177274465560913
Car 0.0 0 -1.2996273040771484 429.0133056640625 172.13914489746094 474.68505859375 200.26565551757812 3.8093758 1.5611273 1.6384424 -9.044425 0.8364613 41.844624 -1.512495756149292 0.28362542390823364
