Pedestrian 0.0 0 0.8891648054122925 816.1984252929688 135.446533203125 849.7288818359375 190.66058349609375 0.994648 1.826469 0.5887926 7.4990807 0.5893961 24.436956 1.1869165897369385 0.13515011966228485
Pedestrian 0.0 0 -0.14614692330360413 792.0676879882812 137.23680114746094 816.6869506835938 194.98558044433594 0.7129602 1.9133797 0.635759 6.485248 0.7336393 24.260542 0.11506223678588867 0.12526583671569824
Pedestrian 0.0 0 -3.0113751888275146 1205.0740966796875 167.1781005859375 1242.0 355.7283630371094 0.42462245 1.6922003 0.6825702 5.942862 1.6416181 6.8583198 -2.2973690032958984 0.11524954438209534
Cyclist 0.0 0 1.2103830575942993 704.131591796875 155.32968139648438 748.22265625 225.44366455078125 1.7900693 1.8006876 0.5735801 3.0612204 1.3509811 19.462606 1.3663922548294067 0.9258750677108765
Cyclist 0.0 0 0.9449082612991333 815.5302734375 135.70880126953125 851.331787109375 191.07781982421875 1.1569419 1.8255479 0.5904523 7.5095096 0.60120773 24.42947 1.2431360483169556 0.11904392391443253
Car 0.0 0 -1.6275511980056763 583.7988891601562 172.37777709960938 612.0376586914062 196.12928771972656 4.0507627 1.5242636 1.6583474 -0.8788139 1.4940599 48.38403 -1.6457124948501587 0.6710938811302185
Car 0.0 0 1.9943406581878662 69.11604309082031 199.240966796875 165.25213623046875 244.7195281982422 3.5102239 1.4755298 1.7291163 -18.67843 2.5490677 27.464691 1.397103190422058 0.2399103343486786
Car 0.0 0 2.207385540008545 224.60719299316406 189.20616149902344 316.6858825683594 228.87937927246094 3.7998152 1.4725446 1.563 -14.258454 2.2089355 30.457815 1.7695510387420654 0.17610618472099304
Car 0.0 0 1.808701992034912 375.20709228515625 182.77931213378906 447.3697814941406 228.9605712890625 3.992194 1.4566275 1.5713147 -7.005552 1.8374925 25.640934 1.5419937372207642 0.1709287315607071
Car 0.0 0 1.9418641328811646 250.70228576660156 185.9534454345703 390.3253173828125 261.1789245605469 4.4497666 1.5156604 1.6204588 -6.870866 1.8748826 17.537258 1.568458080291748 0.12321915477514267
