Pedestrian 0.0 0 -1.3101812601089478 189.04830932617188 158.3816680908203 273.6742858886719 319.909423828125 1.0048398 1.6437209 0.5872893 -4.0669193 1.4098321 7.861051 -1.787612795829773 0.7608917355537415
Pedestrian 0.0 0 -2.30171537399292 591.703857421875 159.34669494628906 681.1904296875 314.12115478515625 0.84721136 1.6616856 0.6139983 0.3453586 1.4252024 8.231709 -2.2597854137420654 0.6935238838195801
Pedestrian 0.0 0 -1.7681884765625 740.30322265625 165.13656616210938 771.3505859375 239.85365295410156 0.7234642 1.6672878 0.5591961 3.4798713 1.3033605 16.391806 -1.559000849723816 0.6300963759422302
Pedestrian 0.0 0 1.2367196083068848 645.4845581054688 167.92169189453125 682.463134765625 232.90562438964844 0.94354147 1.7312123 0.7386102 1.6732805 1.3706423 19.682573 1.3215290307998657 0.6154758930206299
Pedestrian 0.0 0 2.2485947608947754 721.115478515625 169.2454071044922 754.8928833007812 233.9375762939453 0.7272956 1.6547005 0.5306924 3.5448632 1.3424293 18.80893 2.4348766803741455 0.6035319566726685
Pedestrian 0.0 0 -0.5372958183288574 784.476318359375 143.755615234375 832.51171875 242.04635620117188 0.6360509 1.7722696 0.60290176 3.7936165 1.0929742 13.322658 -0.25988858938217163 0.5544112324714661
Pedestrian 0.0 0 0.9574410319328308 716.1647338867188 163.3113555908203 748.5985717773438 228.00631713867188 0.7670973 1.7243071 0.52337676 3.5370238 1.240692 19.601173 1.1359694004058838 0.5223780870437622
Pedestrian 0.0 0 1.6944739818572998 806.2520751953125 139.21116638183594 837.8672485351562 225.2812042236328 0.9621167 1.7719128 0.53308594 4.680096 0.90255624 15.333587 1.9907115697860718 0.489687979221344
Pedestrian 0.0 0 3.437232494354248 0.0 184.2706298828125 144.1629638671875 374.0 0.65095025 1.6945335 0.6714035 -2.5090446 1.709753 3.140683 2.763171911239624 0.44369375705718994
Pedestrian 0.0 0 -1.463492512702942 735.5454711914062 164.21820068359375 755.4292602539062 211.6880645751953 0.65322345 1.7664615 0.6715133 5.4258637 1.1244018 27.140535 -1.266176462173462 0.4048605263233185
Pedestrian 0.0 0 1.3117212057113647 758.94580078125 160.27618408203125 780.2648315429688 206.23416137695312 0.6616801 1.840912 0.69374156 6.79401 0.9917629 29.11234 1.5409899950027466 0.3075762391090393
Pedestrian 0.0 0 -0.08035514503717422 597.1273193359375 176.07717895507812 614.6671142578125 210.07521057128906 0.87371194 1.7638947 0.57336384 0.22535239 1.4834024 37.584564 -0.07435934245586395 0.3007424771785736
Pedestrian 0.0 0 -1.8132379055023193 660.5621337890625 153.4346160888672 732.9397583007812 305.5395202636719 0.9259672 1.6658031 0.62409276 1.0408784 1.359796 8.361003 -1.6893830299377441 0.2867473363876343
Pedestrian 0.0 0 -2.2855300903320312 707.6619873046875 162.50404357910156 736.7390747070312 206.35491943359375 1.0887917 1.73514 0.58847183 4.8586993 0.984494 29.039211 -2.119750499725342 0.27420076727867126
Pedestrian 0.0 0 2.143939733505249 160.9044647216797 156.6913299560547 233.62796020507812 240.31394958496094 1.7284807 1.699614 0.51210314 -8.703131 1.196624 15.475622 1.6316438913345337 0.10451995581388474
Cyclist 0.0 0 1.663109540939331 414.2373352050781 164.39566040039062 457.9002990722656 268.6086120605469 1.7968528 1.751851 0.6117203 -3.0067933 1.4656063 13.004211 1.4358856678009033 0.9463607668876648
Cyclist 0.0 0 1.9066102504730225 331.306396484375 162.98745727539062 428.2552795410156 329.0538024902344 1.7041316 1.7042066 0.5308837 -2.5314512 1.5155915 8.230485 1.6082229614257812 0.8256978392601013
Cyclist 0.0 0 1.926680326461792 162.66073608398438 180.55105590820312 215.50804138183594 264.0703430175781 1.6131843 1.6673983 0.436004 -8.716663 1.6496992 15.169889 1.405144453048706 0.3561868965625763
Cyclist 0.0 0 -2.850668430328369 703.8914184570312 162.0909881591797 743.7325439453125 207.1901397705078 1.4781257 1.7849727 0.5957391 4.925639 1.0177928 29.02277 -2.682554006576538 0.29220640659332275
Car 0.0 0 1.717469573020935 481.27685546875 172.30633544921875 524.7147827148438 205.1072998046875 4.523241 1.7682844 1.8142735 -5.55025 1.2734898 40.994915 1.5828990936279297 0.7766348123550415
Car 0.0 0 -2.117241621017456 384.1556396484375 163.08204650878906 452.0652160644531 197.70712280273438 3.9981737 1.7558304 1.6822436 -9.847742 0.8227307 38.422398 -2.36814284324646 0.29175350069999695
