Pedestrian 0.0 0 -3.1835250854492188 991.1883544921875 118.76126098632812 1054.9593505859375 252.49224853515625 0.7388784 1.778784 0.38686326 5.7009497 0.95925653 9.743571 -2.654134511947632 0.3840617537498474
Pedestrian 0.0 0 0.9647853970527649 272.2313232421875 175.73318481445312 325.410888671875 259.754638671875 0.7667448 1.6598543 0.68244314 -6.29993 1.5673151 14.454704 0.553769588470459 0.3648279905319214
Pedestrian 0.0 0 -0.10746940970420837 775.3477172851562 155.3482666015625 796.5054931640625 187.78182983398438 1.1201625 1.8437626 0.5682435 10.36438 0.41533747 40.549812 0.14276933670043945 0.3326391279697418
Pedestrian 0.0 0 3.5254480838775635 115.01665496826172 115.30918884277344 207.8952178955078 256.46136474609375 0.9224079 1.8851072 0.6439992 -6.195169 1.0161465 9.836417 2.963390350341797 0.29256343841552734
Pedestrian 0.0 0 -1.5605326890945435 789.2794189453125 161.63870239257812 803.235107421875 196.12977600097656 0.6645435 1.8255053 0.7146437 10.226144 0.8286458 37.83357 -1.2965478897094727 0.27083155512809753
Pedestrian 0.0 0 1.843898892402649 117.62088012695312 153.25411987304688 136.608642578125 193.1431121826172 0.80858165 1.9331138 0.577432 -23.4893 0.614155 34.73508 1.2492969036102295 0.2612772285938263
Pedestrian 0.0 0 -1.7591885328292847 986.1593627929688 140.44964599609375 1006.1365966796875 183.07862854003906 0.557392 2.0113454 0.74187595 18.643759 0.12311496 33.735725 -1.254319667816162 0.24575556814670563
Pedestrian 0.0 0 -3.085035800933838 584.9824829101562 168.61672973632812 593.0971069335938 193.71200561523438 0.53371245 1.754361 0.69252574 -1.1176121 0.9249239 49.77859 -3.1074836254119873 0.2214381843805313
Pedestrian 0.0 0 1.485224962234497 1020.8499145507812 145.32684326171875 1039.303466796875 187.30224609375 0.67528456 1.9436355 0.6859788 19.932545 0.31642592 33.188416 2.026076316833496 0.20975558459758759
Pedestrian 0.0 0 -0.09605176746845245 722.7420043945312 160.708251953125 736.26416015625 185.4390106201172 1.0161216 1.9452572 0.41879845 9.8466015 0.38973123 55.858257 0.07843399047851562 0.17345167696475983
Pedestrian 0.0 0 -2.963966131210327 497.9203186035156 166.12623596191406 511.47772216796875 199.64927673339844 0.6114255 1.7944356 0.7052434 -5.4280696 1.0264372 38.205788 -3.1050961017608643 0.16908787190914154
Pedestrian 0.0 0 -2.132023811340332 968.1680297851562 143.1279754638672 1025.513427734375 210.55496215820312 1.687858 1.699811 0.4982955 10.283302 0.7592686 18.676422 -1.6287174224853516 0.1112774908542633
Cyclist 0.0 0 1.1528159379959106 876.2598266601562 154.79531860351562 904.6633911132812 192.62950134277344 1.6931823 1.7497181 0.6123281 13.514023 0.56240773 33.550735 1.5357283353805542 0.616639256477356
Cyclist 0.0 0 -2.1234312057495117 966.7080078125 142.7123565673828 1027.2491455078125 211.7067413330078 1.820848 1.7345852 0.51532316 10.291325 0.78616136 18.692951 -1.6201691627502441 0.3255499005317688
Cyclist 0.0 0 -0.10746940970420837 775.3477172851562 155.3482666015625 796.5054931640625 187.78182983398438 1.1201625 1.8437626 0.5682435 10.36438 0.41533747 40.549812 0.14276933670043945 0.17158262431621552
Car 0.0 0 -0.8420881032943726 0.0 206.61988830566406 293.2655334472656 370.0 3.7128773 1.4716122 1.5498099 -3.117675 1.6675678 3.3847723 -1.586432933807373 0.8067816495895386
Car 0.0 0 -1.486328125 0.0 185.60557556152344 15.828278541564941 219.2395782470703 4.1097775 1.6642007 1.7049125 -32.789036 1.9541763 37.797894 -2.2008848190307617 0.26675453782081604
