Pedestrian 0.0 0 1.1607346534729004 837.4190063476562 163.96258544921875 862.6243896484375 205.6990509033203 0.93993485 1.8118861 0.7403052 10.538749 1.4262451 31.822464 1.4805397987365723 0.5327154994010925
Pedestrian 0.0 0 2.2630276679992676 66.83879089355469 163.4019317626953 141.11630249023438 270.45013427734375 0.8978591 1.7688515 0.61378735 -8.72276 1.6130246 12.391569 1.6496710777282715 0.21104054152965546
Pedestrian 0.0 0 1.7670018672943115 569.5770874023438 177.1240692138672 583.5128173828125 207.44017028808594 0.69528717 1.7077324 0.67204034 -1.9398278 1.953943 41.146717 1.7198926210403442 0.13033470511436462
Pedestrian 0.0 0 1.7859416007995605 282.8008117675781 170.4680633544922 311.4194641113281 228.47088623046875 0.8903469 1.8092775 0.66402316 -10.013132 1.7352114 23.005283 1.3754181861877441 0.12511153519153595
Pedestrian 0.0 0 1.7082411050796509 653.80712890625 173.7535400390625 666.633544921875 204.15769958496094 0.7094302 1.674283 0.6218389 2.7630026 1.7252307 40.16572 1.7769229412078857 0.12452396750450134
Pedestrian 0.0 0 2.3089239597320557 987.2125854492188 149.75607299804688 1024.0936279296875 210.58106994628906 0.75620335 1.8228445 0.64830005 12.041874 1.1309885 22.05067 2.8087680339813232 0.12420307099819183
Pedestrian 0.0 0 -1.053968906402588 102.91616821289062 162.90383911132812 123.70303344726562 197.33534240722656 0.6572841 1.849396 0.694587 -26.95527 1.3153079 39.110176 -1.6574190855026245 0.1087491437792778
Pedestrian 0.0 0 2.959825038909912 652.0888671875 157.77117919921875 673.2291259765625 197.3040313720703 0.9007555 1.8489349 0.6062525 2.4457278 1.1438756 34.09407 3.0314371585845947 0.10765732824802399
Cyclist 0.0 0 -1.7892400026321411 929.6936645507812 154.32449340820312 956.79931640625 202.29994201660156 1.957102 1.7607962 0.52152514 12.635945 1.0810837 27.490683 -1.3583946228027344 0.21050894260406494
Car 0.0 0 1.7941299676895142 446.8979187011719 182.3302764892578 563.0675048828125 263.7332763671875 4.013687 1.5037408 1.6620349 -2.2063293 1.739864 15.878422 1.6560626029968262 0.9231701493263245
Car 0.0 0 1.696197509765625 577.91650390625 179.4060821533203 621.5802001953125 213.13270568847656 3.4692054 1.3961395 1.5385689 -0.45057544 1.7069715 32.378315 1.6822824478149414 0.840671181678772
Car 0.0 0 1.692456603050232 675.774658203125 170.32464599609375 700.8696899414062 192.9764862060547 4.0296574 1.8162521 1.5989652 6.5204372 1.6138017 59.99502 1.8007146120071411 0.14860494434833527
Car 0.0 0 -1.8063071966171265 538.411376953125 173.91766357421875 579.2091064453125 200.66676330566406 3.5797598 1.4923663 1.5902784 -3.0804176 1.5580355 42.35431 -1.8789091110229492 0.12500472366809845
Car 0.0 0 -1.371524691581726 298.0074768066406 163.02346801757812 357.87811279296875 212.4846954345703 3.7439272 1.8537111 1.5299861 -11.303328 1.4856398 29.014467 -1.7430123090744019 0.12354198843240738
Car 0.0 0 1.458066701889038 922.1536254882812 174.94398498535156 976.4857788085938 214.33616638183594 3.5154471 1.4129447 1.5082158 13.048014 1.4998971 27.9864 1.894332766532898 0.11747963726520538
Car 0.0 0 0.4190734624862671 98.69518280029297 161.7156524658203 195.20521545410156 189.53652954101562 4.2194366 1.4977114 1.5806688 -25.594765 0.89844686 39.93898 -0.150840163230896 0.1088249534368515
