Pedestrian 0.0 0 -3.0864720344543457 956.285888671875 159.97384643554688 998.405517578125 262.6198425292969 0.5974205 1.6685412 0.5857177 6.223529 1.3365353 11.892788 -2.604356527328491 0.606826901435852
Pedestrian 0.0 0 -1.4145671129226685 278.2557067871094 177.5083465576172 318.7069091796875 257.89190673828125 0.67861676 1.595975 0.6630237 -6.2942424 1.5382063 14.445017 -1.8254976272583008 0.5057304501533508
Pedestrian 0.0 0 0.06552189588546753 995.2672729492188 117.89312744140625 1060.6541748046875 252.0980987548828 0.75188285 1.7811512 0.37825194 5.783555 0.95191324 9.747462 0.601029634475708 0.3649803698062897
Pedestrian 0.0 0 1.0300252437591553 116.13651275634766 152.54966735839844 138.556640625 192.23939514160156 0.8394276 1.9257374 0.5606101 -23.48107 0.5710329 34.732124 0.4355463981628418 0.2919687032699585
Pedestrian 0.0 0 -1.3129205703735352 787.89208984375 161.7810821533203 804.839599609375 196.16831970214844 0.6808544 1.8166621 0.72600615 10.2286825 0.829161 37.82421 -1.0488109588623047 0.2786318063735962
Pedestrian 0.0 0 1.6894502639770508 1020.2472534179688 146.72142028808594 1039.6431884765625 188.92788696289062 0.5762956 1.9554362 0.7177352 19.939627 0.3919197 33.2004 2.2302989959716797 0.2602117955684662
Pedestrian 0.0 0 1.6704463958740234 974.1759033203125 156.71029663085938 1017.9999389648438 266.8424377441406 0.62027985 1.6844335 0.5516588 6.1665506 1.3222373 11.220924 2.172950267791748 0.2527073323726654
Pedestrian 0.0 0 3.5504002571105957 117.94264221191406 117.403564453125 218.6728515625 260.4759216308594 1.0296614 1.9190736 0.6368679 -6.1182237 1.0744132 9.868905 2.99544095993042 0.224651038646698
Pedestrian 0.0 0 -3.068781614303589 584.8989868164062 168.6205291748047 593.137939453125 193.77439880371094 0.5314371 1.758401 0.6980955 -1.1192062 0.9292564 49.78381 -3.091259241104126 0.21120651066303253
Pedestrian 0.0 0 -1.078540563583374 985.8800048828125 139.81150817871094 1008.7449951171875 181.05088806152344 0.71848243 1.9375415 0.69609296 18.683987 0.027331758 33.70133 -0.5723262429237366 0.19585566222667694
Pedestrian 0.0 0 -0.11603504419326782 770.9258422851562 155.65914916992188 801.9292602539062 188.02284240722656 1.6716586 1.8390063 0.5249696 10.388898 0.42885605 40.544197 0.13480448722839355 0.17541919648647308
Cyclist 0.0 0 -1.8314788341522217 878.9539184570312 154.12574768066406 902.1526489257812 191.53372192382812 1.8306181 1.7264609 0.565196 13.527436 0.5106861 33.56987 -1.4484201669692993 0.6407082080841064
Cyclist 0.0 0 -0.11603504419326782 770.9258422851562 155.65914916992188 801.9292602539062 188.02284240722656 1.6716586 1.8390063 0.5249696 10.388898 0.42885605 40.544197 0.13480448722839355 0.316533625125885
Cyclist 0.0 0 -2.216853141784668 971.2138061523438 137.831787109375 1031.9822998046875 204.12701416015625 1.6859059 1.6625385 0.46885183 10.36141 0.5941077 18.593412 -1.708451271057129 0.24539855122566223
Car 0.0 0 1.3365331888198853 436.9290771484375 172.57723999023438 497.6633605957031 207.2069854736328 4.3168507 1.4642895 1.7485214 -6.363052 1.1307627 32.218475 1.1415455341339111 0.9233280420303345
Car 0.0 0 -0.8477084636688232 0.0 206.5833282470703 287.5651550292969 370.0 3.6752505 1.474934 1.5370625 -3.1304889 1.6699635 3.3797958 -1.5948309898376465 0.7868075966835022
Car 0.0 0 -0.08017075061798096 40.205413818359375 182.05661010742188 117.39028930664062 206.59283447265625 3.9795663 1.5482708 1.6701475 -34.79214 1.6568792 46.79522 -0.7194974422454834 0.22286918759346008
