Car 0.0 0 -1.7654914855957031 682.500732421875 181.51478576660156 780.3764038085938 251.60462951660156 3.7824824 1.4854053 1.6300973 2.801597 1.7211124 17.683867 -1.6083705425262451 0.9642449617385864
Car 0.0 0 -1.6631006002426147 656.5359497070312 174.78909301757812 707.5051879882812 219.75599670410156 3.7921124 1.6445253 1.6411536 2.7302353 1.7262768 28.44751 -1.567419171333313 0.9229773283004761
Car 0.0 0 -2.0882060527801514 815.5806274414062 187.00184631347656 1242.0 375.0 3.7691514 1.4884272 1.5677565 2.9137862 1.635654 5.5760636 -1.6066796779632568 0.9066492319107056
Car 0.0 0 -2.420276165008545 0.0 169.52398681640625 284.3104553222656 323.8958435058594 4.2302732 1.6196411 1.6772969 -6.401294 1.5850611 8.572294 -3.0616891384124756 0.9032880663871765
Car 0.0 0 3.4141528606414795 305.480712890625 168.9639892578125 469.79449462890625 226.7207489013672 4.271235 1.6122117 1.7485905 -6.4337173 1.5039847 21.063177 3.1177048683166504 0.8272669911384583
Car 0.0 0 1.0167399644851685 0.0 205.3396759033203 158.22613525390625 375.0 4.00031 1.4572761 1.6309273 -6.250691 1.789508 6.1329393 0.2218334674835205 0.802849292755127
Car 0.0 0 0.48058849573135376 211.56793212890625 172.7471466064453 429.0060119628906 253.6259765625 4.2492175 1.7049965 1.6942858 -6.487125 1.7031018 16.265118 0.10108542442321777 0.7684071063995361
Car 0.0 0 -2.583771228790283 0.0 179.5215606689453 312.5256042480469 294.0634460449219 3.8869476 1.6229901 1.6717459 -6.9415426 1.7342186 11.156923 -3.1403355598449707 0.7047631144523621
Car 0.0 0 3.2456302642822266 398.214111328125 174.11880493164062 501.2881164550781 215.7137451171875 3.8400905 1.5863491 1.6571703 -6.3247943 1.6387041 28.619225 3.028128147125244 0.5781844854354858
Car 0.0 0 1.4038619995117188 644.7660522460938 175.64663696289062 691.8807373046875 212.16546630859375 4.1230297 1.6318856 1.5811479 2.7007713 1.7747327 34.688564 1.4815629720687866 0.5176097750663757
