Pedestrian 0.0 0 -2.5011160373687744 589.962158203125 156.73104858398438 628.9038696289062 224.47357177734375 0.7277292 1.6555598 0.66017795 -0.061701532 1.2618891 18.1127 -2.5045225620269775 0.6717251539230347
Pedestrian 0.0 0 2.746213674545288 711.1674194335938 171.62583923339844 743.1136474609375 241.14337158203125 0.5949466 1.6770637 0.58683836 2.8298264 1.6477935 17.759007 2.904231071472168 0.11624974757432938
Pedestrian 0.0 0 -1.981542944908142 1078.3941650390625 52.43772888183594 1242.0 375.0 1.7719052 1.7070237 0.56504196 3.351873 1.1533047 4.24599 -1.3132860660552979 0.10600674152374268
Pedestrian 0.0 0 -0.5073279142379761 828.0762329101562 148.3435821533203 914.7684936523438 285.36822509765625 0.87661964 1.6823952 0.56283647 3.2700145 1.3818129 9.206317 -0.1660347580909729 0.10134147852659225
Cyclist 0.0 0 -1.981542944908142 1078.3941650390625 52.43772888183594 1242.0 375.0 1.7719052 1.7070237 0.56504196 3.351873 1.1533047 4.24599 -1.3132860660552979 0.3983680307865143
Car 0.0 0 -1.5738977193832397 622.2554931640625 164.2998809814453 691.5243530273438 227.03111267089844 3.6470337 1.4210752 1.5702329 1.119402 1.2276536 18.208696 -1.5124987363815308 0.8737376928329468
Car 0.0 0 2.405066967010498 0.0 200.46900939941406 138.61474609375 375.0 3.7428946 1.4733539 1.5753437 -3.6456857 1.649814 2.653458 1.4634348154067993 0.5920467972755432
Car 0.0 0 -1.2466965913772583 394.845703125 150.5223846435547 512.23095703125 221.61676025390625 4.26355 1.627799 1.6910477 -3.9469943 1.1168456 18.733377 -1.454352617263794 0.15733368694782257
Car 0.0 0 1.57197105884552 608.9174194335938 165.3735809326172 644.626953125 198.40191650390625 4.2209506 1.5715343 1.6996039 0.8084083 1.2159635 36.458755 1.594140648841858 0.12677623331546783
Car 0.0 0 1.8214757442474365 461.1285705566406 164.81402587890625 508.6383056640625 196.26083374023438 3.6583698 1.6745902 1.7636937 -6.9684806 1.2468076 40.3137 1.650310754776001 0.12016432732343674
Car 0.0 0 -1.8471715450286865 939.4244995117188 147.03408813476562 1242.0 350.1393737792969 3.888966 1.3562626 1.5465345 4.258794 1.1842046 6.8971996 -1.2940075397491455 0.11490055173635483
Car 0.0 0 -1.7066036462783813 675.25830078125 166.85928344726562 724.515625 203.89822387695312 3.347806 1.4814435 1.6191319 3.707313 1.2420313 30.542404 -1.5858120918273926 0.11147284507751465
