Pedestrian 0.0 0 -1.3381140232086182 809.7229614257812 138.3887939453125 831.32861328125 193.7635955810547 0.5143468 1.8918544 0.6181096 7.2587433 0.7147246 25.024296 -1.0557940006256104 0.2922387719154358
Pedestrian 0.0 0 2.431680202484131 1031.23095703125 151.7209930419922 1122.808837890625 290.1426086425781 0.7856241 1.702438 0.5937327 5.9003654 1.4428824 9.220401 3.0009403228759766 0.20336437225341797
Pedestrian 0.0 0 -0.7443413138389587 1198.542724609375 129.8098907470703 1242.0 211.28265380859375 0.8849908 1.8702865 0.6273172 14.426487 0.88252527 16.89087 -0.0374719575047493 0.19090864062309265
Pedestrian 0.0 0 2.474513530731201 847.0308837890625 130.1615753173828 887.2080688476562 198.80722045898438 0.8598925 1.8331338 0.5765108 6.961105 0.6934208 19.676508 2.814549684524536 0.12128441035747528
Cyclist 0.0 0 -1.6467152833938599 839.2836303710938 158.57650756835938 871.5336303710938 234.3773651123047 1.5469669 1.7532125 0.61953 5.8894033 1.4233439 17.511753 -1.32228684425354 0.17708435654640198
Cyclist 0.0 0 -1.8150731325149536 711.7075805664062 168.98245239257812 728.1732788085938 201.58184814453125 1.6630297 1.7425216 0.4992902 5.9613624 1.5359359 39.41662 -1.664970874786377 0.14413641393184662
Car 0.0 0 -1.452909231185913 591.4835815429688 179.83468627929688 623.4702758789062 204.59225463867188 4.0327916 1.5477138 1.6839504 -0.15723903 2.0365443 48.38742 -1.4561587572097778 0.6970885992050171
Car 0.0 0 -2.0654685497283936 807.3168334960938 159.0406036376953 851.461669921875 179.49755859375 3.911577 1.5473706 1.6522111 17.148663 0.50287783 56.655834 -1.771553635597229 0.21506692469120026
Car 0.0 0 1.7510921955108643 440.4434814453125 185.3834686279297 485.87786865234375 218.23123168945312 3.6516588 1.4593834 1.549065 -7.164659 2.1047313 35.299557 1.5508450269699097 0.1637575477361679
Car 0.0 0 2.000854969024658 478.07952880859375 182.4463348388672 515.4240112304688 202.19512939453125 3.924877 1.529628 1.5778668 -9.402071 2.3560216 60.02905 1.8454917669296265 0.146681010723114
Car 0.0 0 2.004474639892578 693.499755859375 165.2175750732422 736.9331665039062 189.10935974121094 4.029635 1.6952035 1.6356658 7.786695 1.1537309 53.32691 2.149467945098877 0.1380118876695633
Car 0.0 0 -1.2673529386520386 355.92767333984375 180.97080993652344 443.2448425292969 232.24761962890625 4.2975483 1.5220948 1.5996621 -6.9938498 1.8198502 24.267668 -1.5479457378387451 0.11993463337421417
Car 0.0 0 1.947410225868225 283.1248779296875 185.96701049804688 404.9064636230469 251.5029296875 4.2768316 1.4918543 1.6022587 -7.0398097 1.884978 19.448029 1.6001023054122925 0.11749625951051712
Car 0.0 0 1.8884743452072144 693.4282836914062 162.22642517089844 729.7130737304688 185.8579864501953 3.8351448 1.8319707 1.7830786 8.180545 1.0084554 58.046608 2.0284829139709473 0.10959677398204803
