Pedestrian 0.0 0 1.7614879608154297 984.2200317382812 117.81299591064453 1032.2188720703125 214.89129638671875 0.65166014 1.8496296 0.7195405 7.8019757 0.801293 14.225154 2.263150691986084 0.4644867181777954
Car 0.0 0 -1.8245923519134521 461.9853515625 177.02220153808594 505.3680114746094 204.4760284423828 4.076625 1.5784013 1.6477314 -7.8421783 1.8476288 44.343834 -1.9996318817138672 0.9298630356788635
Car 0.0 0 3.616771697998047 0.0 166.45162963867188 251.2263641357422 277.99267578125 3.9390917 1.6153549 1.6446208 -8.167163 1.5229925 11.53729 3.0007684230804443 0.8817275762557983
Car 0.0 0 2.5182008743286133 863.6231079101562 190.21546936035156 1242.0 354.6731872558594 3.744301 1.4235092 1.5622842 4.666742 1.6211542 7.3128653 3.0862040519714355 0.8631795048713684
Car 0.0 0 3.942178726196289 0.0 178.08567810058594 106.89385986328125 375.0 4.0664344 1.543316 1.6888628 -7.2312484 1.5975009 6.4997888 3.103560209274292 0.8568435311317444
Car 0.0 0 -0.8091033101081848 982.5254516601562 187.10888671875 1242.0 375.0 4.1363883 1.4187924 1.6454258 4.957044 1.532699 4.8876824 -0.016659662127494812 0.8355568647384644
Car 0.0 0 3.6643073558807373 0.0 172.3461151123047 164.1117401123047 315.9747314453125 3.8671904 1.5342818 1.6552953 -8.0345125 1.5292144 8.918477 2.931004047393799 0.758550763130188
Car 0.0 0 3.388458013534546 175.33665466308594 159.0213623046875 348.6875 224.52232360839844 4.1096306 1.7340403 1.6997042 -9.708385 1.3682 20.337284 2.9430787563323975 0.7338346838951111
Car 0.0 0 -2.35162615776062 1097.080810546875 183.1508331298828 1183.640380859375 213.70278930664062 3.847001 1.5323828 1.5647578 28.94203 2.126221 39.566174 -1.720080852508545 0.6673884987831116
Car 0.0 0 -1.2192108631134033 3.8949148654937744 145.5145263671875 98.08729553222656 202.33779907226562 3.9747875 2.2206385 1.8763512 -23.432133 1.152577 30.372307 -1.876328468322754 0.4913860261440277
Car 0.0 0 0.5015964508056641 64.40127563476562 173.73484802246094 318.2420654296875 260.4501647949219 4.012879 1.6001278 1.6828631 -8.142688 1.6189077 14.2084 -0.0188010111451149 0.4505332410335541
