Pedestrian 0.0 0 -0.07365047931671143 1048.45166015625 140.97059631347656 1101.432373046875 246.7257537841797 0.71315897 1.7544656 0.621345 8.030834 1.1003281 12.170039 0.5096428394317627 0.5382857918739319
Pedestrian 0.0 0 0.07118940353393555 995.1898193359375 119.04354095458984 1060.066162109375 255.88427734375 0.74195904 1.8141043 0.41247305 5.780757 1.0010457 9.749298 0.6064021587371826 0.444671094417572
Pedestrian 0.0 0 -2.517015218734741 274.85400390625 178.61769104003906 324.12860107421875 257.12274169921875 0.6506099 1.5618991 0.6821283 -6.2846556 1.5260783 14.464675 -2.9268906116485596 0.4446254074573517
Pedestrian 0.0 0 -0.1727863848209381 775.005859375 156.92044067382812 795.1112060546875 189.1706085205078 1.0434673 1.8362355 0.5162862 10.315714 0.49506438 40.549618 0.07632660865783691 0.3606756925582886
Pedestrian 0.0 0 3.6015677452087402 113.71500396728516 102.1080322265625 210.0898895263672 242.0447235107422 0.9539296 1.8713651 0.6312713 -6.1756625 0.82470584 9.812795 3.0398478507995605 0.34843721985816956
Pedestrian 0.0 0 1.7390776872634888 117.39466094970703 155.39649963378906 136.1415557861328 194.8912353515625 0.87415427 1.9109548 0.62667966 -23.504438 0.6977614 34.733192 1.1441514492034912 0.3105296790599823
Pedestrian 0.0 0 -1.897229552268982 788.5521240234375 160.14842224121094 806.2055053710938 196.39828491210938 0.6317425 1.9161872 0.7444565 10.246098 0.8418029 37.70803 -1.6319135427474976 0.298909991979599
Pedestrian 0.0 0 -0.6029034852981567 1075.572021484375 142.54119873046875 1139.403076171875 247.95423889160156 0.66727906 1.6704392 0.5175994 8.092016 1.0705765 11.462082 0.0118255615234375 0.269482284784317
Pedestrian 0.0 0 -0.10219202935695648 510.58258056640625 163.26840209960938 520.0155029296875 184.91372680664062 0.7491814 1.8526267 0.5902312 -7.707448 0.3789672 60.883682 -0.22811520099639893 0.25829026103019714
Cyclist 0.0 0 -2.001791000366211 977.2860107421875 142.9798583984375 1024.3216552734375 209.26524353027344 1.6523279 1.6675035 0.4245331 10.363047 0.7252247 18.621874 -1.4939720630645752 0.7498359084129333
Cyclist 0.0 0 -2.12660813331604 875.0477905273438 156.2656707763672 905.4036865234375 192.4740753173828 1.787666 1.6731514 0.46047473 13.516292 0.55476373 33.587143 -1.7440133094787598 0.7180438041687012
Cyclist 0.0 0 -0.1727863848209381 775.005859375 156.92044067382812 795.1112060546875 189.1706085205078 1.0434673 1.8362355 0.5162862 10.315714 0.49506438 40.549618 0.07632660865783691 0.11678636819124222
Car 0.0 0 0.9438567757606506 479.9068908691406 173.3516387939453 579.0582275390625 213.0261993408203 4.123451 1.4019355 1.6606244 -2.984402 1.150868 27.064117 0.834028959274292 0.8876256346702576
Car 0.0 0 -0.8446444272994995 0.0 202.8319854736328 289.738525390625 370.0 3.6770904 1.4843444 1.5267606 -3.1299338 1.6521783 3.403005 -1.5882678031921387 0.7931534051895142
