Pedestrian 0.0 0 1.8420636653900146 796.48388671875 158.55410766601562 825.0506591796875 222.904541015625 0.6614396 1.692644 0.5858434 5.3563724 1.3168645 19.410553 2.111314296722412 0.6846284866333008
Pedestrian 0.0 0 1.1370863914489746 1022.5431518554688 146.52992248535156 1074.313720703125 239.5048828125 0.7083352 1.7741137 0.62661463 8.535508 1.2721651 14.151524 1.6798197031021118 0.45581182837486267
Pedestrian 0.0 0 2.1447551250457764 102.43277740478516 167.32774353027344 138.9323272705078 229.23922729492188 0.7393307 1.8535663 0.61860126 -14.942041 1.6884738 21.976082 1.5476311445236206 0.3089502155780792
Pedestrian 0.0 0 -2.153672218322754 1125.9024658203125 145.89581298828125 1190.687744140625 243.37237548828125 0.7752394 1.7400427 0.624965 10.026623 1.2591732 13.284059 -1.507115125656128 0.24919839203357697
Pedestrian 0.0 0 1.719880223274231 215.2240447998047 181.43475341796875 238.451171875 225.99777221679688 0.7085263 1.7127976 0.71000695 -15.095005 2.0557926 28.356464 1.2307041883468628 0.20450866222381592
Pedestrian 0.0 0 0.01820431649684906 712.5259399414062 161.99876403808594 727.802734375 193.6791229248047 0.8700042 1.8300079 0.59762746 6.387931 1.2033156 42.0444 0.16898417472839355 0.2029935121536255
Pedestrian 0.0 0 1.3344426155090332 125.72147369384766 190.45631408691406 155.36752319335938 245.72413635253906 0.58188623 1.7221644 0.6817284 -15.149793 2.2998104 23.213322 0.7562181949615479 0.15284417569637299
Cyclist 0.0 0 -2.0475568771362305 722.2536010742188 168.7314910888672 736.4623413085938 191.4307098388672 1.5183882 1.7148199 0.42327306 9.114652 1.4037404 55.293484 -1.8841845989227295 0.21659636497497559
Cyclist 0.0 0 1.1969842910766602 783.4151000976562 166.9981231689453 804.8916015625 200.80690002441406 1.6203135 1.692654 0.50670373 9.384192 1.3998348 36.956867 1.445651650428772 0.15185660123825073
Car 0.0 0 2.03692626953125 241.5077362060547 184.92723083496094 349.2344665527344 233.52236938476562 4.389075 1.5116355 1.7339954 -11.134558 1.9812045 25.797342 1.6294647455215454 0.8243813514709473
Car 0.0 0 -1.5813220739364624 599.655517578125 174.4904022216797 626.560546875 199.70840454101562 3.7699099 1.5304507 1.6423174 0.1428931 1.6392523 45.922905 -1.578210473060608 0.700999915599823
Car 0.0 0 -2.177216053009033 1168.8485107421875 140.02452087402344 1242.0 188.23089599609375 4.3880124 2.3665817 1.7078475 31.556059 0.75525147 37.681858 -1.4800628423690796 0.23581713438034058
