Pedestrian 0.0 0 1.2550990581512451 855.1146850585938 172.57656860351562 882.551513671875 222.86305236816406 0.9470808 1.7589115 0.65719473 9.173091 1.749566 25.717287 1.597720980644226 0.521048367023468
Pedestrian 0.0 0 1.2951933145523071 716.5985717773438 181.548583984375 734.1353759765625 214.95828247070312 0.76236296 1.6927809 0.7111386 5.9063277 2.1464396 37.19491 1.4526724815368652 0.41480663418769836
Pedestrian 0.0 0 0.5080209374427795 1109.7225341796875 199.70773315429688 1162.0836181640625 280.9641418457031 0.7029113 1.6409461 0.5830103 11.0974455 2.2273402 15.301957 1.1354801654815674 0.41435205936431885
Pedestrian 0.0 0 -0.36818552017211914 1177.0301513671875 184.26507568359375 1228.285888671875 273.70245361328125 0.64234006 1.782391 0.59831035 12.142878 2.0238676 14.859162 0.3169543743133545 0.3224436938762665
Cyclist 0.0 0 1.2457027435302734 855.7906494140625 172.6510009765625 883.755126953125 223.65249633789062 0.98718345 1.7792784 0.6531383 9.1886635 1.7725549 25.668995 1.5894577503204346 0.21254369616508484
Car 0.0 0 2.1029016971588135 125.27339172363281 190.1165771484375 246.62461853027344 240.5470428466797 4.0447783 1.4296898 1.6254501 -13.903213 2.0495715 23.865866 1.5754071474075317 0.9465145468711853
Car 0.0 0 1.7537989616394043 365.7578125 182.38230895996094 406.1163330078125 209.800048828125 4.0660563 1.611687 1.7474978 -14.260116 2.247646 46.007153 1.4532349109649658 0.7217527031898499
Car 0.0 0 2.0175070762634277 96.11299896240234 188.74400329589844 199.02264404296875 235.06520080566406 4.103177 1.4816642 1.5789679 -16.986622 2.1163816 26.67087 1.4503977298736572 0.619229793548584
Car 0.0 0 -0.9268945455551147 0.0 186.17210388183594 103.2523193359375 228.30450439453125 3.1283169 1.452045 1.5457946 -21.16894 1.9878833 27.433798 -1.5841002464294434 0.5012710094451904
Car 0.0 0 -0.6134244799613953 907.6182861328125 181.94447326660156 1077.7484130859375 242.83499145507812 3.8330529 1.5263884 1.5948468 10.197119 1.7847285 19.434505 -0.13021938502788544 0.39600929617881775
Car 0.0 0 -2.916074514389038 694.2410888671875 172.3591766357422 758.0274047851562 196.1377716064453 4.0183372 1.5693514 1.6703476 7.8816767 1.5370505 49.14552 -2.757054328918457 0.37725672125816345
Car 0.0 0 -1.5932527780532837 533.4351196289062 172.88046264648438 565.8865966796875 202.72145080566406 3.7139783 1.5308105 1.6536022 -3.333025 1.532668 38.949966 -1.6786167621612549 0.2888853847980499
