Pedestrian 0.0 0 1.4272363185882568 699.7049560546875 132.10476684570312 727.2068481445312 200.6759033203125 0.79744357 1.8757391 0.65004534 2.832221 0.76141655 20.13462 1.566983699798584 0.5911132097244263
Pedestrian 0.0 0 -2.370744228363037 652.7449340820312 155.3216552734375 672.4766235351562 192.3984832763672 0.87836057 1.9093388 0.56994 2.7082903 1.0068365 37.671608 -2.298975706100464 0.5143149495124817
Pedestrian 0.0 0 2.082587242126465 361.7703857421875 173.993896484375 403.22900390625 245.87188720703125 0.85126793 1.797135 0.6886359 -5.8849673 1.8275555 18.539663 1.7752212285995483 0.5069485306739807
Pedestrian 0.0 0 2.14548921585083 817.1571044921875 106.9579086303711 881.7449951171875 246.01341247558594 0.66221315 1.7470664 0.5323575 3.0922267 0.9195186 9.47775 2.460861921310425 0.48024988174438477
Cyclist 0.0 0 -1.8400743007659912 695.2904663085938 155.72824096679688 711.88232421875 188.4156494140625 1.6736995 1.8132085 0.50276154 5.259404 0.86358106 40.885708 -1.7121400833129883 0.38006049394607544
Car 0.0 0 -1.2957706451416016 298.5774230957031 198.43374633789062 441.85357666015625 298.0112609863281 3.6021898 1.4397715 1.5424985 -4.257045 1.972923 13.197583 -1.607796311378479 0.9681352376937866
Car 0.0 0 -1.9921455383300781 784.7484130859375 175.32814025878906 1140.1279296875 375.0 3.4328945 1.554747 1.5945175 2.8370712 1.5842961 6.7747383 -1.5955617427825928 0.9543266892433167
Car 0.0 0 -1.396841287612915 419.09234619140625 181.72824096679688 499.49102783203125 241.87535095214844 4.379849 1.6280816 1.700025 -4.601012 1.931129 22.394608 -1.599473476409912 0.9425530433654785
Car 0.0 0 -1.71979558467865 684.0107421875 181.9755401611328 772.080078125 250.54901123046875 3.2401252 1.4221478 1.5592936 2.6359124 1.6581913 17.016907 -1.566117286682129 0.9383000731468201
Car 0.0 0 -1.6751583814620972 648.7791748046875 176.93289184570312 690.9342651367188 213.1042938232422 3.3759582 1.5348783 1.5505654 2.6247852 1.7297852 32.705738 -1.5950754880905151 0.8101141452789307
Car 0.0 0 1.677477478981018 489.93194580078125 182.77500915527344 530.4979248046875 216.61163330078125 3.904334 1.5534829 1.61351 -4.996874 2.0795872 36.258205 1.5405265092849731 0.7321075201034546
Car 0.0 0 -1.4496060609817505 521.4170532226562 184.4358367919922 549.7398681640625 206.9617156982422 3.711131 1.5027167 1.5923173 -5.347945 2.366607 51.924522 -1.5522388219833374 0.6610605716705322
