Pedestrian 0.0 0 1.317338466644287 155.5814666748047 155.21820068359375 173.5330047607422 192.84288024902344 0.76783055 1.9232059 0.61785567 -23.108257 1.0221006 37.367676 0.7634975910186768 0.17464104294776917
Pedestrian 0.0 0 1.712411880493164 889.7991943359375 162.1514892578125 913.9758911132812 217.8680877685547 1.0004673 1.7729921 0.59770024 9.483313 1.4327791 23.540401 2.0953750610351562 0.1671237349510193
Pedestrian 0.0 0 -0.3082369267940521 808.3285522460938 149.67465209960938 828.75732421875 192.8185272216797 0.6878182 1.8837539 0.69285035 9.163162 0.872052 31.857113 -0.028164077550172806 0.14589689671993256
Pedestrian 0.0 0 -1.8220784664154053 780.8392333984375 152.6584014892578 797.3423461914062 188.26524353027344 0.9301823 1.857987 0.6334739 9.419356 0.80452615 38.115456 -1.579805612564087 0.12993691861629486
Pedestrian 0.0 0 1.3401294946670532 1036.550048828125 157.92604064941406 1067.844482421875 218.56605529785156 0.7269725 1.7069012 0.61593205 12.660786 1.2870655 20.748583 1.8880152702331543 0.10866475850343704
Pedestrian 0.0 0 -0.03065606951713562 900.4183959960938 154.53158569335938 935.6714477539062 217.0516815185547 0.9196666 1.7745439 0.66734314 8.888576 1.2548465 20.95461 0.37052178382873535 0.10553377866744995
Cyclist 0.0 0 -2.6714844703674316 1072.9423828125 189.89117431640625 1130.8916015625 243.46771240234375 1.5537565 1.6775504 0.43739825 16.21073 2.2602775 23.875185 -2.0750069618225098 0.220050647854805
Cyclist 0.0 0 1.6321940422058105 890.1136474609375 161.43109130859375 912.4324951171875 217.7593231201172 1.1677872 1.7897741 0.6079812 9.481175 1.4271805 23.581263 2.0144784450531006 0.10957583785057068
Car 0.0 0 -2.142117500305176 750.3572998046875 184.44065856933594 947.7564697265625 287.43609619140625 3.4425287 1.4503711 1.5858487 3.8751278 1.680715 12.448937 -1.8403428792953491 0.9562282562255859
Car 0.0 0 2.197655200958252 79.028076171875 185.48997497558594 210.5320587158203 241.12608337402344 4.3507953 1.7846383 1.8288364 -16.859625 2.2859437 26.377462 1.6289327144622803 0.7473152875900269
Car 0.0 0 1.913326621055603 1068.9925537109375 194.60601806640625 1165.3548583984375 244.26243591308594 3.4958205 1.4761745 1.605914 17.25217 2.2675686 24.571386 2.5254769325256348 0.1093958392739296
Car 0.0 0 -0.9022091627120972 1163.4910888671875 179.85523986816406 1242.0 267.9716491699219 4.26721 1.4618521 1.6444727 12.740943 1.601499 13.247623 -0.13630476593971252 0.10785052925348282
