Pedestrian 0.0 0 0.9691561460494995 685.9298706054688 168.26393127441406 712.8798828125 215.9693145751953 0.88776964 1.7559904 0.6074883 3.3090427 1.5873924 27.090384 1.0907022953033447 0.727164626121521
Pedestrian 0.0 0 1.3656200170516968 1004.746826171875 148.4196014404297 1052.1361083984375 248.99061584472656 0.5867779 1.6981065 0.60440737 7.217064 1.2858981 12.553062 1.8873976469039917 0.4366667866706848
Car 0.0 0 1.480670690536499 448.80224609375 179.45419311523438 498.0734558105469 220.090576171875 3.3804595 1.4034681 1.5249194 -5.2680526 1.6708075 27.348564 1.2903752326965332 0.9358841776847839
Car 0.0 0 1.9067096710205078 36.37096405029297 179.48635864257812 156.77439880371094 240.5327911376953 3.9461854 1.6155394 1.7354487 -15.305671 1.8349437 21.691784 1.2922368049621582 0.88703852891922
Car 0.0 0 2.7246456146240234 632.727294921875 175.1693115234375 695.8359985351562 197.36549377441406 4.0614905 1.4871827 1.6177962 3.735505 1.6529033 50.0867 2.799088478088379 0.852596640586853
Car 0.0 0 0.8276296257972717 337.75213623046875 182.02862548828125 424.1606140136719 214.75436401367188 4.2310886 1.4856759 1.60759 -11.3227 1.9594207 35.479813 0.5187153816223145 0.6713007092475891
Car 0.0 0 -1.1016345024108887 0.0 186.37464904785156 90.30960083007812 240.5934295654297 3.7324858 1.4538841 1.5850387 -17.95147 1.9099631 22.32741 -1.7788161039352417 0.6654897332191467
Car 0.0 0 2.4023983478546143 523.9235229492188 177.0771484375 589.723388671875 201.69874572753906 4.278812 1.5008001 1.6278437 -3.4364502 1.7875534 46.816044 2.3291265964508057 0.536043107509613
Car 0.0 0 -0.906513512134552 92.54151153564453 179.42913818359375 236.17922973632812 237.48886108398438 3.5450222 1.4385704 1.5505193 -12.324277 1.6393765 20.14398 -1.455571174621582 0.3714192509651184
Car 0.0 0 0.11933226883411407 470.67535400390625 173.26470947265625 525.5466918945312 193.12506103515625 4.132133 1.549349 1.673611 -8.865608 1.5828017 57.23079 -0.034355904906988144 0.3179250657558441
Car 0.0 0 -2.2141480445861816 0.0 206.63113403320312 63.801456451416016 375.0 3.9318724 1.4260104 1.6168164 -7.0850596 1.7468405 5.9305654 -3.08801531791687 0.31516626477241516
