Pedestrian 0.0 0 -2.9855520725250244 515.138671875 188.6287384033203 534.2874755859375 223.4648895263672 0.88373375 1.7510402 0.648589 -4.3968987 2.5659542 36.91449 -3.1041038036346436 0.2547317147254944
Pedestrian 0.0 0 0.9999173283576965 1040.5189208984375 142.1648712158203 1138.1322021484375 286.4529724121094 1.0284415 1.7952591 0.6063628 6.2182565 1.413777 9.4917145 1.5798866748809814 0.21236281096935272
Cyclist 0.0 0 -0.01167384535074234 527.580322265625 183.0443572998047 558.6488647460938 211.01724243164062 1.9213682 1.7192291 0.79211384 -4.225314 2.364945 45.198055 -0.10488735884428024 0.18722045421600342
Car 0.0 0 1.7169095277786255 481.8133239746094 197.0330047607422 580.3839721679688 283.3992919921875 3.609146 1.5314379 1.605513 -1.6417383 2.1180708 15.656153 1.612429141998291 0.9671160578727722
Car 0.0 0 -1.9113880395889282 783.5592041015625 177.62937927246094 1023.446044921875 326.27728271484375 4.5225177 1.7001951 1.7456989 3.909152 1.7861912 10.666359 -1.5600957870483398 0.9332411289215088
Car 0.0 0 -1.659330129623413 686.82373046875 186.35337829589844 731.2538452148438 226.52529907226562 4.1269794 1.6267987 1.6230437 4.387672 2.278697 32.724163 -1.526044487953186 0.9044758081436157
Car 0.0 0 -1.4942890405654907 570.1277465820312 194.6754913330078 614.6702270507812 232.81558227539062 4.070515 1.4888098 1.7068537 -0.7743074 2.5385253 32.61731 -1.5180237293243408 0.8796080946922302
Car 0.0 0 1.371121883392334 665.8037719726562 191.29612731933594 706.626220703125 220.84039306640625 3.98523 1.5699481 1.651068 4.4524436 2.7215734 42.977116 1.4743539094924927 0.18113060295581818
Car 0.0 0 1.669074535369873 505.9320983886719 181.89529418945312 542.9530029296875 211.765869140625 4.3069973 1.519642 1.6335891 -4.7451854 2.0507736 40.18666 1.5515401363372803 0.1550740897655487
Car 0.0 0 -2.4115734100341797 609.2288208007812 198.55282592773438 665.2864990234375 223.36097717285156 3.6421435 1.5046396 1.6914591 1.8154706 3.3352091 49.51109 -2.3749217987060547 0.1470688283443451
