Pedestrian 0.0 0 -1.9515084028244019 542.6155395507812 173.46279907226562 552.402099609375 193.8309783935547 0.4827405 1.784 0.7323743 -5.529725 1.8383424 63.598255 -2.038238048553467 0.2714809477329254
Pedestrian 0.0 0 3.4737744331359863 322.9018859863281 164.77944946289062 341.13458251953125 196.78506469726562 0.8205802 1.8226423 0.61751133 -15.985455 1.3631741 41.410484 3.1053738594055176 0.17691025137901306
Pedestrian 0.0 0 -1.1320931911468506 60.68415069580078 185.35104370117188 89.24992370605469 232.6151885986328 0.75294185 1.773899 0.62198853 -20.603394 2.2621596 27.736328 -1.7709901332855225 0.15080974996089935
Pedestrian 0.0 0 -0.0014859531074762344 619.0721435546875 165.0352020263672 628.7141723632812 188.51235961914062 0.78600985 1.9139805 0.53838456 1.1134846 1.2769082 59.096767 0.017353534698486328 0.13705351948738098
Pedestrian 0.0 0 0.11701264977455139 505.1263122558594 172.32469177246094 522.4470825195312 200.1905975341797 1.0318646 1.7627996 0.5926828 -6.155218 1.7296734 45.946465 -0.016159456223249435 0.11824782937765121
Car 0.0 0 -1.5341706275939941 584.0948486328125 177.85208129882812 621.2186279296875 209.62039184570312 3.5907028 1.3474175 1.5683883 -0.3298146 1.5888739 32.987347 -1.544168472290039 0.9355389475822449
Car 0.0 0 -1.449106216430664 535.7213134765625 176.8317108154297 572.6697387695312 204.33177185058594 3.5127444 1.4307535 1.6214777 -3.0734434 1.6606624 39.84582 -1.5260871648788452 0.8927178382873535
Car 0.0 0 1.1650710105895996 758.3524169921875 186.9512176513672 799.639404296875 208.48934936523438 4.2822795 1.5849108 1.6887515 13.575759 2.7685053 58.302525 1.3938448429107666 0.22882314026355743
Car 0.0 0 -0.538367748260498 837.7578125 184.74180603027344 947.186767578125 225.37879943847656 3.7439337 1.5145233 1.6252736 11.139168 2.0053604 28.653656 -0.16759532690048218 0.17623357474803925
Car 0.0 0 -1.7495462894439697 532.2025146484375 170.3532257080078 558.3381958007812 187.7621307373047 4.0898385 1.5274544 1.6572148 -5.9275413 1.3083947 65.49651 -1.8398020267486572 0.1499200165271759
Car 0.0 0 -2.695011854171753 782.8391723632812 177.31387329101562 854.3798828125 207.8343048095703 3.3995953 1.5906986 1.695458 11.471129 1.8484788 39.881294 -2.414940357208252 0.13954342901706696
Car 0.0 0 -0.5509970188140869 835.4210815429688 197.46253967285156 907.9126586914062 221.71820068359375 4.502314 1.513257 1.4255383 17.549833 3.2074304 48.50723 -0.2038503885269165 0.13783666491508484
Car 0.0 0 0.8881118297576904 1082.9580078125 195.95751953125 1172.5137939453125 226.94847106933594 3.6506026 1.3715899 1.7820568 26.122953 2.604349 36.608215 1.5078949928283691 0.12927015125751495
