Pedestrian 0.0 0 -2.068831205368042 877.9149780273438 116.96280670166016 922.18359375 192.1513671875 0.9915674 1.8307844 0.63108295 7.2126536 0.4702343 18.095827 -1.6895487308502197 0.30008870363235474
Cyclist 0.0 0 -1.3151695728302002 386.8335876464844 163.00534057617188 412.1347961425781 205.02731323242188 1.7040616 1.6950166 0.59954643 -8.76895 1.2981149 29.961912 -1.5998879671096802 0.31813010573387146
Car 0.0 0 -1.4726881980895996 511.8608093261719 177.62481689453125 560.8658447265625 220.2555389404297 3.926629 1.6639848 1.68827 -3.0941577 1.8794624 30.56629 -1.5735722780227661 0.9046491384506226
Car 0.0 0 -1.758765697479248 710.9542236328125 177.7817840576172 869.6885375976562 291.6044921875 4.3150306 1.5101471 1.6802944 2.6928086 1.607017 11.944101 -1.5370221138000488 0.8931145668029785
Car 0.0 0 -1.753443717956543 685.8707275390625 177.9079132080078 783.12158203125 251.8473663330078 3.7437654 1.5602965 1.619384 2.8234427 1.6955736 17.370485 -1.5923104286193848 0.8710732460021973
Car 0.0 0 -1.6976230144500732 667.3675537109375 178.26693725585938 735.2344360351562 230.865234375 4.2704535 1.5093292 1.6184634 2.8008099 1.7004417 23.283642 -1.5779073238372803 0.8651848435401917
Car 0.0 0 -1.5907191038131714 648.2557373046875 176.2640838623047 678.0682983398438 205.28660583496094 3.664766 1.5029852 1.5531766 2.8490086 1.6996949 39.67302 -1.519029974937439 0.649884819984436
Car 0.0 0 -2.001361846923828 776.0054321289062 89.72019958496094 1242.0 375.0 4.519836 2.0187063 1.8537115 2.8707178 1.5466702 6.363417 -1.5775699615478516 0.4476899206638336
Car 0.0 0 -1.4265501499176025 637.247802734375 176.7303009033203 669.265380859375 200.4053497314453 3.9911168 1.5516853 1.6645063 3.0143867 1.8326437 50.105606 -1.3664618730545044 0.4355560839176178
Car 0.0 0 -1.539581298828125 666.4557495117188 177.55206298828125 707.5026245117188 214.87240600585938 3.8352232 1.4861805 1.6499184 3.3443296 1.7031366 31.250044 -1.4329686164855957 0.3172898590564728
Car 0.0 0 -1.3689401149749756 1037.68701171875 70.8381118774414 1242.0 235.99755859375 4.0980496 1.6725293 1.6736937 7.1224384 0.63979733 9.278623 -0.7142584323883057 0.3149730861186981
