Car 0.0 0 -1.7933266162872314 707.9761352539062 176.89889526367188 821.020263671875 253.2921142578125 3.7917457 1.4618535 1.6005236 3.2125893 1.5622112 15.921328 -1.5942211151123047 0.9543901085853577
Car 0.0 0 2.1705482006073 0.0 207.52122497558594 238.70974731445312 375.0 3.636256 1.4766802 1.5351027 -5.9320264 1.9588773 8.187535 1.5435552597045898 0.9531241655349731
Car 0.0 0 1.888429880142212 362.4945068359375 191.61471557617188 463.02178955078125 249.94635009765625 4.184024 1.4728752 1.6859686 -5.843734 2.09368 21.72457 1.6256577968597412 0.950687825679779
Car 0.0 0 1.9537053108215332 210.06777954101562 195.95913696289062 383.2019348144531 292.4455261230469 4.120203 1.4844812 1.6639904 -5.9549294 2.0048316 14.163378 1.5556986331939697 0.9449006915092468
Car 0.0 0 1.8372845649719238 472.5216064453125 184.05126953125 525.9322509765625 217.65487670898438 4.290354 1.5419112 1.6196274 -5.613775 2.1480868 36.81138 1.685949444770813 0.9082567095756531
Car 0.0 0 -1.7093912363052368 683.172607421875 175.9796905517578 759.6367797851562 233.28836059570312 4.2508054 1.525525 1.6565647 3.17091 1.6285615 21.568146 -1.5634187459945679 0.8525837063789368
Car 0.0 0 1.3832603693008423 661.9146118164062 178.21519470214844 713.9708862304688 216.60195922851562 3.8084514 1.534696 1.5525941 3.280485 1.782625 31.35449 1.4875067472457886 0.8324547410011292
Car 0.0 0 2.3493306636810303 1093.8602294921875 149.6197967529297 1242.0 260.39190673828125 4.007015 1.396392 1.5809617 9.145981 1.1038598 9.983818 3.090959310531616 0.7793127298355103
Car 0.0 0 1.7763488292694092 425.929931640625 187.67385864257812 490.3064270019531 232.57286071777344 4.0331507 1.5268317 1.6425753 -5.8225207 2.1413474 27.88204 1.570480465888977 0.7720615863800049
Car 0.0 0 -0.6066313982009888 941.2872314453125 151.6787567138672 1167.8817138671875 227.2407684326172 3.8013854 1.4711394 1.5349151 9.047438 1.0592302 14.928416 -0.06177173927426338 0.763094961643219
Car 0.0 0 -0.6692103743553162 1034.025146484375 138.25299072265625 1242.0 231.25186157226562 3.525261 1.5042102 1.5461094 9.491863 0.944914 12.473712 -0.018738452345132828 0.7232345938682556
