Pedestrian 0.0 0 -1.7407749891281128 721.3936157226562 160.53729248046875 737.83740234375 202.8328857421875 0.90072036 1.7556773 0.53721946 4.99379 1.2447727 30.400333 -1.5779614448547363 0.3336053490638733
Pedestrian 0.0 0 1.2752797603607178 822.7850341796875 183.32183837890625 877.075439453125 275.8987121582031 1.6165646 1.5715171 0.48728922 4.3220086 1.7758259 13.242387 1.5907565355300903 0.10446617752313614
Cyclist 0.0 0 1.2647186517715454 822.4447631835938 182.91375732421875 877.5172729492188 276.40753173828125 1.6168823 1.5908005 0.48728472 4.328261 1.7873638 13.259415 1.5802427530288696 0.5831117033958435
Car 0.0 0 1.771872878074646 395.8171691894531 185.98388671875 520.6306762695312 280.564208984375 3.4639566 1.5043864 1.6397841 -2.7814722 1.7853917 13.687442 1.5713894367218018 0.9636662602424622
Car 0.0 0 -1.7153255939483643 653.22509765625 173.94561767578125 721.9169311523438 228.8900604248047 4.302734 1.6513954 1.6384665 2.429849 1.6913052 23.955328 -1.6142388582229614 0.9314369559288025
Car 0.0 0 -1.745893955230713 691.6140747070312 172.9217071533203 812.7646484375 268.1201477050781 3.5183249 1.6111809 1.6698551 2.5551772 1.6130158 13.975312 -1.565056324005127 0.9306078553199768
Car 0.0 0 -1.6885393857955933 671.0330200195312 183.15086364746094 747.7828369140625 247.76699829101562 3.409516 1.4692963 1.5517488 2.4321938 1.7605032 18.664225 -1.558956503868103 0.874370813369751
Car 0.0 0 1.6268876791000366 531.0958251953125 178.59193420410156 566.209716796875 209.6140594482422 4.039058 1.5137664 1.6201721 -3.2182863 1.8325934 38.00265 1.5424034595489502 0.833338737487793
Car 0.0 0 -1.6571085453033447 641.379150390625 171.3853302001953 682.0409545898438 207.64007568359375 4.6951895 1.8088651 1.7432871 2.6471546 1.7359462 38.359486 -1.5882086753845215 0.6590511798858643
Car 0.0 0 1.4741530418395996 632.039794921875 176.33082580566406 664.228515625 204.727294921875 4.198802 1.7026048 1.6388739 2.3491464 1.9345169 45.916695 1.5252695083618164 0.47723713517189026
