Car 0.0 0 -1.7877880334854126 717.3294677734375 186.9505615234375 878.4292602539062 298.6460266113281 4.0357485 1.4012507 1.5902314 2.739541 1.6677687 11.591101 -1.5556983947753906 0.9499001502990723
Car 0.0 0 -1.283827543258667 307.63238525390625 191.37905883789062 491.5167236328125 311.9447021484375 4.2158747 1.455123 1.62442 -3.1358483 1.8048877 11.482356 -1.5504279136657715 0.9218277931213379
Car 0.0 0 1.9473590850830078 25.785545349121094 211.10118103027344 416.8236389160156 375.0 3.4645553 1.3971618 1.587162 -2.8385532 1.8129548 6.056568 1.5090852975845337 0.908257782459259
Car 0.0 0 -1.486046552658081 492.52227783203125 187.91580200195312 550.3221435546875 235.27688598632812 3.8563836 1.3885218 1.6131521 -2.9563901 1.9380915 24.351273 -1.6068612337112427 0.9030748605728149
Car 0.0 0 -1.7519583702087402 685.9306030273438 189.92210388183594 786.6741333007812 268.0083312988281 3.8822832 1.5237193 1.6103514 2.7725677 1.9698782 16.887415 -1.5892305374145508 0.8763779997825623
Car 0.0 0 1.6371660232543945 532.440185546875 182.70895385742188 569.5313720703125 218.07904052734375 3.8967595 1.5791619 1.552959 -2.872343 2.0879614 35.26342 1.555891513824463 0.8018020987510681
Car 0.0 0 -1.788421630859375 658.9794311523438 186.039794921875 738.7498168945312 241.57601928710938 3.8250108 1.4681727 1.6015409 2.5625184 1.9068393 21.997993 -1.6724555492401123 0.7491856813430786
Car 0.0 0 -1.664881706237793 632.6276245117188 182.64793395996094 662.5286254882812 208.22044372558594 3.740371 1.4778197 1.5120697 2.2761283 2.1155481 45.05223 -1.6144026517868042 0.6654335856437683
Car 0.0 0 -1.7300045490264893 654.1488647460938 175.9381866455078 714.6367797851562 227.07421875 3.6869822 1.7352734 1.6375512 2.6241956 1.8574228 26.600103 -1.6316691637039185 0.6470986008644104
Car 0.0 0 -1.5151870250701904 564.1948852539062 182.12969970703125 585.6594848632812 200.8408966064453 3.7279234 1.5062859 1.633817 -2.9988763 2.3252575 61.805866 -1.5636699199676514 0.5775588750839233
