Pedestrian 0.0 0 0.47975313663482666 533.5841064453125 159.24911499023438 592.5551147460938 255.87326049804688 0.8790186 1.7670977 0.7379794 -0.7627622 1.3614318 13.651679 0.4239380359649658 0.7352686524391174
Pedestrian 0.0 0 -2.346102237701416 751.2911987304688 141.53607177734375 856.683837890625 332.6109619140625 0.75711983 1.6267922 0.5567935 1.7915182 1.2879289 6.579477 -2.080258369445801 0.7302058339118958
Pedestrian 0.0 0 -1.935110092163086 859.2384643554688 145.10507202148438 967.52392578125 339.418701171875 0.78072566 1.6684121 0.6680001 2.7724488 1.3573035 6.567002 -1.535631537437439 0.6887609362602234
Pedestrian 0.0 0 1.1916673183441162 715.8884887695312 156.75294494628906 753.7603759765625 237.2203826904297 0.8862688 1.7963424 0.5661244 3.0231006 1.2451105 16.523573 1.3726228475570679 0.6576852202415466
Pedestrian 0.0 0 2.1736769676208496 483.4584655761719 167.75335693359375 515.53857421875 226.0343017578125 0.7151216 1.8152844 0.7354841 -3.2666705 1.3882256 22.855263 2.031709909439087 0.6279911994934082
Pedestrian 0.0 0 0.8492569923400879 986.2807006835938 143.77658081054688 1061.0906982421875 266.6556701660156 0.8205128 1.7513252 0.5543743 6.2238116 1.2149905 10.69147 1.376432180404663 0.6245050430297852
Pedestrian 0.0 0 -2.329341411590576 185.02505493164062 146.36654663085938 305.974853515625 321.75494384765625 0.9740829 1.7141488 0.6312552 -3.7459052 1.3721442 7.4807935 -2.7935779094696045 0.6062813401222229
Pedestrian 0.0 0 2.015990734100342 1117.327392578125 138.65359497070312 1208.4368896484375 266.2755432128906 1.0146278 1.7771726 0.684235 8.185726 1.1818434 10.533684 2.6766114234924316 0.5940768718719482
Pedestrian 0.0 0 -2.039656639099121 1009.4044799804688 172.01956176757812 1187.01953125 374.0 0.8167266 1.6453402 0.754963 3.4591134 1.5846306 5.155472 -1.4486879110336304 0.5568691492080688
Pedestrian 0.0 0 1.927856683731079 428.78948974609375 169.4521942138672 453.6943359375 221.72982788085938 0.79885596 1.8438938 0.6343373 -5.764231 1.4200131 25.77292 1.7078232765197754 0.46125274896621704
Pedestrian 0.0 0 2.890812873840332 611.4356689453125 169.4667510986328 629.685791015625 201.2029571533203 0.9313993 1.7862232 0.53738874 1.0838147 1.1097527 40.793274 2.917375087738037 0.4292796552181244
Pedestrian 0.0 0 2.4448087215423584 863.1213989257812 154.14573669433594 891.8053588867188 205.77520751953125 0.7118997 1.7599257 0.593792 9.534644 0.82855755 24.880136 2.8107690811157227 0.3918507695198059
Pedestrian 0.0 0 2.2610409259796143 964.4312133789062 144.58255004882812 1019.5670166015625 232.72607421875 0.7719601 1.7849939 0.6746326 8.113714 1.0386212 15.001914 2.7568283081054688 0.3522731363773346
Pedestrian 0.0 0 3.235665798187256 96.31739044189453 141.9111328125 167.75460815429688 286.95654296875 0.699633 1.7214733 0.5037762 -5.85109 1.252957 8.909268 2.6545658111572266 0.35174065828323364
Pedestrian 0.0 0 2.7666280269622803 642.1124877929688 162.82264709472656 672.13623046875 217.4252166748047 0.80211526 1.7666881 0.6528892 1.8058374 1.1634696 23.669443 2.8427746295928955 0.3214939534664154
Pedestrian 0.0 0 1.9904452562332153 931.3173828125 149.93411254882812 1001.1605224609375 246.94859313964844 1.4721886 1.6620977 0.5796276 6.570884 1.1225765 12.993586 2.458644151687622 0.2680857479572296
Pedestrian 0.0 0 1.9178705215454102 501.3531494140625 174.86221313476562 537.4639282226562 234.85061645507812 1.7748221 1.7647798 0.5325612 -2.5262225 1.5706358 22.054775 1.8038244247436523 0.12472645193338394
Cyclist 0.0 0 -1.847409725189209 693.9813232421875 142.89639282226562 714.91845703125 186.0768280029297 1.7413262 1.8122874 0.432767 4.4247255 0.193068 31.037846 -1.7058048248291016 0.4492102563381195
Cyclist 0.0 0 1.982185959815979 929.3943481445312 147.55857849121094 1004.5979614257812 249.079833984375 1.7006403 1.7212521 0.5786004 6.562689 1.1470714 12.940883 2.4515199661254883 0.39446666836738586
Cyclist 0.0 0 1.9178705215454102 501.3531494140625 174.86221313476562 537.4639282226562 234.85061645507812 1.7748221 1.7647798 0.5325612 -2.5262225 1.5706358 22.054775 1.8038244247436523 0.38826483488082886
Cyclist 0.0 0 2.070068359375 482.56097412109375 167.45498657226562 516.488037109375 227.76939392089844 0.87946093 1.8725725 0.7384334 -3.2605999 1.4376299 22.84055 1.9282714128494263 0.11418712139129639
Car 0.0 0 1.7751133441925049 456.9393005371094 161.73965454101562 523.8203125 217.57701110839844 4.1712213 1.9309705 1.665605 -4.095016 1.2486846 26.966125 1.6244070529937744 0.4389816224575043
Car 0.0 0 1.322218894958496 1120.6761474609375 159.5303192138672 1238.0 236.15638732910156 3.9579217 1.497975 1.560597 13.069531 1.0697372 16.16416 2.0021514892578125 0.3454328179359436
Car 0.0 0 1.7069612741470337 497.1971740722656 165.43960571289062 542.7603149414062 202.4191436767578 4.3096533 1.6863319 1.6311492 -3.9023561 0.9548827 34.929195 1.595700740814209 0.3256191313266754
Car 0.0 0 -1.4389344453811646 212.11044311523438 160.86070251464844 262.41729736328125 196.56028747558594 3.906321 1.559311 1.5917785 -16.91162 0.65876997 33.479656 -1.906678557395935 0.3221043348312378
