Pedestrian 0.0 0 1.2739840745925903 428.6694030761719 157.2037811279297 457.1277770996094 207.92074584960938 1.7330738 1.8106893 0.536636 -6.2262554 1.252306 26.641516 1.0443997383117676 0.13797928392887115
Cyclist 0.0 0 1.2739840745925903 428.6694030761719 157.2037811279297 457.1277770996094 207.92074584960938 1.7330738 1.8106893 0.536636 -6.2262554 1.252306 26.641516 1.0443997383117676 0.7859358787536621
Car 0.0 0 -1.9572620391845703 616.3914184570312 164.2567138671875 721.1800537109375 223.6773681640625 3.9888768 1.5192317 1.564793 1.5096802 1.2997797 20.583578 -1.8840491771697998 0.8950653672218323
Car 0.0 0 -3.4094951152801514 855.0891723632812 163.36375427246094 1095.84228515625 257.4591369628906 3.4919014 1.520922 1.60651 6.233074 1.3678831 12.772365 -2.9554834365844727 0.8939386606216431
Car 0.0 0 -1.892146110534668 542.0162963867188 166.07150268554688 598.0371704101562 197.85830688476562 3.824265 1.4493296 1.5728832 -2.0332637 1.1404378 34.963425 -1.9502346515655518 0.7315285801887512
Car 0.0 0 -1.001152753829956 1126.8277587890625 172.7771759033203 1242.0 264.1969299316406 3.584818 1.4181795 1.5328257 10.955038 1.4173455 12.419737 -0.27833420038223267 0.6852503418922424
Car 0.0 0 -0.8679086565971375 590.95361328125 156.9437713623047 652.19873046875 182.9115447998047 4.1028647 1.5986567 1.6999534 0.75671643 0.6195315 46.52069 -0.8516438603401184 0.46014276146888733
Car 0.0 0 -1.9657803773880005 181.27499389648438 164.3875274658203 238.80633544921875 190.56982421875 4.224577 1.571253 1.6539992 -25.14648 1.06352 45.25659 -2.472945213317871 0.4355012774467468
Car 0.0 0 -0.8058488965034485 30.069379806518555 164.32000732421875 117.57797241210938 196.2614288330078 3.8637724 1.6634787 1.6339531 -29.350231 1.2193947 39.59408 -1.4437446594238281 0.40022316575050354
Car 0.0 0 -0.3275177478790283 746.6084594726562 168.5652313232422 831.2967529296875 200.9415283203125 3.8449042 1.6004822 1.6618112 9.016428 1.3888305 36.659203 -0.08635195344686508 0.3932168483734131
Car 0.0 0 -2.4582061767578125 753.6875 168.84132385253906 839.5750732421875 202.15931701660156 3.748019 1.4657199 1.5418209 8.616886 1.2895534 33.704 -2.20790433883667 0.3444123864173889
