Pedestrian 0.0 0 -0.28528937697410583 818.8397827148438 101.82789611816406 923.2597045898438 278.5797424316406 0.87491083 1.7342741 0.5632312 2.690076 0.953908 7.355202 0.06533646583557129 0.5851501822471619
Pedestrian 0.0 0 1.5793254375457764 133.88287353515625 161.68507385253906 151.97238159179688 203.85848999023438 0.6510185 1.9516182 0.7101103 -21.519783 1.0355868 33.703445 1.0110743045806885 0.38370999693870544
Pedestrian 0.0 0 -0.14792472124099731 925.3035278320312 122.30097961425781 1049.7899169921875 325.90399169921875 0.9498229 1.7737147 0.47258618 3.4846842 1.2593777 6.634805 0.33568906784057617 0.29731470346450806
Car 0.0 0 -1.208581566810608 545.86376953125 173.12673950195312 607.8052978515625 206.86900329589844 3.8766184 1.4419782 1.5515755 -1.0665041 1.0851145 32.78056 -1.2411047220230103 0.9151341915130615
Car 0.0 0 -0.5381568670272827 347.9721984863281 175.0960235595703 482.1642150878906 223.13111877441406 4.2371435 1.5126028 1.6145982 -6.342772 1.31205 24.690222 -0.7896134853363037 0.8047247529029846
Car 0.0 0 -1.0578559637069702 325.5678405761719 183.0599365234375 390.87176513671875 212.36117553710938 3.9016585 1.4642485 1.5758259 -12.850365 1.552445 38.17602 -1.3825510740280151 0.5027905106544495
Car 0.0 0 -0.17890971899032593 0.0 158.97801208496094 123.47107696533203 202.79942321777344 4.5016413 1.8156487 1.7820243 -24.198095 0.8834814 32.01898 -0.8260757327079773 0.4548618793487549
Car 0.0 0 1.6397801637649536 588.0501708984375 167.31622314453125 614.3818969726562 189.47463989257812 4.2337537 1.5381689 1.6211151 0.037801724 0.55421704 52.030205 1.6405067443847656 0.37821462750434875
Car 0.0 0 -1.463324785232544 561.30126953125 170.30859375 586.7431030273438 190.72207641601562 4.0342507 1.6064278 1.6525046 -2.1760857 0.7262546 58.59664 -1.5004444122314453 0.3654156029224396
Car 0.0 0 -1.4649348258972168 609.074951171875 170.29818725585938 633.1604614257812 189.41004943847656 4.212193 1.599558 1.6545466 1.7716601 0.66249573 62.31598 -1.4365122318267822 0.3447440266609192
Car 0.0 0 -0.4024082124233246 314.4139404296875 164.1211395263672 390.9940490722656 191.4446258544922 4.287238 1.660966 1.6967458 -15.785819 0.6052708 45.73086 -0.7347912192344666 0.2471289038658142
