Pedestrian 0.0 0 -0.4210473299026489 874.5023803710938 159.7503204345703 899.9131469726562 201.06375122070312 0.8565031 1.8430729 0.70499927 12.465375 1.2588503 32.562145 -0.05544021725654602 0.3270746171474457
Pedestrian 0.0 0 -2.2407639026641846 1083.004150390625 212.19606018066406 1242.0 375.0 0.7165943 1.6025916 0.6284201 3.6905463 1.8885907 4.870952 -1.5923757553100586 0.2670271396636963
Pedestrian 0.0 0 -3.6034059524536133 935.1700439453125 211.86996459960938 1071.2283935546875 375.0 0.89138365 1.5756356 0.7749847 3.6808457 1.9720802 6.92292 -3.114729166030884 0.2453213930130005
Pedestrian 0.0 0 -0.5141101479530334 1034.349853515625 216.24417114257812 1110.785400390625 316.5335388183594 0.9211429 1.7023784 0.7172949 8.236735 2.505117 12.95794 0.05211210250854492 0.1967758983373642
Cyclist 0.0 0 2.1141467094421387 912.88134765625 132.9676055908203 996.7197265625 231.45350646972656 1.7567961 1.7935351 0.6437515 6.60008 1.0675184 13.890007 2.5577316284179688 0.2973366677761078
Cyclist 0.0 0 -2.8899502754211426 1129.1541748046875 186.50955200195312 1242.0 276.0390625 1.9130839 1.7922351 0.5464227 12.439056 2.1064253 15.651945 -2.2184317111968994 0.2885221540927887
Cyclist 0.0 0 -1.5848205089569092 713.6600952148438 192.0713653564453 721.6714477539062 227.9417266845703 1.6395777 1.624923 0.35198727 5.092149 2.5642045 34.414333 -1.4379204511642456 0.24174964427947998
Cyclist 0.0 0 -3.613243818283081 925.1357421875 216.41970825195312 1074.8885498046875 375.0 1.0088851 1.6070915 0.7928818 3.6387632 2.0491304 6.9093933 -3.128511905670166 0.1281837821006775
Cyclist 0.0 0 -0.5141101479530334 1034.349853515625 216.24417114257812 1110.785400390625 316.5335388183594 0.9211429 1.7023784 0.7172949 8.236735 2.505117 12.95794 0.05211210250854492 0.10078991204500198
Car 0.0 0 1.7025517225265503 546.9856567382812 201.9288787841797 591.1178588867188 239.0186767578125 3.853973 1.5841403 1.7021132 -2.0194314 3.1118004 35.913853 1.6463810205459595 0.7350322604179382
Car 0.0 0 1.5767080783843994 709.3336181640625 175.7235565185547 748.31689453125 216.67507934570312 3.6943462 1.7215779 1.6388485 5.327346 1.8592378 32.562935 1.73887300491333 0.33887577056884766
Car 0.0 0 1.6693308353424072 687.8511962890625 177.66290283203125 712.897705078125 198.64955139160156 3.8789554 1.5874832 1.611811 7.2192636 1.9855089 57.594486 1.7940269708633423 0.3246290981769562
Car 0.0 0 1.5971474647521973 576.6716918945312 183.97552490234375 599.2431640625 206.72413635253906 3.8317518 1.5868728 1.5941824 -1.6503469 2.4511182 54.125126 1.566665530204773 0.3031153976917267
Car 0.0 0 0.7084707021713257 0.0 0.0 1242.0 375.0 3.8798945 1.4870988 1.5526813 3.1320055 1.6973025 1.8935251 1.7354919910430908 0.2678285539150238
Car 0.0 0 1.5346018075942993 698.2630004882812 185.57601928710938 726.7754516601562 213.05279541015625 4.03547 1.5731299 1.6199427 6.3681645 2.409714 45.333904 1.6741610765457153 0.20456555485725403
