Pedestrian 0.0 0 0.1192503273487091 905.734130859375 146.3722686767578 932.522705078125 203.77598571777344 0.7307021 1.8361561 0.66556156 10.046171 0.98945045 23.547583 0.522503137588501 0.3086797297000885
Pedestrian 0.0 0 1.959769606590271 722.6609497070312 148.71495056152344 752.7678833007812 211.84910583496094 0.6824983 1.7951866 0.65284604 3.668754 1.1091635 20.976517 2.1329164505004883 0.28422775864601135
Pedestrian 0.0 0 3.5387675762176514 251.6453094482422 148.52317810058594 309.0934753417969 258.6470031738281 0.6384405 1.7373407 0.67841846 -5.398944 1.3538494 11.730327 3.1074182987213135 0.27191460132598877
Pedestrian 0.0 0 1.689704179763794 1218.9256591796875 158.65159606933594 1242.0 205.08847045898438 1.9056216 1.7791725 0.5528644 24.521196 1.2353829 28.48933 2.400386095046997 0.11320924758911133
Cyclist 0.0 0 -0.27104687690734863 1203.7618408203125 155.42628479003906 1242.0 188.84132385253906 1.5957767 1.6786038 0.61526895 31.396965 0.8034808 36.858612 0.43450379371643066 0.32143375277519226
Cyclist 0.0 0 1.689704179763794 1218.9256591796875 158.65159606933594 1242.0 205.08847045898438 1.9056216 1.7791725 0.5528644 24.521196 1.2353829 28.48933 2.400386095046997 0.26191869378089905
Car 0.0 0 -0.8729131817817688 586.4428100585938 160.35140991210938 904.254638671875 326.7471008300781 3.3927112 1.409905 1.5381393 1.5079802 1.3043259 7.7768097 -0.6813827753067017 0.8109147548675537
Car 0.0 0 -1.2930463552474976 1053.474853515625 173.97183227539062 1207.8704833984375 257.44622802734375 3.6132522 1.4807837 1.6032013 10.533136 1.5064607 14.591891 -0.6678069233894348 0.8032199740409851
Car 0.0 0 1.8754148483276367 852.5816040039062 162.1764373779297 1051.3453369140625 289.6007995605469 3.5989518 1.5038906 1.5600091 4.9656467 1.3782295 10.360309 2.322361946105957 0.7641531825065613
Car 0.0 0 0.09839141368865967 1069.666748046875 166.2386932373047 1199.7779541015625 209.4196319580078 3.6389308 1.4401866 1.5230256 18.691063 1.2199081 25.83848 0.724637508392334 0.5297030806541443
Car 0.0 0 -1.456918478012085 1205.814208984375 157.4337921142578 1242.0 188.83587646484375 3.8003707 1.5666595 1.6760155 32.669746 0.7976991 37.89969 -0.745495617389679 0.35925528407096863
Car 0.0 0 -3.0783448219299316 1172.157958984375 155.38717651367188 1242.0 181.87844848632812 3.3886173 1.6026735 1.5492169 37.551205 0.5463208 45.373898 -2.38700270652771 0.29566672444343567
