Pedestrian 0.0 0 1.44877028465271 724.1536254882812 165.318603515625 759.9232788085938 242.03799438476562 0.8067673 1.7090124 0.70673156 3.1691432 1.3497711 16.425766 1.6393656730651855 0.7266458868980408
Pedestrian 0.0 0 0.6690385341644287 626.7470092773438 159.84129333496094 675.1668701171875 251.3102264404297 0.7578911 1.8029263 0.62948495 0.9705932 1.3772649 14.643965 0.7352211475372314 0.6889740228652954
Pedestrian 0.0 0 1.722376823425293 183.24502563476562 145.67579650878906 274.0997009277344 337.7770080566406 0.8339955 1.7056934 0.6567695 -3.5877647 1.3889866 6.8763685 1.2414788007736206 0.6857337951660156
Pedestrian 0.0 0 -1.8906760215759277 903.900634765625 172.8860626220703 1019.4886474609375 353.1755676269531 0.89713824 1.6667337 0.7766743 3.490316 1.5884767 7.1349998 -1.4357199668884277 0.6797212362289429
Pedestrian 0.0 0 -0.17745345830917358 1094.113525390625 144.37557983398438 1185.9876708984375 265.10626220703125 1.0464876 1.786363 0.60069627 8.270227 1.2383691 11.128041 0.4616737365722656 0.6328467726707458
Pedestrian 0.0 0 1.5371724367141724 439.8800048828125 174.54220581054688 460.39263916015625 225.9846954345703 0.8783062 1.8233975 0.6947345 -5.497029 1.577833 25.968672 1.3285725116729736 0.6125839352607727
Pedestrian 0.0 0 2.339761734008789 1114.51708984375 142.57167053222656 1193.8360595703125 249.53445434570312 0.9207906 1.7540919 0.5874294 9.286087 1.1169922 12.136103 2.992896318435669 0.5867603421211243
Pedestrian 0.0 0 1.5556946992874146 854.1260986328125 127.98351287841797 948.5724487304688 356.7310485839844 0.8596288 1.7952844 0.69926184 2.5027 1.3766634 6.1623836 1.9414703845977783 0.5413791537284851
Pedestrian 0.0 0 -1.6198110580444336 778.95263671875 140.49855041503906 852.44970703125 350.53814697265625 0.7847429 1.6516614 0.5501051 1.7439017 1.3306371 6.09078 -1.34095299243927 0.5044887661933899
Pedestrian 0.0 0 -2.0934598445892334 223.33177185058594 165.93983459472656 289.62322998046875 282.3667907714844 0.74044955 1.6398308 0.5868074 -5.117863 1.4219892 10.565655 -2.544538974761963 0.4219519793987274
Pedestrian 0.0 0 2.619323492050171 841.3091430664062 161.24156188964844 866.7470092773438 207.80157470703125 0.6492034 1.7243099 0.67802334 9.467429 0.97509414 26.993229 2.9566516876220703 0.418716162443161
Pedestrian 0.0 0 2.981792688369751 613.92138671875 171.70562744140625 630.96484375 202.21388244628906 0.948013 1.8031514 0.4880049 1.2508925 1.2250355 42.757317 3.011039972305298 0.40403077006340027
Pedestrian 0.0 0 1.6930508613586426 538.48095703125 173.5996551513672 558.349365234375 223.0732421875 0.8744494 1.791427 0.6296911 -1.9685911 1.5064049 26.45995 1.618788719177246 0.40268051624298096
Pedestrian 0.0 0 -0.8170042037963867 883.5391845703125 155.4639892578125 956.770751953125 235.79905700683594 1.4272616 1.613574 0.5756163 6.605672 1.0918709 14.969305 -0.40142449736595154 0.1706516295671463
Pedestrian 0.0 0 0.8170222043991089 1159.8704833984375 120.01119995117188 1238.0 207.02517700195312 1.6200268 1.7838806 0.5439831 12.988238 0.5245332 15.548413 1.5129445791244507 0.14636285603046417
Cyclist 0.0 0 -0.7595529556274414 873.1331787109375 157.274169921875 963.3353271484375 237.039306640625 1.7381573 1.591967 0.6652677 6.551694 1.1097094 14.941932 -0.3463227152824402 0.5870079398155212
Cyclist 0.0 0 0.805949330329895 1160.1865234375 121.6004409790039 1238.0 208.70933532714844 1.6498737 1.7719274 0.56948847 12.94978 0.5547205 15.451632 1.5034853219985962 0.436297744512558
Cyclist 0.0 0 1.6994743347167969 537.8406372070312 177.0233612060547 557.50634765625 226.74253845214844 0.9767528 1.7826424 0.5983754 -1.9803481 1.6231884 26.256378 1.6241933107376099 0.21492382884025574
Cyclist 0.0 0 -0.21262013912200928 1092.224853515625 143.4818572998047 1188.130615234375 265.3890686035156 1.0828747 1.8049146 0.6075289 8.274874 1.2433403 11.133351 0.4265475273132324 0.13308662176132202
Car 0.0 0 1.6847048997879028 475.8272399902344 166.78738403320312 531.1888427734375 215.6403350830078 4.317186 1.8198203 1.727086 -3.878198 1.2727959 28.930965 1.551449179649353 0.6875569820404053
Car 0.0 0 1.9271835088729858 511.623046875 163.67755126953125 563.534912109375 196.1163330078125 4.164226 1.7626042 1.6184275 -3.6022134 0.79502463 41.251446 1.8400810956954956 0.5842393636703491
