Car 0.0 0 -1.6938515901565552 671.3135986328125 183.98782348632812 749.3178100585938 243.94259643554688 4.203951 1.4658614 1.6620884 2.6933448 1.815575 20.529472 -1.563402533531189 0.9046502113342285
Car 0.0 0 0.37386050820350647 122.65876770019531 181.9101104736328 407.5820617675781 279.2976989746094 4.166326 1.5443224 1.6495459 -5.8738146 1.714483 12.571363 -0.06323543190956116 0.8370310664176941
Car 0.0 0 -0.15173324942588806 738.661376953125 183.6995391845703 847.401123046875 231.8415069580078 3.5126379 1.6067708 1.6242548 6.3485446 2.0048614 25.48712 0.09238719940185547 0.7805684804916382
Car 0.0 0 3.8480262756347656 0.0 181.83090209960938 223.35964965820312 366.2619323730469 3.6308541 1.559458 1.6198167 -6.058436 1.6571815 7.0007586 3.1346609592437744 0.7337180376052856
Car 0.0 0 0.14958332479000092 346.7821044921875 184.6353759765625 491.17889404296875 235.92575073242188 4.035412 1.4494021 1.6073614 -5.7348766 1.8234212 21.867378 -0.10689781606197357 0.6803959608078003
Car 0.0 0 0.535744309425354 237.84007263183594 185.55050659179688 424.2484130859375 252.93450927734375 3.8780427 1.4622232 1.574081 -6.629027 1.7840514 17.167444 0.16724348068237305 0.6252928972244263
Car 0.0 0 3.349778652191162 253.09268188476562 175.32118225097656 411.5251770019531 232.70164489746094 3.742634 1.4549481 1.5611011 -7.4164577 1.5254403 19.446121 2.985422134399414 0.6192507147789001
Car 0.0 0 3.189220428466797 444.51190185546875 181.1252899169922 524.26220703125 214.76046752929688 3.6699038 1.5351382 1.5990005 -5.9860563 1.9421706 34.452023 3.0171873569488525 0.6059606671333313
Car 0.0 0 0.342246413230896 385.65814208984375 171.96429443359375 514.0841674804688 222.23484802246094 3.9376447 1.6352117 1.6518211 -5.438284 1.6066294 24.530834 0.12408304214477539 0.595505952835083
Car 0.0 0 -3.2510790824890137 665.4911499023438 182.6183624267578 723.0068359375 206.4927978515625 3.7499397 1.5836655 1.6337894 5.7014294 2.2632704 49.362984 -3.1360886096954346 0.5926764011383057
Car 0.0 0 -1.7137941122055054 697.9234619140625 180.32510375976562 737.886474609375 210.76138305664062 3.7097974 1.5008743 1.578166 5.6472945 1.9175551 38.347057 -1.5675771236419678 0.537614643573761
Car 0.0 0 3.4815354347229004 147.5464630126953 182.10415649414062 360.49981689453125 258.2192077636719 3.6486015 1.448227 1.5398932 -7.2762737 1.6525229 14.933475 3.0281431674957275 0.495678186416626
Car 0.0 0 1.6073030233383179 512.257568359375 172.4298858642578 540.2561645507812 198.2091827392578 4.199378 1.5472839 1.601961 -5.266805 1.522186 45.460506 1.4919626712799072 0.47118857502937317
