Pedestrian 0.0 0 0.17604511976242065 474.6313781738281 139.6470184326172 588.7039794921875 318.2668762207031 1.0890284 1.7612529 0.576653 -0.78756106 1.3601235 7.291663 0.06845378875732422 0.5963824987411499
Pedestrian 0.0 0 2.326683759689331 521.2302856445312 170.13644409179688 571.9208984375 267.38629150390625 0.6174981 1.7336446 0.7006197 -1.1221035 1.5505393 13.058934 2.2409682273864746 0.38144171237945557
Pedestrian 0.0 0 1.2912074327468872 834.8054809570312 163.6008758544922 873.7347412109375 236.14337158203125 0.9868766 1.7807511 0.67871916 6.248148 1.3675145 17.863388 1.6276808977127075 0.25044211745262146
Pedestrian 0.0 0 2.551938533782959 54.066627502441406 187.24102783203125 99.56769561767578 252.23855590820312 0.81251115 1.8162147 0.6735982 -15.2306795 2.0165615 20.34964 1.9094305038452148 0.2450488954782486
Cyclist 0.0 0 1.3819642066955566 486.83575439453125 162.90597534179688 535.5838012695312 263.712890625 1.119693 1.7554884 0.6817727 -1.7762833 1.4507446 12.947247 1.2456214427947998 0.16508138179779053
Cyclist 0.0 0 1.2912074327468872 834.8054809570312 163.6008758544922 873.7347412109375 236.14337158203125 0.9868766 1.7807511 0.67871916 6.248148 1.3675145 17.863388 1.6276808977127075 0.10778675973415375
Car 0.0 0 1.9520982503890991 551.913818359375 165.02401733398438 619.0239868164062 204.0074462890625 3.9086485 1.6123621 1.6374432 -0.8125753 0.9737587 31.355797 1.9261894226074219 0.3647291660308838
Car 0.0 0 2.62009334564209 547.7554321289062 164.94989013671875 612.1429443359375 187.7992401123047 4.3581395 1.5810527 1.6955308 -1.7745087 0.5063708 50.78981 2.5851693153381348 0.26044777035713196
Car 0.0 0 -1.717156171798706 779.0961303710938 152.06028747558594 814.552978515625 178.29867553710938 4.0607777 1.6763664 1.7232239 12.875137 -0.15364087 47.642086 -1.4532140493392944 0.24951112270355225
Car 0.0 0 3.50589919090271 121.87162017822266 205.94290161132812 417.96014404296875 311.1179504394531 3.8310204 1.4251641 1.5724094 -5.037933 1.8532369 10.931471 3.0740466117858887 0.22542543709278107
Car 0.0 0 2.017444610595703 478.03167724609375 150.8923797607422 585.7686157226562 209.80735778808594 4.006529 1.586193 1.6348368 -2.102274 0.7906364 21.193132 1.9185720682144165 0.2189854234457016
Car 0.0 0 0.9522132277488708 1130.9661865234375 168.97256469726562 1224.0 234.20980834960938 3.6749666 1.5026783 1.5599018 15.521298 1.2387624 18.180202 1.6588788032531738 0.2138497233390808
Car 0.0 0 1.3393468856811523 821.0824584960938 162.55770874023438 874.679931640625 196.9302215576172 3.912088 1.602483 1.6420174 11.927684 0.7674464 34.98486 1.6679264307022095 0.18898989260196686
Car 0.0 0 -1.6422762870788574 655.6823120117188 150.26092529296875 689.0704345703125 179.7864227294922 3.7354348 1.6479902 1.6764119 3.8980036 -0.042373087 41.437508 -1.548482894897461 0.18474598228931427
