Pedestrian 0.0 0 -1.465520977973938 727.3043212890625 163.48410034179688 743.7547607421875 201.54197692871094 0.8781754 1.80453 0.69279546 6.007076 1.3606106 34.72625 -1.2942323684692383 0.5924100875854492
Pedestrian 0.0 0 -1.8132705688476562 899.079345703125 138.75880432128906 932.1775512695312 205.05819702148438 1.1009007 1.8697977 0.6359703 8.81001 0.90859145 20.93943 -1.4150155782699585 0.22647880017757416
Pedestrian 0.0 0 1.8591351509094238 20.872098922729492 176.51356506347656 45.08538055419922 220.41677856445312 0.6505422 1.9030335 0.6764281 -25.445004 2.066732 31.773449 1.1838908195495605 0.20486490428447723
Cyclist 0.0 0 -1.8132705688476562 899.079345703125 138.75880432128906 932.1775512695312 205.05819702148438 1.1009007 1.8697977 0.6359703 8.81001 0.90859145 20.93943 -1.4150155782699585 0.2128245085477829
Cyclist 0.0 0 -1.5297741889953613 728.2120971679688 164.43423461914062 742.7838745117188 202.97164916992188 0.9194294 1.824715 0.6542314 5.9975533 1.4264036 34.679783 -1.3585270643234253 0.10490665584802628
Car 0.0 0 2.120154857635498 206.2821502685547 191.8013153076172 296.14471435546875 229.9202423095703 4.035569 1.4259919 1.5977373 -15.405868 2.2987986 31.139797 1.6607301235198975 0.9293178915977478
Car 0.0 0 1.8693161010742188 364.0450439453125 183.4161834716797 413.0220031738281 210.35093688964844 4.2272043 1.5071658 1.6962512 -13.5118475 2.1847394 44.14528 1.5722935199737549 0.7906344532966614
Car 0.0 0 1.943479299545288 439.7733459472656 175.50230407714844 487.3945617675781 203.95465087890625 4.0918036 1.772901 1.7010962 -9.612861 1.9556234 47.52142 1.7438877820968628 0.4115365147590637
Car 0.0 0 -0.34135502576828003 771.9931030273438 170.2821044921875 823.2068481445312 188.77935791015625 3.8991504 1.5472127 1.605806 15.899518 1.3324422 61.32119 -0.08765902370214462 0.2957693040370941
Car 0.0 0 -1.4967288970947266 366.7088623046875 175.66363525390625 390.1705017089844 194.67904663085938 4.146872 1.5717523 1.6344408 -20.043482 1.8240745 62.496647 -1.80707848072052 0.294782429933548
Car 0.0 0 -0.6654495596885681 844.079345703125 166.73216247558594 964.7821044921875 212.33311462402344 3.740896 1.5294554 1.6347624 10.340122 1.3244871 25.50043 -0.28022098541259766 0.21119152009487152
Car 0.0 0 0.3830186724662781 994.3189086914062 144.27462768554688 1227.223388671875 231.2664031982422 3.503889 1.5057254 1.492463 9.747242 1.0114079 14.356688 0.9794659614562988 0.19610856473445892
