Pedestrian 0.0 0 1.2900999784469604 874.6422119140625 162.27810668945312 896.3786010742188 207.11256408691406 0.8432849 1.8333167 0.6326751 11.387987 1.4012182 29.94784 1.6534748077392578 0.36216142773628235
Pedestrian 0.0 0 2.2284739017486572 855.460693359375 166.9332733154297 888.4292602539062 226.7203826904297 0.6728004 1.7840538 0.6741741 7.936493 1.6077366 21.993015 2.574794292449951 0.3134338855743408
Pedestrian 0.0 0 1.165116786956787 1075.3016357421875 169.7144012451172 1120.095703125 244.3682098388672 0.73707014 1.6694074 0.6083901 11.126032 1.5995576 16.550737 1.756966471672058 0.30742213129997253
Pedestrian 0.0 0 2.417438507080078 987.898681640625 129.35292053222656 1046.6727294921875 213.7246856689453 0.942743 1.8338506 0.65860873 9.03136 0.8886969 16.101635 2.9286093711853027 0.3024342358112335
Pedestrian 0.0 0 1.0959373712539673 949.7880859375 157.11961364746094 998.1781616210938 225.19952392578125 1.0315922 1.7858044 0.7766586 9.744703 1.3734338 19.443672 1.5605254173278809 0.25190097093582153
Pedestrian 0.0 0 -2.286689281463623 730.8604736328125 139.826171875 761.7761840820312 204.36483764648438 0.57766896 1.8801045 0.69407856 4.003095 0.9183143 21.441538 -2.102116107940674 0.2328179031610489
Pedestrian 0.0 0 -2.0050976276397705 845.1582641601562 162.62364196777344 872.52197265625 215.66757202148438 0.81929505 1.7892988 0.5977444 8.493338 1.4445622 24.77492 -1.6748335361480713 0.21610082685947418
Pedestrian 0.0 0 0.019126445055007935 861.4398803710938 151.16714477539062 894.5977172851562 189.7549591064453 1.4742588 1.8159053 0.64909977 12.78608 0.7957003 34.52344 0.3738224506378174 0.15325354039669037
Cyclist 0.0 0 0.014728277921676636 857.4476318359375 151.44456481933594 894.5003051757812 188.4596405029297 1.6571313 1.7492924 0.61375964 12.742793 0.7378635 34.679996 0.3668539524078369 0.40250545740127563
Cyclist 0.0 0 -0.2175842821598053 869.7628784179688 160.55894470214844 903.0028686523438 203.79188537597656 1.1760411 1.7699934 0.64347386 11.419328 1.2669809 29.941885 0.14677071571350098 0.24422764778137207
Cyclist 0.0 0 1.0649135112762451 949.8579711914062 161.51266479492188 998.568115234375 229.14352416992188 1.0196283 1.7666008 0.76768625 9.714085 1.4707093 19.369835 1.529765009880066 0.13012617826461792
Car 0.0 0 1.9639793634414673 240.33155822753906 182.68873596191406 372.5552978515625 246.40924072265625 4.3945603 1.4406896 1.6643873 -7.920736 1.7325943 19.188261 1.5724953413009644 0.8903114795684814
Car 0.0 0 -1.6054980754852295 589.8239135742188 169.4427490234375 623.2785034179688 200.58853149414062 3.9979534 1.5609516 1.6222235 -0.2645966 1.3903462 38.189983 -1.6124264001846313 0.7903836965560913
Car 0.0 0 1.8740607500076294 374.2838134765625 172.19467163085938 456.70050048828125 219.76588439941406 3.9752593 1.4849116 1.5858483 -6.549231 1.4646885 24.539171 1.613250970840454 0.517607569694519
Car 0.0 0 1.7456645965576172 417.68756103515625 173.84059143066406 475.0575866699219 213.88685607910156 3.9633636 1.5029385 1.5966638 -6.5827103 1.5459746 29.192917 1.5238838195800781 0.43694251775741577
Car 0.0 0 -1.66245436668396 850.5177612304688 158.52325439453125 892.7084350585938 192.88717651367188 3.6718464 1.6242331 1.6441799 12.988693 0.94723916 36.084736 -1.3169432878494263 0.2481597661972046
Car 0.0 0 1.7118706703186035 444.795654296875 174.7793426513672 491.8714904785156 209.67001342773438 4.3726454 1.5667511 1.6328051 -6.812637 1.6660991 34.86894 1.5189229249954224 0.21365639567375183
