Pedestrian 0.0 0 2.7791759967803955 691.6109619140625 166.88551330566406 707.85791015625 192.74708557128906 0.9946888 1.8043134 0.5735241 6.279236 1.3882614 50.734047 2.902317523956299 0.3716387450695038
Pedestrian 0.0 0 2.488269329071045 1083.9046630859375 141.64625549316406 1151.02294921875 239.65989685058594 0.8243665 1.7194561 0.54376405 9.0423765 1.1723355 12.944792 3.098010778427124 0.292752206325531
Cyclist 0.0 0 2.153540849685669 3.098639488220215 198.22747802734375 59.851985931396484 256.1814270019531 1.9033066 1.7326096 0.4660711 -18.760805 2.5895543 23.3865 1.4774558544158936 0.2734677791595459
Cyclist 0.0 0 -1.7474274635314941 1061.5166015625 188.17156982421875 1082.4329833984375 228.5836639404297 1.6165335 1.6991838 0.4979268 20.319658 2.392897 31.815796 -1.1790614128112793 0.24787506461143494
Cyclist 0.0 0 1.8077439069747925 694.0462646484375 167.6914520263672 705.4570922851562 193.73101806640625 1.0342437 1.8102949 0.57045805 6.286499 1.451747 50.743702 1.9310030937194824 0.10965046286582947
Car 0.0 0 2.1019911766052246 193.36146545410156 193.36634826660156 277.8785705566406 231.94195556640625 3.6748831 1.4544595 1.5866731 -16.061985 2.3917472 31.0768 1.6249561309814453 0.9345881342887878
Car 0.0 0 2.185713768005371 0.0 201.5780029296875 59.531394958496094 257.2671203613281 3.5778005 1.4625971 1.6077559 -19.428759 2.441293 22.717205 1.4781830310821533 0.5306460857391357
Car 0.0 0 1.4763531684875488 753.0651245117188 166.0636444091797 788.7937622070312 195.00132751464844 3.9889061 1.5738703 1.6181239 9.130218 1.2049128 41.31912 1.6938269138336182 0.3637997806072235
Car 0.0 0 1.6678955554962158 200.44793701171875 0.0 819.7099609375 375.0 3.7124054 1.531991 1.5575936 -0.275941 1.0092524 3.6619427 1.592684030532837 0.3612075746059418
Car 0.0 0 2.1280465126037598 1016.4415893554688 170.74087524414062 1071.086669921875 192.52078247070312 3.988228 1.5806078 1.6459073 32.44494 1.4276109 54.00092 2.669070243835449 0.28104737401008606
Car 0.0 0 1.8135077953338623 0.0 183.92852783203125 34.24983215332031 221.10836791992188 3.9240716 1.548793 1.5669581 -28.218449 2.094391 33.41505 1.1122252941131592 0.26135122776031494
Car 0.0 0 1.8455586433410645 389.1944274902344 184.61553955078125 424.62249755859375 205.44241333007812 4.399731 1.5456225 1.6202389 -16.361269 2.5310934 58.23064 1.5716474056243896 0.23644816875457764
Car 0.0 0 -1.6127921342849731 0.0 178.35482788085938 39.59751510620117 207.59439086914062 3.8597827 1.5405675 1.6052958 -33.405308 1.8665147 40.73035 -2.299704074859619 0.19865404069423676
