Pedestrian 0.0 0 2.876585006713867 752.2481079101562 147.51959228515625 835.2510986328125 278.9205017089844 1.0186702 1.8297898 0.65722084 2.5735314 1.4773599 10.384619 3.1195123195648193 0.2656811475753784
Pedestrian 0.0 0 0.14205452799797058 802.208984375 106.93303680419922 901.78369140625 279.7288513183594 0.9799301 1.8213611 0.6806824 2.6771743 1.1268766 8.125231 0.460341215133667 0.22242814302444458
Pedestrian 0.0 0 1.9078696966171265 123.17449951171875 182.62510681152344 184.71351623535156 281.12310791015625 0.7152211 1.7421651 0.7654364 -8.429085 1.9282978 13.280618 1.342332124710083 0.20314960181713104
Pedestrian 0.0 0 1.4396605491638184 1189.6072998046875 129.26657104492188 1242.0 274.4041442871094 1.8260571 1.7466836 0.5441262 8.127016 1.2224807 9.595803 2.1423721313476562 0.10237414389848709
Cyclist 0.0 0 1.4396605491638184 1189.6072998046875 129.26657104492188 1242.0 274.4041442871094 1.8260571 1.7466836 0.5441262 8.127016 1.2224807 9.595803 2.1423721313476562 0.19406020641326904
Car 0.0 0 1.8325095176696777 279.6426086425781 191.52362060546875 452.96905517578125 312.90753173828125 4.034426 1.503406 1.6065321 -3.731501 1.8576481 11.61992 1.5217821598052979 0.9245175123214722
Car 0.0 0 1.770485281944275 398.65252685546875 169.832275390625 500.33258056640625 258.0257263183594 4.1458335 1.9049679 1.6233095 -3.8327556 1.840057 17.666422 1.556844711303711 0.8092577457427979
Car 0.0 0 1.6761497259140015 516.67431640625 178.0287322998047 559.2673950195312 210.8251190185547 4.0754247 1.4681191 1.6357409 -3.4711525 1.734049 34.98428 1.5772531032562256 0.728026270866394
Car 0.0 0 -0.12245756387710571 653.3195190429688 179.30755615234375 728.9688720703125 209.40968322753906 3.7449455 1.5189319 1.6056713 4.1494784 1.8628789 37.58595 -0.012503113597631454 0.38220691680908203
Car 0.0 0 0.23460964858531952 361.291015625 179.39242553710938 460.563232421875 217.25860595703125 3.7574432 1.5309342 1.5813805 -8.348181 1.813796 30.318346 -0.03408266603946686 0.2539157569408417
Car 0.0 0 2.865910291671753 486.0730285644531 174.02880859375 545.2988891601562 197.1236572265625 3.949868 1.6204311 1.685829 -6.8689895 1.7085379 52.336163 2.7354087829589844 0.2303716093301773
