Pedestrian 0.0 0 2.7001733779907227 824.3588256835938 95.48456573486328 924.832763671875 273.5310974121094 0.81934243 1.7463214 0.50680715 2.7242544 0.90403205 7.330482 3.0559895038604736 0.5427290797233582
Pedestrian 0.0 0 -0.08028393983840942 923.2771606445312 120.68743133544922 1049.5919189453125 328.4853210449219 0.98858464 1.8008877 0.48691452 3.4734964 1.2752371 6.6401887 0.4016740322113037 0.3516428470611572
Pedestrian 0.0 0 -1.95169997215271 1142.034912109375 79.07291412353516 1238.0 262.9046630859375 1.7097942 1.7943269 0.55566245 6.5834565 0.795937 7.9077477 -1.257434606552124 0.1152210384607315
Cyclist 0.0 0 -1.95169997215271 1142.034912109375 79.07291412353516 1238.0 262.9046630859375 1.7097942 1.7943269 0.55566245 6.5834565 0.795937 7.9077477 -1.257434606552124 0.2672051191329956
Car 0.0 0 -1.1256685256958008 531.8928833007812 171.7575225830078 600.8756103515625 206.8876190185547 3.708269 1.4434282 1.5813276 -1.4850287 1.0441171 31.528053 -1.172735571861267 0.8310092687606812
Car 0.0 0 -1.4831959009170532 583.4195556640625 168.5470428466797 610.9324951171875 190.3390655517578 4.1135573 1.4892521 1.6092129 -0.25083157 0.6047103 51.204144 -1.4880945682525635 0.5481850504875183
Car 0.0 0 -0.5823407173156738 321.03814697265625 174.86776733398438 459.67535400390625 226.11073303222656 4.202803 1.5584553 1.6978155 -6.97493 1.3578672 23.994322 -0.8652352690696716 0.5279235243797302
Car 0.0 0 -1.476969599723816 560.9940795898438 166.19720458984375 586.0707397460938 186.7726287841797 4.118382 1.6151612 1.6636151 -2.2115417 0.41443005 58.48887 -1.5147628784179688 0.4225451350212097
Car 0.0 0 -1.7508798837661743 601.3563232421875 172.55921936035156 628.156982421875 191.33819580078125 4.01838 1.5714979 1.6221179 1.1502795 0.82376623 62.22399 -1.732395887374878 0.311342716217041
Car 0.0 0 -0.18786877393722534 0.0 159.92453002929688 125.32128143310547 203.43472290039062 4.490507 1.8030461 1.7491697 -24.101494 0.90995055 32.014744 -0.8331753611564636 0.2938432991504669
Car 0.0 0 1.6900899410247803 475.3385009765625 181.63372802734375 507.2974853515625 204.94244384765625 4.298553 1.5336199 1.67689 -7.5214844 1.5438446 49.458366 1.539169192314148 0.2664819359779358
Car 0.0 0 -1.7381227016448975 349.7326354980469 180.39710998535156 403.78741455078125 218.23509216308594 3.680158 1.5009081 1.5893464 -9.601126 1.4581664 30.491533 -2.043172836303711 0.2550015151500702
