Car 0.0 0 2.028078317642212 130.02841186523438 202.00491333007812 338.7612609863281 322.7966003417969 3.623578 1.5055925 1.5217435 -5.874725 2.0516684 11.686556 1.562280297279358 0.9441288113594055
Car 0.0 0 1.912605881690979 294.7279052734375 197.51101684570312 424.9961853027344 272.8153076171875 4.284272 1.47071 1.6487664 -5.9781404 2.1480916 17.654467 1.5861057043075562 0.9049589037895203
Car 0.0 0 -0.6012091636657715 958.1224975585938 135.08494567871094 1242.0 225.83834838867188 4.4528227 1.5955316 1.7035166 9.1248455 0.93187344 13.553603 -0.008668668568134308 0.9025342464447021
Car 0.0 0 1.9094884395599365 395.6655578613281 190.5746307373047 482.6956481933594 239.35089111328125 4.150341 1.4404845 1.6446775 -5.850069 2.1083062 25.022287 1.6798193454742432 0.8969710469245911
Car 0.0 0 -1.7321417331695557 693.4155883789062 176.5847625732422 779.5125122070312 241.47763061523438 4.1136208 1.5582197 1.6322078 3.2684605 1.6706874 19.619638 -1.5670664310455322 0.8964504599571228
Car 0.0 0 -1.6864089965820312 676.2984619140625 174.1933135986328 736.004150390625 222.9998321533203 3.964554 1.5484813 1.5821322 3.2035608 1.5989285 24.990284 -1.5589120388031006 0.8088875412940979
Car 0.0 0 2.3009419441223145 0.0 220.44821166992188 196.65380859375 375.0 3.5055552 1.4843706 1.5144862 -5.888747 2.0659945 7.032532 1.6038331985473633 0.7988124489784241
Car 0.0 0 1.788379430770874 446.8775634765625 186.15328979492188 501.2643127441406 223.6094207763672 3.74739 1.4543815 1.5423677 -5.860437 2.0659268 31.25892 1.6030503511428833 0.7124282121658325
Car 0.0 0 2.6709766387939453 813.7601318359375 157.71775817871094 973.47216796875 211.11170959472656 4.0940776 1.5003613 1.628129 8.255099 1.0753934 21.28805 3.040905237197876 0.6991181373596191
Car 0.0 0 1.8209331035614014 481.9285583496094 182.78671264648438 528.8324584960938 212.6807098388672 4.116698 1.5154711 1.6126145 -5.789976 2.0975888 40.125217 1.6776245832443237 0.6989311575889587
Car 0.0 0 1.476075291633606 658.767578125 176.1585235595703 696.9054565429688 211.1930694580078 3.4844437 1.591334 1.5009072 3.1916947 1.7592775 34.844696 1.567418098449707 0.6579961776733398
Car 0.0 0 2.5736474990844727 872.8665161132812 154.01885986328125 1043.8604736328125 216.53271484375 3.686337 1.5163392 1.5705496 8.821384 1.0598311 18.50456 3.018493413925171 0.6524505019187927
Car 0.0 0 -0.7014073729515076 935.6255493164062 143.9104461669922 1126.8482666015625 214.37489318847656 3.5531507 1.4741745 1.5348815 9.328751 0.8690094 16.162172 -0.17792385816574097 0.5955427289009094
