Pedestrian 0.0 0 0.3563956618309021 632.7777709960938 167.84713745117188 649.62841796875 195.98106384277344 0.9905735 1.8107005 0.4724456 1.9950252 1.4888173 46.845535 0.3989572525024414 0.3588097095489502
Pedestrian 0.0 0 -1.3295220136642456 313.9261474609375 177.16552734375 328.62823486328125 207.47471618652344 0.6994416 1.7654372 0.6572881 -17.048851 2.0222838 42.52881 -1.7107847929000854 0.27953314781188965
Pedestrian 0.0 0 2.0929012298583984 452.01873779296875 191.7522735595703 472.1806945800781 230.08837890625 0.6864948 1.7044574 0.64560074 -6.7862535 2.5784545 32.925728 1.8896396160125732 0.25512078404426575
Car 0.0 0 1.5569818019866943 531.8638305664062 176.89646911621094 562.0099487304688 206.06361389160156 4.0624814 1.5364625 1.6099873 -3.6227453 1.7765989 40.69224 1.4681880474090576 0.7125275731086731
Car 0.0 0 1.876000165939331 317.969970703125 169.5963134765625 398.41534423828125 224.8731231689453 4.444539 2.0323799 1.768405 -9.959224 1.912961 28.772429 1.542770266532898 0.6756530404090881
Car 0.0 0 1.4791325330734253 448.7301330566406 182.83740234375 475.6457824707031 204.7832489013672 4.141833 1.5326774 1.617634 -11.24934 2.3195088 54.622078 1.2760237455368042 0.42307668924331665
Car 0.0 0 1.588499665260315 585.406005859375 174.62652587890625 611.2935791015625 200.09034729003906 4.10252 1.5766686 1.6132487 -0.7550318 1.6975641 47.011765 1.572440505027771 0.42058297991752625
Car 0.0 0 -1.8258545398712158 843.21435546875 158.1583251953125 875.006591796875 178.44021606445312 3.9212742 1.7299836 1.7079672 21.880274 0.47684482 63.562332 -1.4943262338638306 0.2947121262550354
Car 0.0 0 1.535597562789917 225.45040893554688 185.3174591064453 251.5340576171875 208.1659393310547 4.069866 1.5941596 1.6170943 -28.308233 2.5799792 54.877605 1.0593559741973877 0.2783523201942444
Car 0.0 0 -1.7329974174499512 631.2987670898438 176.2660369873047 659.1669311523438 196.58656311035156 4.119415 1.5534282 1.5871316 2.770623 1.8382254 58.010555 -1.6852730512619019 0.2782881557941437
