Pedestrian 0.0 0 -0.48786842823028564 1086.7738037109375 107.695068359375 1224.265625 288.27886962890625 1.0278418 1.8003305 0.5012712 5.5985255 1.1510864 7.5163393 0.1523268222808838 0.174202561378479
Pedestrian 0.0 0 -0.07806222140789032 731.2383422851562 166.3207550048828 746.24560546875 191.41282653808594 1.077512 1.8774579 0.46807697 9.65412 1.3889794 54.27031 0.09798574447631836 0.15088491141796112
Pedestrian 0.0 0 -2.0079615116119385 855.8493041992188 155.92491149902344 904.1597290039062 226.45193481445312 1.7104919 1.7463622 0.49145892 6.9360228 1.3275293 18.736294 -1.6534128189086914 0.10284623503684998
Cyclist 0.0 0 -2.012228488922119 856.7488403320312 153.626220703125 906.3890380859375 225.0379180908203 1.7535446 1.7601633 0.49508548 6.9526095 1.2865927 18.676426 -1.6558562517166138 0.8808741569519043
Car 0.0 0 2.138523817062378 132.2821502685547 192.4971466064453 258.7951965332031 244.7582244873047 4.094902 1.4450603 1.6351551 -13.429004 2.1448412 23.602577 1.6212379932403564 0.9305129051208496
Car 0.0 0 1.9374127388000488 261.0184631347656 187.13365173339844 323.5626525878906 218.1053924560547 4.2642684 1.5061817 1.6970367 -17.228554 2.32644 39.256447 1.5238513946533203 0.7718332409858704
Car 0.0 0 1.3398104906082153 719.8084106445312 179.71669006347656 746.8358764648438 196.6819305419922 4.128949 1.4856875 1.5648057 11.395202 2.143382 66.999886 1.508276343345642 0.22798281908035278
Car 0.0 0 -1.4996206760406494 910.472412109375 181.28213500976562 968.5562744140625 229.28353881835938 3.6261103 1.472066 1.5615454 11.322345 1.7848694 24.780428 -1.071038007736206 0.21682921051979065
Car 0.0 0 1.996622085571289 70.69991302490234 184.36590576171875 126.37559509277344 210.1667938232422 4.0959067 1.6716781 1.6573048 -35.991272 2.5179393 50.848766 1.3806736469268799 0.18174277245998383
Car 0.0 0 -2.1069247722625732 1077.4715576171875 156.5774688720703 1142.90185546875 182.07717895507812 4.172172 1.6209528 1.6743416 33.15049 0.58665216 48.001953 -1.502530574798584 0.15980030596256256
