Pedestrian 0.0 0 1.1385610103607178 1021.4157104492188 181.36036682128906 1087.6124267578125 279.1210021972656 0.7049644 1.6138605 0.73716867 7.5519094 1.7647095 12.369682 1.6866782903671265 0.46920010447502136
Pedestrian 0.0 0 1.0044128894805908 1061.59130859375 192.66424560546875 1131.473388671875 309.42510986328125 0.6448702 1.6768398 0.6165207 7.2154527 1.9828501 10.800546 1.5933821201324463 0.3290080726146698
Pedestrian 0.0 0 1.8294692039489746 552.2559204101562 189.04359436035156 562.5047607421875 214.2866668701172 0.75387204 1.7389808 0.5437207 -3.7215812 2.8856082 50.66362 1.7561442852020264 0.326042503118515
Pedestrian 0.0 0 0.438692182302475 544.0573120117188 180.03961181640625 558.9994506835938 208.6407470703125 0.7818818 1.8312459 0.61012805 -3.8249083 2.3022063 46.829967 0.357196569442749 0.30692818760871887
Pedestrian 0.0 0 1.1757951974868774 532.4679565429688 169.8165740966797 548.1607055664062 201.30197143554688 0.80756664 1.8587391 0.67376727 -4.1992908 1.6797823 43.108253 1.0786888599395752 0.3054896891117096
Pedestrian 0.0 0 -1.6588008403778076 690.228515625 164.8950958251953 705.7095336914062 204.66610717773438 0.8775288 1.8159695 0.63496125 4.0271587 1.452919 33.391834 -1.538777470588684 0.2449900358915329
Pedestrian 0.0 0 1.5722169876098633 769.4318237304688 160.25729370117188 803.3744506835938 252.27056884765625 0.85562867 1.8541269 0.667902 3.621912 1.6006529 15.031165 1.8086696863174438 0.22912351787090302
Pedestrian 0.0 0 2.5483052730560303 962.195556640625 189.71864318847656 993.4646606445312 238.0420684814453 0.7708084 1.7264701 0.681424 13.425319 2.353669 26.430529 3.0182905197143555 0.22829017043113708
Pedestrian 0.0 0 1.348781704902649 875.7417602539062 111.52313995361328 916.208251953125 187.5247802734375 1.6466519 1.852883 0.6084103 7.2400465 0.35802442 18.44788 1.7227708101272583 0.11445803940296173
Cyclist 0.0 0 1.43555748462677 879.5083618164062 113.7884521484375 913.3665161132812 189.72520446777344 1.6497347 1.8373331 0.5761952 7.2066975 0.40856645 18.324932 1.8102511167526245 0.30044040083885193
Cyclist 0.0 0 1.2839646339416504 543.8909301757812 180.8530731201172 557.3382568359375 210.3408203125 1.0227425 1.8774983 0.6044006 -3.8901567 2.4036775 46.841816 1.2011059522628784 0.11347723007202148
Cyclist 0.0 0 -1.6620140075683594 690.4888916015625 164.46116638183594 705.9103393554688 204.55616760253906 0.9486711 1.8274786 0.62237144 4.034459 1.4453022 33.36722 -1.541687250137329 0.10662566870450974
Cyclist 0.0 0 1.3306188583374023 763.202392578125 161.9261932373047 807.89697265625 254.85121154785156 1.0980258 1.8787066 0.66460377 3.6156495 1.6581321 15.1357975 1.5651051998138428 0.10230239480733871
Car 0.0 0 1.7132073640823364 487.2079772949219 190.2602996826172 544.0208129882812 239.3409423828125 3.6917999 1.5955663 1.569593 -3.4547706 2.283109 26.626638 1.5841795206069946 0.9185013175010681
Car 0.0 0 1.5718945264816284 649.7120361328125 188.67137145996094 677.47021484375 216.47235107421875 3.9244845 1.6010435 1.6846796 3.3734665 2.651234 45.867737 1.6453100442886353 0.5556221604347229
Car 0.0 0 -1.6178425550460815 673.4237670898438 162.4864044189453 701.4163208007812 189.0847930908203 3.811187 1.7215331 1.691849 5.1523066 1.0508668 48.649284 -1.5123287439346313 0.3729061186313629
Car 0.0 0 -1.823094129562378 650.7501831054688 174.35696411132812 681.4714965820312 193.927001953125 4.0483723 1.5907867 1.6295115 4.690727 1.722895 61.112225 -1.746488332748413 0.32504794001579285
