Car 0.0 0 -1.8602795600891113 768.658447265625 173.19552612304688 948.6612548828125 296.5357666015625 3.4732203 1.5697659 1.5907533 3.5002038 1.576134 10.942307 -1.5506871938705444 0.9434146285057068
Car 0.0 0 1.9250452518463135 199.7825164794922 186.69142150878906 448.9703369140625 356.0343017578125 3.5346503 1.5024455 1.5159461 -3.0990021 1.6989921 8.457699 1.5738250017166138 0.8873274922370911
Car 0.0 0 1.7395793199539185 463.5793762207031 164.09286499023438 553.5752563476562 230.50546264648438 4.4255986 1.6185353 1.7144827 -2.6982734 1.4053766 19.822046 1.6042860746383667 0.8244481086730957
Car 0.0 0 1.3569703102111816 723.218994140625 184.36151123046875 822.17431640625 257.5920715332031 3.8746037 1.5490307 1.5604324 3.8342912 1.8643596 17.807737 1.569048523902893 0.8011754155158997
Car 0.0 0 -1.6523584127426147 696.9234008789062 180.3975830078125 757.3116455078125 232.16949462890625 4.0597663 1.5072379 1.6084976 3.7138622 1.7771317 23.69438 -1.4968831539154053 0.7968252301216125
Car 0.0 0 -2.058493137359619 930.5369873046875 199.0054473876953 1242.0 375.0 3.822471 1.4916432 1.5467751 3.7932012 1.7619781 5.456151 -1.450985312461853 0.7658752202987671
Car 0.0 0 2.5821151733398438 0.0 198.02322387695312 195.47840881347656 375.0 4.123913 1.5392953 1.6278384 -3.3017225 1.6863241 2.129327 1.5841103792190552 0.670998215675354
Car 0.0 0 1.611021876335144 550.9379272460938 176.17526245117188 582.000244140625 204.8953094482422 3.862463 1.5464964 1.6203078 -2.4813986 1.7456915 41.24735 1.5509352684020996 0.5607151985168457
Car 0.0 0 -1.6281126737594604 668.7451171875 177.47608947753906 701.3036499023438 208.33428955078125 3.7138085 1.6221024 1.5932719 4.1213684 1.8932741 40.382584 -1.5264067649841309 0.5171239972114563
Car 0.0 0 -3.4071543216705322 764.7482299804688 171.74928283691406 882.1304931640625 213.64053344726562 4.218015 1.6309109 1.7084534 8.458986 1.5882597 28.981112 -3.123164176940918 0.5148228406906128
Car 0.0 0 -1.7115615606307983 687.9771728515625 180.0145263671875 738.1112060546875 221.03347778320312 3.3266418 1.5031476 1.5089341 3.9968348 1.8047221 28.684547 -1.573115348815918 0.4404746890068054
