Pedestrian 0.0 0 -2.636953115463257 287.719482421875 180.6866455078125 309.8296203613281 216.6289520263672 0.79406375 1.7201723 0.6010485 -15.138448 2.104317 35.01397 -3.045036554336548 0.4687539041042328
Pedestrian 0.0 0 -1.066451907157898 1187.707763671875 154.3365478515625 1242.0 251.94712829589844 0.7049198 1.7305534 0.6777754 11.147741 1.4026124 13.232163 -0.36634382605552673 0.43466493487358093
Pedestrian 0.0 0 -1.5906473398208618 768.1009521484375 160.48519897460938 782.9886474609375 198.61692810058594 1.1107826 1.7887225 0.6689907 7.860782 1.2088722 34.455624 -1.3663440942764282 0.3348930776119232
Pedestrian 0.0 0 0.5348433256149292 1068.3233642578125 119.85014343261719 1139.5843505859375 214.38082885742188 0.96549267 1.7970403 0.6553897 9.71877 0.78978807 14.29 1.1320950984954834 0.31479111313819885
Pedestrian 0.0 0 1.3165602684020996 1004.4378051757812 130.5570068359375 1033.8955078125 191.3716278076172 0.9132053 1.8786439 0.5976136 12.876971 0.5723919 22.804544 1.8305941820144653 0.2226964682340622
Cyclist 0.0 0 -1.4968911409378052 769.2686767578125 161.60491943359375 783.687744140625 199.92803955078125 1.6779441 1.7761585 0.5482176 7.8876867 1.255157 34.320812 -1.270991563796997 0.3011019825935364
Cyclist 0.0 0 3.1058268547058105 310.7087097167969 180.05311584472656 346.552978515625 213.47828674316406 1.7684716 1.7491245 0.58399826 -15.103541 2.141225 38.640835 2.733215808868408 0.24342520534992218
Cyclist 0.0 0 -1.885922908782959 1220.1092529296875 147.11256408691406 1242.0 187.21710205078125 1.845075 1.8127463 0.45848548 28.981491 0.649578 33.550518 -1.173462152481079 0.22906458377838135
Cyclist 0.0 0 -2.524491310119629 1064.162109375 117.93114471435547 1145.2081298828125 216.31402587890625 1.1535118 1.8595237 0.6610875 9.724608 0.82179093 14.2907715 -1.9269853830337524 0.18329940736293793
Car 0.0 0 -1.5850063562393188 588.91015625 173.67559814453125 619.5316162109375 204.18350219726562 4.084113 1.6209583 1.6327072 -0.3928629 1.6697898 40.506294 -1.5947048664093018 0.7989203929901123
Car 0.0 0 -2.6357035636901855 1013.3265991210938 160.09571838378906 1090.025634765625 186.23768615722656 3.9998631 1.6334716 1.609887 28.803476 0.8366323 47.218666 -2.0879621505737305 0.4293803572654724
Car 0.0 0 -1.844435453414917 301.68548583984375 186.4431915283203 352.0066833496094 216.07215881347656 3.8969924 1.4858025 1.6025664 -15.804201 2.27951 40.084797 -2.219991683959961 0.360714316368103
Car 0.0 0 -1.8255850076675415 750.874755859375 163.59605407714844 793.3125 192.2877655029297 3.3267622 1.5561641 1.5467927 9.088198 1.0543952 40.82154 -1.606525182723999 0.3221736550331116
Car 0.0 0 0.11868757009506226 0.0 179.81546020507812 85.81318664550781 210.6599884033203 4.066563 1.6495618 1.7009627 -32.539917 2.0645032 41.17994 -0.5500420928001404 0.28769320249557495
Car 0.0 0 -2.3387556076049805 906.4194946289062 156.96578979492188 969.4677734375 181.33294677734375 4.0061555 1.6146821 1.6515973 22.615097 0.56221175 49.97388 -1.9137927293777466 0.26821577548980713
Car 0.0 0 -2.1207799911499023 1208.480712890625 150.41419982910156 1242.0 190.39161682128906 3.6968672 1.7264951 1.7167326 29.594368 0.75775146 33.129913 -1.3916888236999512 0.21478505432605743
