Car 0.0 0 1.8085095882415771 366.6822204589844 191.3189697265625 486.154541015625 281.2314147949219 3.7348278 1.525832 1.532968 -3.6828809 1.9549813 14.881574 1.5659047365188599 0.9154005646705627
Car 0.0 0 -1.7543439865112305 714.727783203125 179.07351684570312 818.156494140625 263.5232849121094 3.432699 1.5643462 1.5138848 3.1538997 1.7119448 15.348409 -1.551677942276001 0.9059974551200867
Car 0.0 0 1.9429866075515747 213.19847106933594 199.6513671875 424.59307861328125 340.3398742675781 3.5276117 1.4947525 1.5226663 -3.8740962 1.9361956 10.10536 1.5768977403640747 0.9033143520355225
Car 0.0 0 -1.857204794883728 757.3839721679688 179.79844665527344 980.6879272460938 325.5072326660156 4.2269077 1.4980057 1.5833106 3.1174536 1.6127359 9.749546 -1.5477253198623657 0.8988293409347534
Car 0.0 0 2.2124457359313965 0.0 211.65365600585938 323.9449462890625 375.0 3.9780526 1.4772286 1.5691631 -3.534198 1.8420277 4.781552 1.5759364366531372 0.8582428693771362
Car 0.0 0 -2.2120862007141113 869.4633178710938 186.85348510742188 1242.0 375.0 3.898308 1.491324 1.594931 2.7830608 1.6018687 3.7270832 -1.5706921815872192 0.7939884066581726
Car 0.0 0 -1.8093551397323608 640.1402587890625 179.15869140625 687.68017578125 211.32200622558594 3.7714639 1.528369 1.5778987 2.6746035 1.8699213 37.054733 -1.7373002767562866 0.7226162552833557
Car 0.0 0 -3.1000261306762695 726.3624267578125 177.51841735839844 826.3704833984375 218.2801055908203 3.8557646 1.5662218 1.6405249 6.7167954 1.7645285 29.318403 -2.87481427192688 0.5924770832061768
Car 0.0 0 -3.5371124744415283 961.1289672851562 149.0645294189453 1125.35595703125 204.8656768798828 4.0259523 1.6401956 1.6527144 13.2228775 0.941296 22.30429 -3.00197434425354 0.5058662295341492
Car 0.0 0 0.20954176783561707 375.2900085449219 172.23098754882812 424.99200439453125 190.1161346435547 4.0095987 1.5732265 1.6384972 -18.727428 1.5187819 64.42962 -0.07332884520292282 0.4327653646469116
