Pedestrian 0.0 0 -0.2670978009700775 820.3533325195312 92.91426849365234 923.8475952148438 272.19781494140625 0.89118606 1.7629396 0.48396745 2.6974645 0.8932237 7.3399267 0.08508634567260742 0.5708407163619995
Pedestrian 0.0 0 1.682163953781128 767.0913696289062 161.5668487548828 775.8963623046875 188.4237060546875 0.8894745 1.9537144 0.53446174 12.510543 0.50426877 52.761826 1.9149779081344604 0.23170948028564453
Pedestrian 0.0 0 -2.2514848709106445 668.7598266601562 169.337646484375 689.0277709960938 210.23207092285156 0.4892249 1.7000612 0.69599247 3.246689 1.195431 30.254316 -2.144580841064453 0.20652379095554352
Pedestrian 0.0 0 -1.9121102094650269 1149.3436279296875 80.99758911132812 1238.0 259.1016540527344 1.6600296 1.745138 0.5254748 6.606246 0.7617433 7.9055257 -1.2160067558288574 0.12900589406490326
Cyclist 0.0 0 -1.8949156999588013 1153.80517578125 83.17581939697266 1238.0 264.203369140625 1.6947862 1.7448566 0.50592595 6.55733 0.7985185 7.802321 -1.1960018873214722 0.35097190737724304
Car 0.0 0 -0.7472560405731201 433.3484802246094 170.87246704101562 528.8322143554688 213.45603942871094 3.4764323 1.5337452 1.5992659 -4.6073356 1.1520201 27.733782 -0.9118797779083252 0.9367228746414185
Car 0.0 0 1.971177577972412 328.01007080078125 179.8105926513672 388.9890441894531 209.233154296875 4.093426 1.4810398 1.6080513 -12.859496 1.3968759 38.258038 1.646916389465332 0.7302886843681335
Car 0.0 0 -1.4515269994735718 567.1800537109375 169.15896606445312 598.2623291015625 193.58270263671875 3.9427366 1.5382544 1.5888073 -1.1817943 0.7617132 47.276924 -1.4765191078186035 0.5808823704719543
Car 0.0 0 -0.22844469547271729 0.0 161.75608825683594 121.23303985595703 203.16786193847656 4.290594 1.7174077 1.7556918 -24.177073 0.89958215 31.997463 -0.8755159974098206 0.3383525311946869
Car 0.0 0 2.677306652069092 26.641399383544922 181.17813110351562 147.01634216308594 218.89781188964844 3.869535 1.4989389 1.597081 -21.845718 1.4871526 30.626778 2.05771803855896 0.2350037693977356
Car 0.0 0 -2.822190761566162 386.6375427246094 175.32154846191406 438.67437744140625 194.5589141845703 3.9440584 1.601297 1.6308863 -15.90675 1.0874829 60.729202 -3.0783650875091553 0.2067204862833023
Car 0.0 0 1.539275884628296 595.8554077148438 172.63783264160156 618.085693359375 193.1243438720703 4.193536 1.5709231 1.6320336 0.43215507 0.8919175 57.195637 1.546831488609314 0.20413826406002045
