Car 0.0 0 1.8981976509094238 227.62875366210938 186.03614807128906 450.7254638671875 322.1457214355469 4.3781986 1.533582 1.714371 -3.749142 1.7704799 10.7484455 1.5625852346420288 0.9265463948249817
Car 0.0 0 2.161994218826294 0.0 208.54306030273438 271.0823974609375 345.36865234375 3.8484848 1.417602 1.5892558 -6.6818924 2.0297813 10.425956 1.5920497179031372 0.8961682319641113
Car 0.0 0 -1.6643457412719727 642.246337890625 177.40806579589844 687.0733642578125 212.85809326171875 3.9617205 1.446207 1.6016448 2.3187342 1.660803 31.943344 -1.591883897781372 0.8851215243339539
Car 0.0 0 1.8062846660614014 401.75225830078125 186.68963623046875 495.6093444824219 255.84414672851562 3.682383 1.5197668 1.5159802 -4.055801 1.909571 18.45179 1.5899200439453125 0.8605214357376099
Car 0.0 0 2.804929494857788 759.9955444335938 155.1132354736328 917.040771484375 213.10694885253906 4.813198 1.9116241 1.8000822 7.7104764 1.3272003 24.7643 3.1067705154418945 0.8382403254508972
Car 0.0 0 1.7305229902267456 757.5560302734375 164.79762268066406 810.3909912109375 203.4739990234375 3.490136 1.4391618 1.5116113 6.9380713 1.1397388 28.747505 1.9673395156860352 0.6215946674346924
Car 0.0 0 -0.27065253257751465 722.35107421875 168.8289794921875 811.7994384765625 201.22145080566406 3.8568625 1.4936212 1.5728359 7.357579 1.3083848 34.16535 -0.058539897203445435 0.5080297589302063
Car 0.0 0 1.7371940612792969 621.7420043945312 173.42147827148438 649.5325927734375 192.3679656982422 4.1335835 1.5189881 1.6556963 2.150612 1.5683901 60.16691 1.7729229927062988 0.4716401696205139
Car 0.0 0 1.8047962188720703 375.1729431152344 188.3216552734375 447.0589599609375 236.50315856933594 3.7963724 1.4600515 1.5616535 -6.8459563 2.0380416 25.019756 1.537711501121521 0.44676724076271057
Car 0.0 0 -0.8763630390167236 88.07581329345703 195.5336151123047 229.24771118164062 254.01861572265625 3.8347497 1.5296139 1.6439822 -13.911676 2.2987578 22.442642 -1.431269884109497 0.4435707628726959
Car 0.0 0 1.4368387460708618 448.09368896484375 179.17750549316406 490.4346618652344 212.42103576660156 3.8239496 1.5262712 1.5653502 -7.1002717 1.8599765 35.97123 1.2419564723968506 0.4151157736778259
Car 0.0 0 -0.17872241139411926 681.7174682617188 169.26683044433594 736.3373413085938 189.06655883789062 4.257705 1.6192552 1.7155682 8.176667 1.3262475 59.954685 -0.04317785054445267 0.40419861674308777
