Pedestrian 0.0 0 0.26940101385116577 823.8255615234375 140.90118408203125 904.9144287109375 269.4222717285156 0.9661431 1.7704326 0.667131 3.7789376 1.2124879 10.44423 0.6165673732757568 0.6743263006210327
Pedestrian 0.0 0 1.4764641523361206 722.9110717773438 143.03433227539062 750.7316284179688 213.96759033203125 0.68339723 1.8247329 0.65360445 3.5129585 0.8363932 18.845978 1.660752773284912 0.49488526582717896
Pedestrian 0.0 0 -0.8382638692855835 915.6910400390625 156.9402618408203 965.4351806640625 233.08287048339844 0.7548879 1.6762122 0.69177735 7.6433043 1.1367719 16.276299 -0.3992329239845276 0.31587842106819153
Pedestrian 0.0 0 -3.4304513931274414 807.0969848632812 148.3850555419922 839.559814453125 193.32962036132812 1.1067859 1.7911656 0.6617923 8.9217825 0.47244647 28.961424 -3.1316189765930176 0.3048761785030365
Pedestrian 0.0 0 -0.22823575139045715 539.4835205078125 154.8712158203125 558.3598022460938 189.1865997314453 0.9393525 1.898404 0.6067462 -2.939778 0.4260545 40.16637 -0.30129551887512207 0.258466899394989
Cyclist 0.0 0 1.9383682012557983 341.53118896484375 135.46022033691406 449.24908447265625 313.2492980957031 1.79696 1.7889583 0.5662876 -2.3199766 1.3270613 8.145765 1.6609069108963013 0.8731042146682739
Cyclist 0.0 0 2.000481128692627 135.21438598632812 120.16970825195312 322.7062683105469 374.0 1.8433877 1.6670195 0.5201019 -2.7340868 1.2862786 5.404451 1.5321283340454102 0.78803551197052
Cyclist 0.0 0 -3.3890063762664795 806.4024047851562 148.6279296875 839.6194458007812 193.5427703857422 1.1555904 1.7879659 0.64268804 8.902829 0.48040125 28.94318 -3.09059476852417 0.2218674123287201
Cyclist 0.0 0 -0.09986427426338196 817.886962890625 145.28079223632812 899.3087158203125 271.69451904296875 1.05086 1.7618682 0.659899 3.673572 1.258389 10.453604 0.23807215690612793 0.11480169743299484
Cyclist 0.0 0 1.5117177963256836 720.7311401367188 144.85142517089844 748.6196899414062 217.2783966064453 0.83934355 1.861402 0.67083645 3.4680803 0.92069536 18.916323 1.6930420398712158 0.10978323221206665
Car 0.0 0 -0.28130316734313965 924.5179443359375 172.35154724121094 1181.060302734375 264.2464294433594 3.518071 1.4614468 1.5495332 7.680265 1.3172501 12.629906 0.26505208015441895 0.38838112354278564
Car 0.0 0 -1.8738583326339722 944.7877807617188 151.3299560546875 1027.8680419921875 196.1241912841797 3.863158 1.559055 1.6628779 14.356333 0.5100572 27.050402 -1.3859336376190186 0.374067485332489
Car 0.0 0 -1.6231904029846191 581.4868774414062 159.6306610107422 613.36865234375 187.9720458984375 3.9874847 1.5657151 1.6355809 -0.2748662 0.35836226 41.720177 -1.6297786235809326 0.34840452671051025
Car 0.0 0 -1.8085246086120605 846.4681396484375 153.1349639892578 890.4074096679688 180.93414306640625 3.9764392 1.6891146 1.7293341 16.970474 -0.037044372 45.806305 -1.4537196159362793 0.3279832601547241
Car 0.0 0 -1.9796719551086426 591.1286010742188 176.83233642578125 638.7489624023438 201.91705322265625 3.890392 1.5268196 1.61712 0.81909424 1.2434618 45.826527 -1.9618000984191895 0.28416845202445984
Car 0.0 0 -2.03153133392334 1061.128662109375 129.5655517578125 1214.1658935546875 199.3241729736328 3.954269 1.6767116 1.6954654 14.196223 0.42961666 19.3563 -1.3987287282943726 0.282959520816803
Car 0.0 0 2.37265682220459 0.0 188.69110107421875 109.3690185546875 374.0 3.8802736 1.5532961 1.5537591 -5.5797396 1.6250443 5.0636363 1.5388059616088867 0.27440136671066284
