Pedestrian 0.0 0 -1.669996738433838 742.8858642578125 162.80709838867188 762.1441040039062 205.08912658691406 1.0093496 1.7827938 0.7121686 6.0668178 1.3595312 30.956385 -1.4764699935913086 0.5543719530105591
Cyclist 0.0 0 -1.6765201091766357 742.0244750976562 163.72398376464844 761.3643798828125 203.5901336669922 1.082465 1.6811608 0.70278114 6.038584 1.2965045 30.994219 -1.4841011762619019 0.21725693345069885
Car 0.0 0 2.233893394470215 1.9576305150985718 195.8885498046875 167.65843200683594 256.0205078125 4.335414 1.4648119 1.654204 -15.422338 2.2204757 21.457579 1.6107032299041748 0.9426736831665039
Car 0.0 0 1.9826204776763916 287.9463195800781 183.94151306152344 359.91705322265625 218.4105224609375 4.0683293 1.4635644 1.6632963 -13.429627 2.0184858 34.02365 1.60667884349823 0.8945185542106628
Car 0.0 0 1.4221395254135132 0.0 182.69410705566406 52.42178726196289 220.5452880859375 3.956206 1.6187342 1.6068267 -27.581774 2.1060565 33.779797 0.7374081611633301 0.28027835488319397
Car 0.0 0 -1.5318819284439087 329.1019287109375 172.7217254638672 353.967529296875 194.26950073242188 4.048567 1.5911719 1.6368359 -20.623522 1.5817611 55.456905 -1.8879177570343018 0.2295401692390442
Car 0.0 0 -1.6058303117752075 333.4151306152344 170.56658935546875 356.1289978027344 190.6147003173828 4.004597 1.644287 1.6689211 -22.597162 1.4570371 61.344833 -1.9587695598602295 0.19190725684165955
Car 0.0 0 -1.5769178867340088 407.1018981933594 170.8435516357422 436.5638732910156 198.8150634765625 3.803035 1.5640888 1.6026081 -11.099733 1.4520285 42.387867 -1.8330284357070923 0.19115391373634338
Car 0.0 0 -1.7732741832733154 794.9242553710938 166.9212646484375 827.3748168945312 187.72982788085938 4.167898 1.589391 1.6691704 15.886678 1.1365962 57.24545 -1.502568006515503 0.19029176235198975
Car 0.0 0 -1.3092305660247803 842.4420166015625 169.78482055664062 873.1749877929688 187.9088134765625 3.8272343 1.5501959 1.6355385 21.900972 1.2880388 63.756508 -0.9783494472503662 0.18164750933647156
