Pedestrian 0.0 0 1.2187318801879883 955.8089599609375 167.17518615722656 1018.0089721679688 280.6355285644531 0.9196591 1.8184707 0.6400748 6.2261076 1.727812 12.05764 1.6953833103179932 0.4097382128238678
Pedestrian 0.0 0 -1.8759522438049316 1104.2100830078125 149.28604125976562 1135.78857421875 207.85922241210938 0.59909546 1.9090416 0.70622826 16.845818 1.1412627 23.90658 -1.262110948562622 0.39505138993263245
Pedestrian 0.0 0 1.052582025527954 826.2955932617188 132.6452178955078 870.6749877929688 209.3321075439453 0.9391624 1.8721863 0.6820557 5.9360857 0.89091206 18.140879 1.3688218593597412 0.28804412484169006
Pedestrian 0.0 0 -2.162061929702759 1114.232421875 141.67955017089844 1242.0 330.41937255859375 1.6539935 1.7385067 0.54093695 5.9745193 1.4517128 7.4898143 -1.4887336492538452 0.12419404089450836
Cyclist 0.0 0 -2.1961607933044434 1104.9407958984375 141.67271423339844 1242.0 334.6251525878906 1.7969031 1.7674557 0.5577334 5.9654317 1.4821913 7.516781 -1.5253251791000366 0.4096551537513733
Cyclist 0.0 0 1.214294672012329 954.958251953125 165.92288208007812 1017.9368286132812 280.70599365234375 0.9601272 1.8405814 0.6362996 6.229998 1.7297966 12.081916 1.6903810501098633 0.1940530240535736
Cyclist 0.0 0 1.052582025527954 826.2955932617188 132.6452178955078 870.6749877929688 209.3321075439453 0.9391624 1.8721863 0.6820557 5.9360857 0.89091206 18.140879 1.3688218593597412 0.14468418061733246
Car 0.0 0 -1.866682529449463 772.7813720703125 183.2606201171875 1008.9072265625 347.0513610839844 3.6256175 1.5185673 1.5771568 3.0561652 1.6719383 8.763704 -1.5311397314071655 0.9335075616836548
Car 0.0 0 -1.7868335247039795 715.1216430664062 185.63986206054688 843.7142944335938 284.37542724609375 3.7279537 1.5857403 1.605223 3.054576 1.8660667 13.932439 -1.5710062980651855 0.9307134747505188
Car 0.0 0 1.6312143802642822 492.6750183105469 181.12220764160156 543.3595581054688 225.85922241210938 3.9395003 1.4591637 1.596091 -3.3253658 1.7839892 26.294748 1.5054171085357666 0.8529305458068848
Car 0.0 0 1.4555002450942993 654.0783081054688 179.31512451171875 699.2427368164062 216.23223876953125 3.947463 1.5246946 1.567564 2.9006555 1.8338535 32.48857 1.5445464849472046 0.8319301605224609
Car 0.0 0 1.7702027559280396 525.0076904296875 181.42190551757812 566.767822265625 212.0108642578125 3.7075567 1.511725 1.5257534 -3.420971 1.9940956 38.662518 1.6819497346878052 0.42664235830307007
Car 0.0 0 1.589677333831787 639.2620239257812 181.62855529785156 665.1841430664062 207.22181701660156 3.8904285 1.5668236 1.6342019 2.7853386 2.169765 47.54562 1.6481928825378418 0.41235432028770447
Car 0.0 0 1.396256923675537 533.2646484375 179.6505584716797 568.4913330078125 204.83551025390625 4.0516396 1.5291629 1.6067352 -3.9365888 1.993953 47.138638 1.3129394054412842 0.2749490439891815
