Pedestrian 0.0 0 0.7325326800346375 483.5638427734375 155.81149291992188 520.1757202148438 220.3888702392578 0.8671347 1.8129148 0.59189826 -3.1552985 1.3348297 20.738825 0.5815460681915283 0.3890478014945984
Pedestrian 0.0 0 -1.0350794792175293 109.8675765991211 187.43722534179688 138.3650360107422 230.42437744140625 1.046436 1.8864118 0.62073123 -21.962002 2.5559733 32.567352 -1.6283868551254272 0.1925838589668274
Pedestrian 0.0 0 -1.9473936557769775 916.7697143554688 159.0311737060547 934.0231323242188 191.5810546875 0.8538067 1.8567232 0.6414059 18.142654 1.0685945 41.593277 -1.5360816717147827 0.18795962631702423
Pedestrian 0.0 0 2.2438437938690186 90.00959777832031 155.81277465820312 128.31808471679688 215.65823364257812 0.8333309 1.9240469 0.65481335 -16.440369 1.3765254 23.631996 1.6360212564468384 0.17729797959327698
Pedestrian 0.0 0 1.4152940511703491 1203.9937744140625 130.60597229003906 1232.0401611328125 183.38783264160156 1.4958895 1.9051383 0.5702845 22.551048 0.3805723 26.82847 2.1142845153808594 0.1649259775876999
Pedestrian 0.0 0 0.8694751262664795 1219.4683837890625 152.68199157714844 1242.0 187.20425415039062 1.6457082 1.8156942 0.534775 33.671463 0.7551079 38.772892 1.5845707654953003 0.1301058679819107
Pedestrian 0.0 0 2.2717392444610596 105.038330078125 136.80722045898438 163.52755737304688 201.6004180908203 1.6153935 1.8129505 0.49995095 -13.874688 0.8046993 21.017715 1.6882669925689697 0.11983323097229004
Cyclist 0.0 0 0.8694751262664795 1219.4683837890625 152.68199157714844 1242.0 187.20425415039062 1.6457082 1.8156942 0.534775 33.671463 0.7551079 38.772892 1.5845707654953003 0.41143837571144104
Cyclist 0.0 0 1.9496214389801025 164.5786590576172 184.45237731933594 184.2050018310547 211.28578186035156 1.7440767 1.7587434 0.5347557 -29.58638 2.5609212 48.974667 1.40618097782135 0.25353747606277466
Cyclist 0.0 0 2.2717392444610596 105.038330078125 136.80722045898438 163.52755737304688 201.6004180908203 1.6153935 1.8129505 0.49995095 -13.874688 0.8046993 21.017715 1.6882669925689697 0.21097812056541443
Cyclist 0.0 0 1.4152940511703491 1203.9937744140625 130.60597229003906 1232.0401611328125 183.38783264160156 1.4958895 1.9051383 0.5702845 22.551048 0.3805723 26.82847 2.1142845153808594 0.1726863533258438
Cyclist 0.0 0 -1.0350794792175293 109.8675765991211 187.43722534179688 138.3650360107422 230.42437744140625 1.046436 1.8864118 0.62073123 -21.962002 2.5559733 32.567352 -1.6283868551254272 0.12366640567779541
Car 0.0 0 -0.18234574794769287 338.83795166015625 193.5712890625 411.1153259277344 222.4711151123047 3.8040576 1.5387332 1.6147965 -13.819845 2.801636 42.351353 -0.49776577949523926 0.6118955016136169
Car 0.0 0 1.521321415901184 174.14346313476562 181.48785400390625 200.47247314453125 203.5663299560547 4.281934 1.6716317 1.6317574 -34.38833 2.4001875 58.61543 0.9907557964324951 0.25518104434013367
Car 0.0 0 -0.5635693073272705 961.98486328125 151.00770568847656 1068.60400390625 184.70704650878906 4.5405273 1.6790707 1.7238234 20.653748 0.5909361 36.930294 -0.05364222824573517 0.25404593348503113
Car 0.0 0 -0.40728628635406494 594.4868774414062 172.05088806152344 642.8452758789062 189.134033203125 4.0686145 1.5124553 1.637194 0.76680297 1.44171 65.41786 -0.3955652117729187 0.22715038061141968
Car 0.0 0 1.4882713556289673 449.8949890136719 175.74179077148438 476.1040344238281 197.7402801513672 4.0574546 1.6014392 1.6324583 -11.318384 1.8317282 55.271225 1.2862849235534668 0.21315115690231323
Car 0.0 0 1.1440753936767578 425.3681945800781 178.98709106445312 473.0837707519531 204.9108123779297 3.7181368 1.5583218 1.5843619 -10.372863 1.968569 46.25866 0.9234881401062012 0.20034602284431458
Car 0.0 0 -2.5408244132995605 820.9309692382812 170.94241333007812 878.3495483398438 193.09716796875 3.7650256 1.5669817 1.5843987 17.538393 1.4321356 53.008656 -2.2213022708892822 0.1831771433353424
Car 0.0 0 -1.5279836654663086 381.8446044921875 162.9249267578125 407.02825927734375 186.49200439453125 4.0177484 1.7011034 1.644995 -16.190956 0.98476624 54.227943 -1.8181300163269043 0.1807846575975418
Car 0.0 0 -0.30478060245513916 692.0368041992188 173.76187133789062 738.4157104492188 191.1245574951172 3.843036 1.5399648 1.6026138 9.474244 1.6237524 65.20621 -0.1604936420917511 0.17800965905189514
