Pedestrian 0.0 0 2.9430899620056152 452.21905517578125 172.92007446289062 466.50726318359375 202.3668975830078 0.82259005 1.8929411 0.511149 -9.445251 1.4070132 45.842575 2.739896774291992 0.653094470500946
Pedestrian 0.0 0 -0.12769603729248047 1064.178466796875 149.06585693359375 1110.8470458984375 227.56466674804688 0.81015104 1.7476939 0.6076379 10.998128 1.0494586 16.190834 0.46898889541625977 0.47862643003463745
Pedestrian 0.0 0 3.035581350326538 574.6113891601562 169.7866973876953 589.9931640625 196.53627014160156 0.978414 1.7750213 0.50728273 -1.5174718 1.0654416 47.23125 3.0034637451171875 0.47719183564186096
Pedestrian 0.0 0 2.8346612453460693 513.624267578125 169.2864990234375 527.0740356445312 196.11712646484375 0.75346166 1.7825872 0.58476585 -5.674525 1.038901 47.392246 2.7154932022094727 0.38645297288894653
Pedestrian 0.0 0 2.968571186065674 505.07379150390625 168.91574096679688 518.0565795898438 195.5286102294922 0.8071521 1.8093715 0.50086266 -6.3986783 1.0230855 48.426163 2.8371994495391846 0.3783673048019409
Pedestrian 0.0 0 -1.7938810586929321 894.6980590820312 137.48941040039062 919.7676391601562 192.26858520507812 0.9339671 1.8951325 0.6208973 10.63898 0.40867528 24.970945 -1.3911176919937134 0.2960386276245117
Pedestrian 0.0 0 0.9019243717193604 813.8849487304688 149.13844299316406 843.3909301757812 189.83311462402344 1.3985243 1.8910584 0.5970697 10.604413 0.43515787 33.610916 1.2075445652008057 0.2626742720603943
Pedestrian 0.0 0 1.9274235963821411 391.9906921386719 180.48541259765625 414.26611328125 214.55270385742188 1.7142445 1.7332729 0.55487895 -10.520451 1.733955 36.844444 1.6492879390716553 0.10217823833227158
Cyclist 0.0 0 -1.8645460605621338 1181.93310546875 135.3668212890625 1222.230712890625 199.04910278320312 1.7452424 1.7745305 0.40413818 17.323465 0.51845336 20.578705 -1.1648229360580444 0.6638736724853516
Cyclist 0.0 0 1.9274235963821411 391.9906921386719 180.48541259765625 414.26611328125 214.55270385742188 1.7142445 1.7332729 0.55487895 -10.520451 1.733955 36.844444 1.6492879390716553 0.5685312151908875
Cyclist 0.0 0 0.9766629934310913 813.6654052734375 147.5233917236328 843.8555908203125 187.24403381347656 1.6416283 1.8420426 0.5411245 10.618374 0.3142081 33.64826 1.2823420763015747 0.4399656057357788
Cyclist 0.0 0 1.85527765750885 513.369384765625 169.6306915283203 526.6358032226562 197.07797241210938 1.0036081 1.8179563 0.62719756 -5.6901956 1.0993563 47.372498 1.7357343435287476 0.16773606836795807
Cyclist 0.0 0 -1.7938810586929321 894.6980590820312 137.48941040039062 919.7676391601562 192.26858520507812 0.9339671 1.8951325 0.6208973 10.63898 0.40867528 24.970945 -1.3911176919937134 0.1164415031671524
Cyclist 0.0 0 -0.12769603729248047 1064.178466796875 149.06585693359375 1110.8470458984375 227.56466674804688 0.81015104 1.7476939 0.6076379 10.998128 1.0494586 16.190834 0.46898889541625977 0.10492273420095444
Car 0.0 0 -1.4886326789855957 523.76806640625 175.64610290527344 556.8422241210938 202.7515411376953 3.8326607 1.5116599 1.6189778 -3.7457085 1.2423518 41.349762 -1.5789721012115479 0.8086541891098022
Car 0.0 0 2.5741124153137207 897.890380859375 145.5629425048828 1020.8132934570312 186.42230224609375 4.02246 1.5195819 1.5823965 13.603472 0.22176796 27.288252 3.036567449569702 0.6500421762466431
Car 0.0 0 -1.773120641708374 624.6405029296875 172.13540649414062 658.9336547851562 195.82510375976562 3.6812406 1.5419555 1.6091324 2.4560978 0.99883616 47.9574 -1.7219512462615967 0.43629348278045654
Car 0.0 0 -0.39318129420280457 865.1997680664062 154.97918701171875 929.8952026367188 175.33425903320312 4.5688195 1.6224617 1.7007141 23.826393 -0.4261695 57.63917 -0.001201162114739418 0.356278657913208
Car 0.0 0 -1.7591707706451416 509.5631103515625 166.24537658691406 540.3216552734375 187.5278778076172 4.1536455 1.6148106 1.6606963 -6.352482 0.5344995 55.87217 -1.872381329536438 0.35547682642936707
Car 0.0 0 -0.31616804003715515 804.6310424804688 162.6209259033203 860.3815307617188 182.42706298828125 3.992206 1.5838348 1.6396067 18.442204 0.1553325 57.36559 -0.005118196830153465 0.3457169830799103
