Pedestrian 0.0 0 2.0481367111206055 139.13194274902344 124.33987426757812 187.31044006347656 212.77085876464844 0.71094894 1.8734138 0.63464 -9.737553 0.84599805 15.662435 1.4919039011001587 0.4833666682243347
Car 0.0 0 -2.611048698425293 123.65487670898438 183.8394012451172 349.2904968261719 271.4586486816406 3.4112973 1.5003303 1.5752401 -6.9107156 1.7190177 13.455498 -3.085515260696411 0.9060832858085632
Car 0.0 0 -1.5979154109954834 648.56640625 179.85325622558594 686.8125 215.62496948242188 4.074626 1.438575 1.5612574 2.4553537 1.7685118 31.899235 -1.5210946798324585 0.8841445446014404
Car 0.0 0 0.7943363189697266 873.6911010742188 197.18597412109375 1242.0 375.0 3.9433312 1.4944887 1.5669471 3.018917 1.6928191 3.8232374 1.462717890739441 0.8459331393241882
Car 0.0 0 -2.731750011444092 277.8427429199219 181.90830993652344 449.5121154785156 243.46826171875 3.84103 1.4698503 1.5908585 -6.2742395 1.7137536 18.455055 -3.059465169906616 0.7173228859901428
Car 0.0 0 -2.664203643798828 206.9012908935547 184.34246826171875 420.99322509765625 256.7037048339844 4.1388597 1.4830645 1.6196593 -6.562491 1.7555224 16.09363 -3.0513899326324463 0.6861496567726135
Car 0.0 0 0.18913963437080383 364.89288330078125 182.53610229492188 491.1573181152344 230.31100463867188 3.823267 1.4982331 1.5965955 -5.99365 1.8314397 23.896914 -0.05660378932952881 0.6705834865570068
Car 0.0 0 3.1952741146087646 382.86572265625 173.0262451171875 478.4796142578125 209.4741668701172 3.8711262 1.4992005 1.6298417 -7.6399145 1.5072021 30.85122 2.9525203704833984 0.5604719519615173
Car 0.0 0 0.11503665149211884 447.5941162109375 168.75106811523438 533.7003173828125 202.6325225830078 4.0481777 1.6364833 1.6767343 -5.9016767 1.4386686 35.78309 -0.04842105507850647 0.5553873777389526
Car 0.0 0 0.13512001931667328 426.1507568359375 182.22491455078125 521.5123291015625 215.36141967773438 4.136352 1.4606042 1.6175683 -6.2510138 1.9044324 33.230553 -0.0508175790309906 0.5215820074081421
