Pedestrian 0.0 0 2.888406753540039 473.7005310058594 174.62461853027344 491.8353271484375 207.31842041015625 0.8407242 1.7255383 0.5590181 -6.8362827 1.8215666 38.55454 2.712916135787964 0.30971619486808777
Pedestrian 0.0 0 -2.7163174152374268 438.2190856933594 169.6020050048828 458.03778076171875 203.90684509277344 0.736834 1.6764532 0.6920871 -8.037725 1.5178891 35.67171 -2.937941074371338 0.268626868724823
Pedestrian 0.0 0 0.30322161316871643 301.59466552734375 174.84185791015625 322.23822021484375 208.87261962890625 0.8542821 1.7691189 0.6281681 -15.689728 1.8748646 37.89895 -0.08928531408309937 0.19560325145721436
Pedestrian 0.0 0 -0.7473582029342651 1191.8065185546875 145.21974182128906 1242.0 280.139892578125 0.77419674 1.7271742 0.5805843 8.258655 1.3737733 9.53715 -0.033679358661174774 0.16280576586723328
Cyclist 0.0 0 2.0937798023223877 471.99505615234375 176.47360229492188 493.86639404296875 209.5438690185547 1.3746207 1.7276952 0.5389541 -6.8248005 1.9253676 38.59224 1.9187456369400024 0.1841229349374771
Cyclist 0.0 0 -1.759434700012207 757.7228393554688 160.509521484375 772.9963989257812 193.98629760742188 1.7264796 1.743665 0.47756654 8.233446 1.1010505 38.447483 -1.5484731197357178 0.1590910255908966
Cyclist 0.0 0 -1.3526928424835205 441.872314453125 167.11785888671875 458.3785705566406 203.76312255859375 0.9243391 1.784211 0.6106707 -7.919375 1.5052836 35.590443 -1.571639895439148 0.11517694592475891
Car 0.0 0 -1.6521711349487305 709.0169677734375 178.8241729736328 732.8445434570312 198.00253295898438 4.165296 1.5452197 1.6713918 9.413205 2.0729542 61.59845 -1.5005286931991577 0.2755472660064697
Car 0.0 0 -1.1370635032653809 443.0553283691406 159.44461059570312 493.236328125 190.9705810546875 4.5595613 2.1350708 1.7450968 -10.041871 1.2272885 51.28479 -1.33042311668396 0.27236878871917725
Car 0.0 0 -1.8760030269622803 719.23388671875 170.3692169189453 762.0433959960938 196.5641326904297 3.896736 1.6030436 1.5912429 8.276961 1.4513404 46.18694 -1.6986795663833618 0.24007196724414825
Car 0.0 0 -0.19629983603954315 661.6094360351562 180.5896453857422 717.6986083984375 201.72265625 3.9051867 1.5230508 1.6276312 5.8762774 2.109647 53.69742 -0.08730041980743408 0.2225353717803955
Car 0.0 0 1.5436195135116577 549.304931640625 172.89508056640625 567.869873046875 189.7804412841797 4.2063465 1.5428039 1.629186 -4.897287 1.5471622 68.107574 1.4718378782272339 0.2207714319229126
Car 0.0 0 1.77864670753479 320.7575378417969 177.88638305664062 352.7179870605469 197.2750701904297 4.364903 1.5712466 1.7031065 -23.432194 2.0196085 61.94462 1.4170066118240356 0.20651699602603912
Car 0.0 0 -3.5353407859802246 1074.3153076171875 174.94711303710938 1206.1036376953125 214.96258544921875 3.9411955 1.531512 1.6374104 21.156542 1.6196582 29.001854 -2.9050962924957275 0.18317121267318726
Car 0.0 0 1.8811352252960205 315.1418762207031 183.71343994140625 359.2801818847656 209.43670654296875 3.8416812 1.5423334 1.5853007 -17.69298 2.2776468 46.871758 1.5201952457427979 0.1732959747314453
Car 0.0 0 2.0174453258514404 343.8830871582031 178.24020385742188 395.60595703125 203.765625 3.9465926 1.5507628 1.6368217 -15.536817 1.9156047 46.763287 1.6966756582260132 0.16914360225200653
