Pedestrian 0.0 0 1.3178155422210693 673.3246459960938 159.9939422607422 689.9898071289062 199.0531768798828 0.85534835 1.8544881 0.6019404 3.4058049 1.2442654 34.724106 1.415584683418274 0.3462790548801422
Pedestrian 0.0 0 2.763352870941162 650.9052124023438 162.61717224121094 671.2102661132812 192.80523681640625 1.0533355 1.7680634 0.5944996 2.9862158 1.1688678 42.699593 2.833174705505371 0.29056498408317566
Pedestrian 0.0 0 -1.8983826637268066 587.646728515625 156.46885681152344 611.4066162109375 202.6551055908203 0.872162 1.8027003 0.69993514 -0.46360165 1.1635276 28.688185 -1.914541244506836 0.2835634648799896
Pedestrian 0.0 0 2.044692039489746 172.9757843017578 181.05641174316406 193.40850830078125 207.90155029296875 1.5887679 1.7505083 0.5109942 -28.620432 2.3097217 48.34947 1.5102132558822632 0.12980613112449646
Cyclist 0.0 0 1.9875283241271973 172.4512481689453 181.4693603515625 192.8807373046875 207.84188842773438 1.6557423 1.7149634 0.556189 -28.644226 2.3026507 48.3312 1.452519416809082 0.4211714267730713
Cyclist 0.0 0 2.691119432449341 648.45556640625 164.45870971679688 670.3709716796875 193.9727783203125 1.1719669 1.7277784 0.54944193 2.8908324 1.236669 42.71045 2.7587008476257324 0.2662200331687927
Car 0.0 0 2.3142454624176025 190.43215942382812 182.4675750732422 286.2992858886719 215.99981689453125 4.357596 1.4745991 1.6684655 -18.138304 1.9773448 35.381195 1.8405261039733887 0.8390125632286072
Car 0.0 0 3.0657479763031006 490.1600646972656 170.72637939453125 551.746337890625 192.7293243408203 4.534546 1.6358039 1.7259184 -6.8232074 1.4779841 54.934788 2.9421751499176025 0.5181832313537598
Car 0.0 0 2.629241466522217 317.7581787109375 176.40736389160156 390.4828796386719 201.51023864746094 4.5348034 1.6609229 1.7587471 -17.942415 1.922091 50.670815 2.2889208793640137 0.5075623989105225
Car 0.0 0 -0.5393078327178955 943.4091796875 167.89981079101562 1007.974853515625 189.38485717773438 4.1869583 1.6325535 1.6783336 28.230265 1.2564635 55.809288 -0.0710035040974617 0.37203842401504517
Car 0.0 0 2.5131871700286865 364.4013671875 176.43841552734375 437.3045654296875 202.35179138183594 4.2549043 1.5377198 1.6766478 -13.196034 1.7755952 45.61505 2.231583595275879 0.32066190242767334
Car 0.0 0 1.2883219718933105 0.0 190.17196655273438 36.25748062133789 221.5688934326172 3.8364844 1.534193 1.5722089 -32.651306 2.508897 38.872425 0.5896852016448975 0.3086395263671875
Car 0.0 0 -1.8717743158340454 703.5704345703125 167.15676879882812 737.8361206054688 187.59957885742188 4.0599475 1.6381497 1.6801169 9.13031 1.181969 59.949078 -1.7206346988677979 0.2565799057483673
