Pedestrian 0.0 0 1.002111792564392 799.6921997070312 145.10757446289062 836.4326782226562 203.1856689453125 1.0749375 1.8911289 0.7111412 6.897081 0.9880127 24.108555 1.2807536125183105 0.35439741611480713
Pedestrian 0.0 0 -1.7612704038619995 390.2024841308594 164.27505493164062 408.21563720703125 205.92657470703125 0.68887013 1.8285633 0.6504594 -9.429195 1.4522933 32.129005 -2.046734094619751 0.3414064347743988
Pedestrian 0.0 0 0.6419647932052612 367.7034912109375 146.41836547851562 402.304931640625 202.25196838378906 0.9250709 1.8859669 0.6619412 -7.7860684 0.9933729 24.835278 0.3381614685058594 0.306342750787735
Pedestrian 0.0 0 0.8034712076187134 920.3483276367188 117.1111831665039 992.8538208007812 216.928466796875 1.1562908 1.817176 0.61602503 6.5461974 0.80273443 13.778965 1.2469899654388428 0.2550925314426422
Pedestrian 0.0 0 2.133608818054199 210.83685302734375 133.37701416015625 239.32424926757812 189.4855194091797 0.793801 1.9558924 0.55328363 -13.676508 0.58011794 25.56509 1.6423795223236084 0.20523352921009064
Pedestrian 0.0 0 1.6604492664337158 241.6927032470703 136.34423828125 281.05999755859375 217.89315795898438 0.8609316 1.8328016 0.75088245 -8.129048 1.0126073 16.74929 1.2086008787155151 0.18252922594547272
Cyclist 0.0 0 0.8062704801559448 910.8948364257812 109.8817367553711 1003.4279174804688 209.3984375 1.5912207 1.7911298 0.68553823 6.570758 0.6580948 13.846849 1.2493360042572021 0.270663321018219
Cyclist 0.0 0 -1.2181661128997803 447.0145568847656 162.8240203857422 467.1115417480469 197.3839111328125 1.7911483 1.7779382 0.44736072 -8.087228 1.2623025 38.03519 -1.427670955657959 0.21293136477470398
Cyclist 0.0 0 1.0025851726531982 798.1260986328125 146.40261840820312 834.0615844726562 203.78070068359375 1.0596983 1.8727854 0.694158 6.8450117 1.0097866 24.155148 1.2787225246429443 0.19667768478393555
Cyclist 0.0 0 -0.8743847608566284 429.9629821777344 157.70166015625 456.74774169921875 191.91275024414062 1.6358122 1.7578899 0.4208991 -8.77821 0.97966576 37.897217 -1.1020026206970215 0.17545808851718903
Cyclist 0.0 0 -2.6480860710144043 386.4560241699219 165.48995971679688 412.3293762207031 206.17019653320312 0.8743638 1.7879549 0.71184456 -9.420135 1.464653 32.14857 -2.9331257343292236 0.11138106882572174
Car 0.0 0 1.5992016792297363 584.45703125 173.64837646484375 607.132568359375 193.7146453857422 4.4145203 1.5061344 1.6540133 -1.1040094 1.5711851 56.544285 1.5796794891357422 0.42285317182540894
Car 0.0 0 1.2946404218673706 608.3754272460938 178.4436798095703 640.8302001953125 198.24070739746094 4.196093 1.5487475 1.6062835 1.1488389 2.0307655 59.93856 1.3138049840927124 0.23177099227905273
Car 0.0 0 0.6117992997169495 88.23738098144531 167.8672332763672 214.146728515625 209.10614013671875 3.8180563 1.5145183 1.5784702 -17.388863 1.3317344 27.371948 0.04584145545959473 0.1577148735523224
