Pedestrian 0.0 0 0.9368577003479004 979.078857421875 133.0689239501953 1019.4854125976562 183.49786376953125 1.4460964 1.8020278 0.55749947 14.255377 0.38070557 26.535725 1.429831862449646 0.1240893080830574
Cyclist 0.0 0 1.6411528587341309 715.3595581054688 158.40025329589844 730.736083984375 201.33555603027344 1.7655563 1.7537179 0.5197613 4.728674 1.1637042 30.387379 1.7955278158187866 0.452263742685318
Cyclist 0.0 0 1.0153932571411133 979.968505859375 133.86268615722656 1017.5848388671875 183.7002410888672 1.4575471 1.7863612 0.52973807 14.273938 0.389127 26.603817 1.5078415870666504 0.24654199182987213
Cyclist 0.0 0 -2.106910467147827 905.6566772460938 185.4785614013672 932.1146240234375 218.74603271484375 1.5092207 1.5238898 0.4504349 14.682875 2.1400893 34.416992 -1.7036709785461426 0.23032699525356293
Car 0.0 0 -1.4976104497909546 593.5570678710938 169.9134063720703 630.5916137695312 199.41452026367188 4.384196 1.5318527 1.7232031 0.13299344 1.3795199 39.714855 -1.4942617416381836 0.7974423766136169
Car 0.0 0 -1.275783896446228 406.1351623535156 172.4538116455078 448.1787414550781 198.64065551757812 4.0871 1.730317 1.6960058 -12.580109 1.7042327 49.754864 -1.523435354232788 0.25733858346939087
Car 0.0 0 -2.197591781616211 791.471923828125 155.355224609375 894.1791381835938 201.9039306640625 3.5554807 1.463084 1.5254415 7.7921023 0.913434 24.603523 -1.8908789157867432 0.24043086171150208
Car 0.0 0 2.296250820159912 0.0 198.1231231689453 88.12937927246094 246.3101043701172 4.261507 1.4359039 1.6640552 -21.22875 2.4200728 25.92725 1.6101622581481934 0.24003341794013977
Car 0.0 0 -0.32936030626296997 660.4356079101562 173.02911376953125 717.5278930664062 194.34317016601562 3.8898907 1.5457331 1.6469227 5.8227034 1.5593901 53.57455 -0.22110110521316528 0.18608933687210083
Car 0.0 0 -1.5523796081542969 1003.5953369140625 156.6244354248047 1028.8900146484375 179.15908813476562 4.113519 1.7989472 1.7531693 33.678886 0.50369513 59.815186 -1.0395731925964355 0.1743892878293991
