Pedestrian 0.0 0 -0.2095029056072235 821.3396606445312 95.24042510986328 920.9987182617188 274.5700988769531 0.85843337 1.7532997 0.53320664 2.6874135 0.91131324 7.3448954 0.14125585556030273 0.6455773711204529
Pedestrian 0.0 0 -1.1201353073120117 129.9499969482422 158.78607177734375 153.67530822753906 199.97836303710938 0.75044554 1.9071164 0.678677 -21.547579 0.8564338 33.66755 -1.6894558668136597 0.26998528838157654
Pedestrian 0.0 0 1.1063697338104248 1113.964111328125 73.08932495117188 1238.0 250.7150421142578 1.7701881 1.7932225 0.57329947 6.5436473 0.7001276 8.174805 1.7813942432403564 0.12554103136062622
Cyclist 0.0 0 -1.9393534660339355 1144.62646484375 77.07826232910156 1238.0 260.3103942871094 1.7363707 1.7809229 0.5290116 6.576585 0.7673679 7.8863883 -1.2442713975906372 0.27972543239593506
Car 0.0 0 -0.832830548286438 448.6406555175781 172.35581970214844 549.990966796875 213.0757293701172 4.01634 1.4589809 1.6044725 -3.893108 1.1324005 27.845926 -0.9717390537261963 0.9089275598526001
Car 0.0 0 2.0722033977508545 326.8793029785156 182.2181854248047 391.1107482910156 211.57725524902344 3.8455815 1.4682173 1.5688661 -12.768612 1.5091007 38.049423 1.7484325170516968 0.6848357319831848
Car 0.0 0 -1.6001958847045898 545.1168212890625 171.2823486328125 571.764404296875 196.97462463378906 3.7708683 1.5522237 1.5615195 -2.7414072 0.9356658 45.344154 -1.6605801582336426 0.6392505764961243
Car 0.0 0 3.392531633377075 0.0 192.87046813964844 78.89086151123047 259.9685363769531 3.9696302 1.5010623 1.6257908 -15.880952 1.8164606 18.232515 2.6759581565856934 0.4173591434955597
Car 0.0 0 -1.4002736806869507 579.4435424804688 169.50115966796875 604.4736328125 187.0364532470703 4.0535316 1.5471975 1.6196798 -0.79596114 0.48891154 65.507645 -1.4124237298965454 0.38744428753852844
Car 0.0 0 -0.20936918258666992 0.0 157.96775817871094 128.54232788085938 202.70159912109375 4.5336037 1.8549806 1.7803849 -24.029926 0.88015133 32.077045 -0.8523142337799072 0.34652990102767944
Car 0.0 0 -1.4900739192962646 602.487060546875 167.5924530029297 625.4656372070312 187.21151733398438 3.9927979 1.5962353 1.620518 1.1152992 0.46519396 60.508953 -1.4716440439224243 0.280661940574646
